0 0.865104 0.870370 0.862500 0.871296 0.861458 0.872222 0.860417 0.874074 0.859375 0.874074 0.857812 0.875926 0.857292 0.877778 0.856771 0.879630 0.856771 0.886111 0.857292 0.890741 0.859375 0.895370 0.859375 0.896296 0.859896 0.897222 0.860938 0.898148 0.865104 0.901852 0.870313 0.901852 0.872917 0.900926 0.873958 0.900000 0.875521 0.898148 0.876563 0.896296 0.877083 0.892593 0.877083 0.881481 0.876563 0.879630 0.873958 0.875926 0.871354 0.873148 0.870313 0.872222 0.868750 0.871296 0.866146 0.870370 0.865104 0.870370
0 0.381250 0.838889 0.378646 0.839815 0.377604 0.840741 0.376563 0.841667 0.373437 0.847222 0.372917 0.849074 0.372917 0.862037 0.375521 0.869444 0.376563 0.870370 0.377604 0.871296 0.379167 0.872222 0.383333 0.872222 0.385417 0.871296 0.386979 0.870370 0.388021 0.868519 0.390625 0.862963 0.391146 0.859259 0.391146 0.849074 0.390625 0.847222 0.390104 0.845370 0.388021 0.841667 0.386979 0.840741 0.385937 0.839815 0.384375 0.838889 0.381250 0.838889
0 0.591667 0.739815 0.588021 0.740741 0.585938 0.742593 0.584896 0.743519 0.584375 0.744444 0.584375 0.745370 0.582292 0.750000 0.581771 0.751852 0.581771 0.761111 0.582292 0.762963 0.582812 0.764815 0.583854 0.767593 0.585938 0.771296 0.586979 0.772222 0.588021 0.773148 0.590625 0.774074 0.594792 0.774074 0.596354 0.773148 0.597396 0.772222 0.598958 0.769444 0.601042 0.762963 0.601562 0.761111 0.601562 0.756481 0.601042 0.750926 0.600521 0.749074 0.599479 0.746296 0.597917 0.743519 0.596875 0.742593 0.595833 0.741667 0.594271 0.740741 0.591667 0.739815
0 0.810417 0.663889 0.808333 0.664815 0.807292 0.665741 0.804167 0.670370 0.803646 0.671296 0.803125 0.673148 0.802604 0.675000 0.802083 0.677778 0.802083 0.685185 0.802604 0.687963 0.803125 0.689815 0.805208 0.693519 0.806771 0.695370 0.807813 0.696296 0.815104 0.696296 0.817187 0.695370 0.818229 0.694444 0.820833 0.691667 0.821354 0.689815 0.821875 0.687037 0.822396 0.682407 0.822396 0.677778 0.821875 0.674074 0.820833 0.671296 0.818229 0.667593 0.817187 0.666667 0.814583 0.664815 0.810417 0.663889
0 0.545833 0.465741 0.543229 0.466667 0.541667 0.468519 0.540104 0.470370 0.539062 0.473148 0.538542 0.475926 0.538542 0.485185 0.539062 0.487963 0.539583 0.490741 0.541667 0.494444 0.542708 0.495370 0.544792 0.496296 0.547917 0.496296 0.550521 0.495370 0.552604 0.494444 0.553646 0.492593 0.554167 0.490741 0.554688 0.488889 0.555729 0.484259 0.555729 0.475926 0.555729 0.474074 0.555208 0.472222 0.554688 0.470370 0.554167 0.469444 0.553125 0.468519 0.551042 0.466667 0.548958 0.465741 0.545833 0.465741
0 0.684375 0.411111 0.683333 0.412037 0.682292 0.412963 0.681771 0.413889 0.680208 0.417593 0.679688 0.419444 0.679167 0.422222 0.678646 0.425926 0.678646 0.429630 0.679167 0.433333 0.679688 0.436111 0.680208 0.438889 0.681771 0.441667 0.683854 0.442593 0.689583 0.442593 0.692187 0.440741 0.693229 0.439815 0.694271 0.437963 0.694271 0.437037 0.695833 0.434259 0.696354 0.431481 0.696875 0.428704 0.696875 0.420370 0.696354 0.417593 0.695833 0.415741 0.694792 0.413889 0.693229 0.412037 0.692187 0.411111 0.684375 0.411111
0 0.653646 0.365741 0.651563 0.366667 0.650000 0.367593 0.648438 0.369444 0.647396 0.371296 0.645833 0.376852 0.645312 0.380556 0.645312 0.387037 0.645833 0.390741 0.646354 0.392593 0.646875 0.394444 0.648438 0.397222 0.649479 0.398148 0.651042 0.399074 0.654167 0.399074 0.656771 0.398148 0.657813 0.397222 0.661458 0.390741 0.661979 0.388889 0.662500 0.386111 0.663021 0.382407 0.663021 0.377778 0.662500 0.373148 0.661458 0.370370 0.660417 0.368519 0.659375 0.367593 0.658333 0.366667 0.655729 0.365741 0.653646 0.365741
0 0.421875 0.175000 0.420833 0.175926 0.418229 0.180556 0.417708 0.187037 0.417708 0.190741 0.418229 0.198148 0.418750 0.200000 0.419271 0.201852 0.421875 0.206481 0.423438 0.207407 0.425000 0.208333 0.426563 0.208333 0.427083 0.207407 0.429167 0.207407 0.430729 0.206481 0.431771 0.205556 0.432292 0.204630 0.432812 0.202778 0.433333 0.199074 0.433854 0.195370 0.433854 0.187963 0.432812 0.181481 0.432292 0.179630 0.431771 0.178704 0.431250 0.178704 0.428646 0.175000 0.421875 0.175000
0 0.553646 0.159259 0.552083 0.160185 0.551042 0.161111 0.548958 0.164815 0.548438 0.167593 0.547917 0.170370 0.547396 0.181481 0.547917 0.184259 0.548958 0.188889 0.549479 0.190741 0.550521 0.192593 0.552083 0.193519 0.554688 0.194444 0.557813 0.194444 0.560937 0.192593 0.562500 0.188889 0.563021 0.187037 0.563542 0.185185 0.564063 0.182407 0.564063 0.171296 0.563542 0.168519 0.563021 0.166667 0.562500 0.164815 0.560417 0.161111 0.558854 0.160185 0.556771 0.159259 0.553646 0.159259
0 0.365625 0.142593 0.362500 0.146296 0.362500 0.148148 0.361979 0.149074 0.361458 0.152778 0.361458 0.157407 0.361979 0.162963 0.362500 0.164815 0.363542 0.167593 0.366146 0.172222 0.369792 0.175000 0.373958 0.175000 0.375000 0.174074 0.376042 0.173148 0.376563 0.172222 0.376563 0.171296 0.377604 0.169444 0.378125 0.167593 0.378646 0.164815 0.378646 0.159259 0.378125 0.155556 0.376563 0.150000 0.375000 0.147222 0.373437 0.145370 0.370312 0.142593 0.365625 0.142593
0 0.380208 0.076852 0.378646 0.077778 0.377604 0.078704 0.376563 0.080556 0.376042 0.082407 0.375521 0.085185 0.375000 0.087963 0.375000 0.092593 0.375521 0.095370 0.376042 0.098148 0.376563 0.100000 0.378125 0.104630 0.379688 0.108333 0.380729 0.109259 0.382292 0.110185 0.383854 0.111111 0.386979 0.111111 0.388542 0.110185 0.390625 0.108333 0.391146 0.106481 0.391667 0.097222 0.391667 0.092593 0.391146 0.089815 0.390625 0.087037 0.390104 0.085185 0.386979 0.078704 0.385417 0.077778 0.383854 0.076852 0.380208 0.076852
3 0.565104 0.361111 0.564063 0.362037 0.563542 0.362963 0.563021 0.364815 0.562500 0.370370 0.561979 0.377778 0.561979 0.397222 0.560937 0.403704 0.560937 0.411111 0.558854 0.414815 0.557813 0.415741 0.556250 0.415741 0.555729 0.414815 0.553125 0.413889 0.544792 0.413889 0.538542 0.412963 0.532292 0.411111 0.529167 0.412037 0.528646 0.413889 0.528125 0.416667 0.527604 0.425000 0.527604 0.428704 0.528125 0.431481 0.528646 0.433333 0.531250 0.435185 0.534896 0.436111 0.538542 0.436111 0.545312 0.438889 0.557292 0.438889 0.558854 0.441667 0.559375 0.444444 0.559375 0.450000 0.558854 0.463889 0.557813 0.475926 0.557813 0.477778 0.558333 0.482407 0.557813 0.494444 0.559375 0.497222 0.560417 0.498148 0.567187 0.499074 0.568229 0.498148 0.570312 0.494444 0.570833 0.490741 0.571354 0.480556 0.571875 0.468519 0.572396 0.457407 0.571875 0.450926 0.571875 0.448148 0.572396 0.446296 0.572917 0.444444 0.573958 0.442593 0.573958 0.441667 0.577604 0.440741 0.581250 0.444444 0.584896 0.445370 0.592187 0.447222 0.596354 0.448148 0.602604 0.448148 0.604688 0.446296 0.605729 0.444444 0.606250 0.442593 0.606771 0.437963 0.606771 0.428704 0.605729 0.424074 0.604688 0.423148 0.601042 0.422222 0.595833 0.421296 0.588021 0.421296 0.582812 0.419444 0.576042 0.419444 0.573958 0.417593 0.573438 0.413889 0.573438 0.410185 0.573958 0.409259 0.574479 0.403704 0.573958 0.397222 0.575000 0.386111 0.575000 0.365741 0.574479 0.363889 0.573438 0.362037 0.571354 0.361111 0.565104 0.361111
2 0.230729 0.414815 0.229687 0.415741 0.228646 0.416667 0.228125 0.417593 0.227604 0.419444 0.227083 0.425926 0.227083 0.428704 0.228125 0.432407 0.228646 0.435185 0.228125 0.437037 0.227083 0.438889 0.227083 0.442593 0.225521 0.446296 0.225000 0.450000 0.225000 0.462963 0.225521 0.467593 0.226042 0.469444 0.228646 0.474074 0.230729 0.475926 0.233854 0.473148 0.234896 0.471296 0.235417 0.469444 0.235417 0.466667 0.236458 0.463889 0.236458 0.459259 0.237500 0.455556 0.237500 0.448148 0.238542 0.441667 0.238542 0.432407 0.238021 0.429630 0.237500 0.427778 0.235937 0.425000 0.235417 0.422222 0.235417 0.418519 0.234896 0.416667 0.231771 0.414815 0.230729 0.414815
1 0.258333 0.019444 0.259375 0.023148 0.259375 0.025000 0.260937 0.028704 0.261458 0.031481 0.261458 0.036111 0.262500 0.037963 0.263542 0.038889 0.265625 0.038889 0.267188 0.040741 0.269271 0.041667 0.276562 0.041667 0.277083 0.040741 0.284375 0.040741 0.288021 0.042593 0.295833 0.043519 0.325000 0.043519 0.343750 0.044444 0.351562 0.046296 0.369792 0.046296 0.372396 0.048148 0.375521 0.047222 0.377083 0.047222 0.382812 0.047222 0.392708 0.048148 0.400521 0.050000 0.402083 0.050000 0.402604 0.049074 0.404167 0.049074 0.410417 0.050926 0.409375 0.087037 0.407292 0.087037 0.405729 0.089815 0.395833 0.077778 0.395313 0.075926 0.394792 0.075000 0.393750 0.074074 0.392708 0.075000 0.391146 0.077778 0.392708 0.080556 0.392708 0.081481 0.390625 0.083333 0.388542 0.084259 0.386979 0.084259 0.385937 0.082407 0.385417 0.080556 0.385417 0.078704 0.384375 0.076852 0.382292 0.076852 0.381250 0.077778 0.379167 0.081481 0.377604 0.083333 0.376563 0.083333 0.376563 0.087963 0.375521 0.087963 0.371875 0.086111 0.367708 0.086111 0.364063 0.087963 0.362500 0.087963 0.358333 0.085185 0.356250 0.084259 0.354167 0.084259 0.353646 0.085185 0.351042 0.085185 0.349479 0.083333 0.347917 0.083333 0.345313 0.086111 0.342708 0.087037 0.339062 0.087037 0.338021 0.086111 0.336979 0.084259 0.335938 0.083333 0.333333 0.082407 0.327083 0.082407 0.324479 0.082407 0.321875 0.080556 0.318229 0.080556 0.314583 0.079630 0.311979 0.077778 0.310417 0.076852 0.308333 0.078704 0.305208 0.078704 0.300521 0.078704 0.294792 0.077778 0.291146 0.079630 0.283854 0.080556 0.282813 0.080556 0.275521 0.079630 0.274479 0.078704 0.273438 0.077778 0.272396 0.073148 0.270833 0.072222 0.269271 0.069444 0.267708 0.069444 0.266667 0.071296 0.266667 0.074074 0.267188 0.081481 0.266146 0.084259 0.266146 0.090741 0.265104 0.095370 0.265104 0.103704 0.264062 0.108333 0.263542 0.112037 0.264062 0.116667 0.263542 0.131481 0.263021 0.134259 0.262500 0.137037 0.261458 0.138889 0.260937 0.140741 0.260937 0.144444 0.259896 0.147222 0.259896 0.156481 0.259375 0.161111 0.258333 0.164815 0.258333 0.172222 0.257292 0.175926 0.257292 0.186111 0.256250 0.190741 0.256250 0.200000 0.255208 0.202778 0.255208 0.211111 0.254167 0.214815 0.253646 0.218519 0.254167 0.223148 0.253646 0.229630 0.252604 0.234259 0.252604 0.241667 0.251563 0.247222 0.252083 0.255556 0.251042 0.264815 0.251563 0.269444 0.250521 0.273148 0.250000 0.277778 0.250000 0.283333 0.247917 0.290741 0.246354 0.299074 0.246354 0.312037 0.245312 0.316667 0.245312 0.325000 0.243750 0.334259 0.243750 0.339815 0.242708 0.343519 0.242708 0.351852 0.241146 0.359259 0.241146 0.364815 0.240104 0.367593 0.239583 0.372222 0.239063 0.382407 0.239063 0.387963 0.239583 0.388889 0.239583 0.394444 0.239063 0.398148 0.238021 0.401852 0.238021 0.407407 0.237500 0.411111 0.235937 0.413889 0.235417 0.415741 0.235417 0.417593 0.234896 0.419444 0.233333 0.420370 0.231771 0.422222 0.230729 0.422222 0.230208 0.426852 0.231250 0.428704 0.232813 0.429630 0.233333 0.431481 0.232813 0.435185 0.230729 0.438889 0.229687 0.438889 0.227604 0.442593 0.226562 0.447222 0.227083 0.452778 0.225521 0.459259 0.226042 0.462037 0.226562 0.463889 0.227083 0.464815 0.230208 0.469444 0.233333 0.472222 0.233333 0.475000 0.233333 0.476852 0.232292 0.478704 0.231771 0.480556 0.231250 0.487037 0.229167 0.496296 0.229167 0.504630 0.228125 0.510185 0.228125 0.518519 0.227083 0.522222 0.227083 0.529630 0.226562 0.535185 0.225521 0.539815 0.225521 0.541667 0.225521 0.548148 0.224479 0.551852 0.223958 0.562037 0.223958 0.576852 0.222917 0.581481 0.222396 0.584259 0.222396 0.586111 0.222396 0.594444 0.221354 0.598148 0.221875 0.601852 0.220312 0.607407 0.219792 0.611111 0.219271 0.615741 0.218750 0.620370 0.219271 0.628704 0.219271 0.630556 0.218750 0.633333 0.217708 0.636111 0.217708 0.643519 0.217188 0.648148 0.216146 0.651852 0.216146 0.659259 0.215104 0.663889 0.213542 0.677778 0.213542 0.686111 0.212500 0.688889 0.212500 0.698148 0.211458 0.702778 0.211979 0.712037 0.211979 0.715741 0.211458 0.720370 0.210417 0.724074 0.210417 0.728704 0.209375 0.733333 0.209375 0.739815 0.208333 0.744444 0.207813 0.750000 0.208333 0.753704 0.208333 0.755556 0.207292 0.758333 0.206771 0.764815 0.206771 0.777778 0.206250 0.783333 0.205208 0.786111 0.204687 0.788889 0.204687 0.797222 0.203646 0.802778 0.203125 0.809259 0.202604 0.817593 0.202604 0.828704 0.201042 0.834259 0.200521 0.840741 0.201042 0.851852 0.200000 0.855556 0.199479 0.861111 0.199479 0.867593 0.198437 0.869444 0.198958 0.881481 0.199479 0.883333 0.200000 0.884259 0.201042 0.885185 0.205208 0.887037 0.207813 0.887963 0.223958 0.887963 0.235937 0.889815 0.241667 0.891667 0.247396 0.891667 0.255729 0.890741 0.259896 0.892593 0.272396 0.893519 0.289062 0.893519 0.295312 0.895370 0.317708 0.895370 0.323437 0.897222 0.327604 0.896296 0.328646 0.896296 0.334896 0.897222 0.336979 0.899074 0.342708 0.899074 0.347917 0.900000 0.352083 0.901852 0.363021 0.900926 0.372396 0.901852 0.373437 0.901852 0.378125 0.900926 0.378646 0.901852 0.382812 0.900926 0.383854 0.900926 0.385937 0.902778 0.397396 0.903704 0.412500 0.903704 0.416667 0.905556 0.445312 0.906481 0.447396 0.906481 0.454167 0.905556 0.458854 0.907407 0.468750 0.908333 0.476042 0.907407 0.481771 0.907407 0.484896 0.909259 0.490625 0.910185 0.499479 0.910185 0.505729 0.912037 0.511458 0.911111 0.516146 0.911111 0.517708 0.912963 0.520312 0.912963 0.528646 0.912037 0.534896 0.913889 0.543750 0.913889 0.552604 0.915741 0.561979 0.914815 0.564583 0.914815 0.577083 0.914815 0.578125 0.914815 0.580729 0.916667 0.587500 0.915741 0.591667 0.915741 0.599479 0.916667 0.602083 0.918519 0.606250 0.919444 0.620313 0.920370 0.635938 0.921296 0.641667 0.921296 0.648958 0.920370 0.651042 0.922222 0.660937 0.921296 0.663021 0.923148 0.669271 0.923148 0.671354 0.925000 0.672917 0.925000 0.684375 0.924074 0.690104 0.925926 0.694271 0.925000 0.696354 0.925000 0.698438 0.926852 0.705729 0.926852 0.709896 0.928704 0.721354 0.927778 0.724479 0.928704 0.727083 0.930556 0.738021 0.929630 0.739583 0.927778 0.744792 0.927778 0.746875 0.929630 0.749479 0.930556 0.758333 0.931481 0.763021 0.931481 0.765104 0.929630 0.766146 0.929630 0.768750 0.931481 0.773958 0.930556 0.774479 0.931481 0.779687 0.931481 0.782813 0.929630 0.786458 0.929630 0.790104 0.931481 0.796354 0.932407 0.797396 0.932407 0.801562 0.931481 0.820312 0.931481 0.821875 0.931481 0.836458 0.933333 0.841146 0.933333 0.852604 0.932407 0.860417 0.933333 0.864062 0.933333 0.869792 0.932407 0.872917 0.934259 0.873958 0.934259 0.879167 0.933333 0.887500 0.934259 0.890625 0.933333 0.891667 0.931481 0.891146 0.925926 0.891667 0.918519 0.890625 0.912963 0.890625 0.910185 0.891146 0.909259 0.891146 0.905556 0.890625 0.901852 0.888542 0.898148 0.886979 0.896296 0.885938 0.896296 0.885938 0.892593 0.885417 0.891667 0.885417 0.886111 0.887500 0.884259 0.889583 0.883333 0.888542 0.882407 0.888021 0.881481 0.886458 0.881481 0.885417 0.879630 0.885417 0.876852 0.889062 0.875000 0.889583 0.873148 0.888542 0.869444 0.889062 0.865741 0.890104 0.862963 0.890625 0.851852 0.890104 0.848148 0.890625 0.847222 0.890625 0.844444 0.890625 0.837963 0.889583 0.828704 0.889583 0.826852 0.890104 0.820370 0.889062 0.816667 0.889062 0.809259 0.890104 0.805556 0.890104 0.788889 0.889062 0.774074 0.889062 0.768519 0.889583 0.750926 0.889062 0.749074 0.888021 0.747222 0.887500 0.743519 0.887500 0.739815 0.889062 0.734259 0.889062 0.732407 0.888542 0.727778 0.889062 0.726852 0.889062 0.723148 0.887500 0.720370 0.888021 0.706481 0.886979 0.702778 0.887500 0.698148 0.887500 0.695370 0.886458 0.692593 0.886458 0.688889 0.886979 0.687963 0.886979 0.685185 0.884896 0.675926 0.884896 0.673148 0.885417 0.672222 0.885417 0.670370 0.884896 0.669444 0.884896 0.666667 0.883854 0.663889 0.883854 0.659259 0.883854 0.650000 0.883854 0.646296 0.884375 0.639815 0.883854 0.637963 0.882292 0.635185 0.881771 0.633333 0.881771 0.629630 0.882812 0.629630 0.884375 0.626852 0.883854 0.620370 0.883854 0.618519 0.884896 0.615741 0.884375 0.612037 0.883333 0.610185 0.879687 0.610185 0.878646 0.603704 0.878646 0.598148 0.879687 0.595370 0.880208 0.592593 0.880208 0.590741 0.879687 0.586111 0.880208 0.576852 0.879687 0.570370 0.878646 0.567593 0.879167 0.562037 0.879167 0.559259 0.879167 0.553704 0.877083 0.550000 0.876563 0.546296 0.877604 0.543519 0.878646 0.541667 0.879687 0.540741 0.881250 0.540741 0.882292 0.538889 0.882292 0.536111 0.886979 0.536111 0.887500 0.532407 0.886458 0.529630 0.886458 0.527778 0.887500 0.525926 0.885417 0.522222 0.886458 0.519444 0.886458 0.517593 0.885938 0.515741 0.884375 0.512963 0.883333 0.512037 0.882292 0.512037 0.876563 0.512963 0.877083 0.505556 0.877083 0.503704 0.876563 0.502778 0.877083 0.500000 0.877604 0.500000 0.878646 0.498148 0.878646 0.497222 0.879687 0.496296 0.880208 0.498148 0.880208 0.500926 0.881250 0.503704 0.882812 0.506481 0.884896 0.503704 0.884896 0.500926 0.885938 0.498148 0.884375 0.494444 0.885417 0.492593 0.885938 0.490741 0.884896 0.481481 0.885938 0.478704 0.885938 0.476852 0.884896 0.475000 0.883854 0.474074 0.879167 0.475000 0.876563 0.475000 0.876042 0.473148 0.876042 0.469444 0.875000 0.467593 0.875000 0.463889 0.875521 0.461111 0.876042 0.459259 0.879687 0.458333 0.882292 0.461111 0.883333 0.462037 0.884375 0.460185 0.884896 0.457407 0.884896 0.455556 0.882812 0.452778 0.883854 0.451852 0.885417 0.450926 0.886458 0.449074 0.884375 0.447222 0.881250 0.447222 0.880729 0.448148 0.878125 0.448148 0.877604 0.447222 0.876563 0.447222 0.876042 0.445370 0.875521 0.442593 0.875521 0.440741 0.876042 0.436111 0.875521 0.435185 0.875521 0.431481 0.876042 0.430556 0.875521 0.425926 0.875521 0.424074 0.876042 0.416667 0.875000 0.411111 0.875521 0.409259 0.875521 0.407407 0.875000 0.402778 0.873958 0.399074 0.873437 0.391667 0.873437 0.388889 0.874479 0.387037 0.874479 0.385185 0.873958 0.384259 0.873958 0.382407 0.874479 0.375926 0.872917 0.373148 0.872917 0.368519 0.872917 0.355556 0.873437 0.351852 0.872917 0.349074 0.870313 0.345370 0.869792 0.337963 0.870833 0.333333 0.870313 0.328704 0.871875 0.324074 0.871354 0.321296 0.870833 0.319444 0.869792 0.317593 0.865625 0.317593 0.867708 0.315741 0.868229 0.314815 0.869271 0.313889 0.868229 0.312963 0.867708 0.312037 0.866667 0.312037 0.865625 0.310185 0.865625 0.306481 0.866146 0.304630 0.867188 0.305556 0.867708 0.307407 0.868229 0.307407 0.869792 0.304630 0.868229 0.303704 0.868750 0.298148 0.869792 0.297222 0.870313 0.295370 0.870833 0.292593 0.870833 0.284259 0.870833 0.281481 0.870313 0.279630 0.869792 0.277778 0.867708 0.276852 0.867188 0.275926 0.866146 0.275926 0.867708 0.272222 0.866146 0.269444 0.865625 0.267593 0.865104 0.264815 0.866146 0.262037 0.865104 0.258333 0.866146 0.251852 0.865625 0.250000 0.864583 0.248148 0.865104 0.246296 0.865625 0.243519 0.865625 0.238889 0.865104 0.234259 0.863021 0.230556 0.864062 0.227778 0.864062 0.225926 0.863542 0.225000 0.863542 0.223148 0.865625 0.219444 0.865625 0.216667 0.865104 0.214815 0.863542 0.212037 0.863021 0.210185 0.863021 0.208333 0.862500 0.203704 0.862500 0.200000 0.863021 0.199074 0.863021 0.196296 0.861979 0.192593 0.862500 0.186111 0.861979 0.182407 0.861979 0.175926 0.861979 0.173148 0.862500 0.164815 0.862500 0.146296 0.862500 0.142593 0.861979 0.139815 0.858333 0.133333 0.858333 0.126852 0.855729 0.122222 0.854688 0.123148 0.853125 0.124074 0.852083 0.125000 0.850521 0.122222 0.849479 0.121296 0.845833 0.121296 0.844792 0.120370 0.843750 0.119444 0.843229 0.117593 0.842708 0.114815 0.841667 0.113889 0.834896 0.112963 0.832812 0.114815 0.830729 0.114815 0.829688 0.113889 0.828125 0.111111 0.826562 0.111111 0.824479 0.115741 0.821354 0.116667 0.818750 0.115741 0.817187 0.115741 0.814583 0.117593 0.811979 0.116667 0.809896 0.115741 0.809375 0.112037 0.810937 0.111111 0.811979 0.109259 0.810417 0.106481 0.809375 0.108333 0.807813 0.110185 0.794271 0.109259 0.789062 0.108333 0.786458 0.106481 0.785417 0.106481 0.781771 0.107407 0.777083 0.106481 0.775000 0.105556 0.774479 0.102778 0.773438 0.100926 0.772396 0.100000 0.770312 0.100000 0.769792 0.099074 0.768229 0.099074 0.766146 0.103704 0.765104 0.105556 0.764583 0.105556 0.763021 0.108333 0.761979 0.109259 0.759896 0.107407 0.757292 0.107407 0.756250 0.106481 0.755729 0.105556 0.755729 0.104630 0.754167 0.104630 0.753646 0.106481 0.750000 0.106481 0.749479 0.105556 0.745313 0.106481 0.744271 0.106481 0.743229 0.105556 0.742708 0.104630 0.742708 0.103704 0.742188 0.102778 0.741667 0.102778 0.739062 0.105556 0.737500 0.107407 0.735938 0.108333 0.731250 0.107407 0.730208 0.107407 0.726562 0.108333 0.728125 0.107407 0.729167 0.105556 0.727604 0.102778 0.726562 0.102778 0.725000 0.105556 0.722396 0.105556 0.720313 0.101852 0.717708 0.102778 0.716667 0.102778 0.714063 0.100926 0.710417 0.100926 0.706771 0.098148 0.704688 0.097222 0.700521 0.098148 0.697917 0.098148 0.692708 0.097222 0.690625 0.099074 0.684896 0.099074 0.681250 0.100926 0.678125 0.100926 0.677083 0.100000 0.676562 0.099074 0.676042 0.095370 0.673438 0.097222 0.672396 0.098148 0.669792 0.099074 0.669271 0.100926 0.668750 0.103704 0.668229 0.105556 0.666146 0.105556 0.665104 0.104630 0.663542 0.105556 0.660417 0.105556 0.659375 0.103704 0.658333 0.102778 0.657292 0.102778 0.655729 0.105556 0.652604 0.104630 0.651042 0.100926 0.648958 0.100000 0.641146 0.100926 0.634896 0.100926 0.627083 0.100000 0.624479 0.098148 0.620833 0.099074 0.618750 0.099074 0.616667 0.097222 0.612500 0.096296 0.606771 0.096296 0.601562 0.095370 0.598958 0.093519 0.595313 0.094444 0.592187 0.096296 0.583333 0.096296 0.582292 0.097222 0.581250 0.100000 0.575521 0.100000 0.572917 0.100000 0.568229 0.098148 0.557292 0.098148 0.555729 0.096296 0.553646 0.095370 0.545833 0.096296 0.539583 0.094444 0.535937 0.095370 0.527604 0.094444 0.519792 0.092593 0.517708 0.092593 0.508854 0.094444 0.507292 0.093519 0.505208 0.089815 0.502604 0.093519 0.500000 0.094444 0.497396 0.094444 0.493750 0.093519 0.493229 0.094444 0.490104 0.094444 0.486458 0.092593 0.480208 0.092593 0.478646 0.091667 0.477604 0.089815 0.474479 0.089815 0.471354 0.092593 0.467187 0.093519 0.465625 0.091667 0.465625 0.089815 0.464062 0.087037 0.463021 0.087037 0.460417 0.091667 0.458854 0.091667 0.456250 0.088889 0.451042 0.088889 0.448958 0.088889 0.447917 0.089815 0.445833 0.093519 0.444792 0.093519 0.442708 0.092593 0.441146 0.094444 0.439063 0.095370 0.434896 0.095370 0.432812 0.093519 0.428125 0.093519 0.425521 0.092593 0.422396 0.090741 0.419792 0.091667 0.418229 0.092593 0.414583 0.090741 0.413542 0.091667 0.411458 0.095370 0.404167 0.095370 0.403125 0.094444 0.402604 0.089815 0.400521 0.086111 0.398438 0.086111 0.396875 0.085185 0.394271 0.081481 0.392708 0.081481 0.392708 0.080556 0.393750 0.081481 0.395833 0.077778 0.405729 0.089815 0.405208 0.091667 0.406771 0.094444 0.408854 0.094444 0.410417 0.091667 0.410417 0.088889 0.409375 0.087037 0.410417 0.050926 0.413542 0.050000 0.415104 0.050000 0.425521 0.051852 0.439063 0.052778 0.443750 0.052778 0.444271 0.051852 0.448437 0.051852 0.463021 0.053704 0.479167 0.053704 0.485417 0.055556 0.497917 0.056481 0.498958 0.056481 0.505729 0.055556 0.520312 0.056481 0.532813 0.057407 0.539583 0.059259 0.556771 0.058333 0.558333 0.058333 0.566146 0.060185 0.591667 0.060185 0.594792 0.062037 0.608333 0.062963 0.602083 0.087963 0.601562 0.090741 0.602604 0.093519 0.603646 0.091667 0.602083 0.087963 0.608333 0.062963 0.612500 0.062037 0.622917 0.062963 0.625521 0.064815 0.628646 0.065741 0.635938 0.066667 0.636979 0.066667 0.639583 0.064815 0.643229 0.064815 0.653646 0.064815 0.673958 0.065741 0.683854 0.066667 0.691146 0.068519 0.701042 0.069444 0.706250 0.068519 0.707292 0.068519 0.718229 0.069444 0.728646 0.070370 0.734375 0.072222 0.758854 0.072222 0.765625 0.074074 0.775000 0.075000 0.778646 0.074074 0.780208 0.074074 0.786979 0.075000 0.789583 0.076852 0.795833 0.076852 0.798958 0.075926 0.800521 0.075926 0.808333 0.076852 0.813542 0.078704 0.828125 0.078704 0.838021 0.079630 0.846875 0.081481 0.863021 0.081481 0.867708 0.079630 0.869271 0.078704 0.870313 0.076852 0.871354 0.072222 0.871875 0.067593 0.872917 0.065741 0.873958 0.064815 0.876563 0.063889 0.878646 0.071296 0.879167 0.074074 0.879167 0.076852 0.879687 0.079630 0.880208 0.081481 0.881250 0.083333 0.882292 0.084259 0.884896 0.086111 0.886979 0.087037 0.890104 0.087037 0.891146 0.087963 0.892188 0.093519 0.893229 0.095370 0.893229 0.101852 0.892708 0.103704 0.892188 0.105556 0.890104 0.107407 0.885938 0.107407 0.884896 0.109259 0.884896 0.114815 0.883854 0.118519 0.883854 0.125000 0.883854 0.136111 0.883854 0.138889 0.884375 0.153704 0.885938 0.171296 0.885938 0.197222 0.886979 0.200000 0.887500 0.203704 0.886979 0.209259 0.888021 0.214815 0.888021 0.220370 0.888542 0.226852 0.889583 0.229630 0.889583 0.240741 0.890625 0.243519 0.890625 0.258333 0.891146 0.272222 0.892188 0.278704 0.892188 0.292593 0.893229 0.303704 0.893229 0.314815 0.894271 0.319444 0.894271 0.324074 0.895312 0.326852 0.895312 0.332407 0.895833 0.335185 0.897917 0.338889 0.897917 0.341667 0.896354 0.344444 0.896354 0.360185 0.897396 0.362963 0.897917 0.368519 0.897917 0.370370 0.897396 0.371296 0.897396 0.374074 0.897917 0.377778 0.898958 0.379630 0.898958 0.383333 0.897917 0.387037 0.897917 0.389815 0.898438 0.400000 0.899479 0.407407 0.899479 0.411111 0.898958 0.422222 0.900000 0.426852 0.900000 0.434259 0.900521 0.438889 0.901563 0.441667 0.900521 0.445370 0.901563 0.449074 0.902083 0.453704 0.902083 0.457407 0.901563 0.458333 0.902083 0.462963 0.901563 0.467593 0.902604 0.475926 0.902604 0.477778 0.902083 0.483333 0.902604 0.485185 0.903646 0.487037 0.903125 0.500926 0.903125 0.502778 0.903646 0.503704 0.903646 0.505556 0.903125 0.506481 0.903125 0.509259 0.903646 0.512037 0.905208 0.514815 0.905208 0.516667 0.904687 0.520370 0.905208 0.527778 0.906250 0.531481 0.906250 0.533333 0.905729 0.537963 0.906771 0.540741 0.906250 0.548148 0.906250 0.550926 0.907292 0.552778 0.907292 0.564815 0.907292 0.569444 0.906250 0.574074 0.906771 0.578704 0.907813 0.580556 0.908333 0.586111 0.908333 0.592593 0.908854 0.599074 0.909375 0.602778 0.910417 0.605556 0.909375 0.609259 0.909896 0.616667 0.909896 0.621296 0.909375 0.622222 0.909375 0.626852 0.910417 0.631481 0.909896 0.636111 0.910937 0.645370 0.911458 0.665741 0.912500 0.675000 0.912500 0.676852 0.911979 0.677778 0.911979 0.679630 0.913021 0.697222 0.912500 0.701852 0.912500 0.703704 0.913021 0.711111 0.914062 0.716667 0.914062 0.718519 0.913542 0.725926 0.913542 0.730556 0.914583 0.734259 0.914062 0.749074 0.914062 0.754630 0.914062 0.763889 0.914062 0.766667 0.914583 0.772222 0.915625 0.775926 0.915104 0.781481 0.915104 0.792593 0.915104 0.794444 0.916146 0.801852 0.916146 0.813889 0.917188 0.820370 0.916667 0.822222 0.916667 0.824074 0.917708 0.827778 0.917188 0.852778 0.918229 0.858333 0.918750 0.881481 0.918750 0.886111 0.918229 0.896296 0.918750 0.904630 0.919792 0.907407 0.919271 0.911111 0.919271 0.920370 0.919271 0.923148 0.919792 0.926852 0.920312 0.927778 0.920312 0.929630 0.919792 0.930556 0.919792 0.933333 0.920833 0.936111 0.920833 0.938889 0.922917 0.939815 0.923438 0.938889 0.925521 0.938889 0.927083 0.940741 0.928646 0.940741 0.930208 0.941667 0.931250 0.942593 0.932813 0.944444 0.933854 0.947222 0.934375 0.949074 0.934375 0.953704 0.932813 0.956481 0.931771 0.957407 0.928125 0.959259 0.926042 0.960185 0.922917 0.960185 0.920833 0.962037 0.920312 0.963889 0.919792 0.966667 0.920312 0.976852 0.920312 0.981481 0.919792 0.984259 0.919271 0.987037 0.918229 0.987963 0.916146 0.987963 0.915625 0.988889 0.914062 0.988889 0.910937 0.987963 0.907813 0.987037 0.904687 0.984259 0.902604 0.982407 0.901042 0.980556 0.898438 0.975926 0.896875 0.974074 0.896354 0.974074 0.895833 0.965741 0.893750 0.962037 0.892188 0.960185 0.890625 0.959259 0.888021 0.958333 0.877083 0.957407 0.876042 0.957407 0.859375 0.959259 0.850521 0.959259 0.839063 0.957407 0.818750 0.958333 0.814583 0.957407 0.813542 0.957407 0.809896 0.958333 0.802604 0.956481 0.781250 0.956481 0.773958 0.954630 0.756771 0.955556 0.754167 0.955556 0.747396 0.953704 0.722396 0.953704 0.714583 0.951852 0.711979 0.951852 0.711458 0.952778 0.708854 0.952778 0.706250 0.950926 0.694792 0.950926 0.690104 0.949074 0.678125 0.948148 0.673958 0.948148 0.673438 0.949074 0.669271 0.949074 0.653125 0.948148 0.647917 0.946296 0.628125 0.946296 0.611458 0.945370 0.605729 0.943519 0.592187 0.943519 0.580208 0.941667 0.559375 0.941667 0.554167 0.939815 0.543229 0.939815 0.536458 0.937963 0.529167 0.938889 0.525521 0.937037 0.514062 0.936111 0.501563 0.937037 0.496354 0.935185 0.475000 0.935185 0.470313 0.933333 0.464062 0.934259 0.459375 0.934259 0.455729 0.932407 0.447917 0.931481 0.429688 0.931481 0.425000 0.929630 0.414583 0.929630 0.404167 0.927778 0.390104 0.927778 0.379688 0.926852 0.371354 0.925000 0.353646 0.925000 0.345833 0.923148 0.331250 0.922222 0.316146 0.922222 0.307812 0.921296 0.302083 0.919444 0.289062 0.918519 0.275521 0.918519 0.267188 0.916667 0.259896 0.915741 0.256250 0.916667 0.254167 0.916667 0.244271 0.915741 0.238542 0.913889 0.230729 0.912963 0.229687 0.912963 0.226562 0.913889 0.221354 0.912037 0.214583 0.912963 0.213021 0.912963 0.204687 0.911111 0.201563 0.911111 0.201042 0.912037 0.197396 0.912037 0.194792 0.912963 0.193750 0.913889 0.193229 0.914815 0.192708 0.916667 0.192708 0.921296 0.191146 0.925000 0.189062 0.928704 0.188021 0.929630 0.186979 0.929630 0.185938 0.930556 0.183333 0.933333 0.181771 0.936111 0.180208 0.937037 0.178646 0.937963 0.177604 0.937963 0.177083 0.937037 0.175000 0.936111 0.175000 0.935185 0.173958 0.933333 0.173437 0.931481 0.173437 0.912963 0.172917 0.911111 0.172396 0.910185 0.171354 0.909259 0.170833 0.909259 0.168750 0.906481 0.166667 0.905556 0.164583 0.905556 0.162500 0.903704 0.161458 0.903704 0.161458 0.901852 0.160938 0.900926 0.160417 0.897222 0.161458 0.893519 0.162500 0.892593 0.164583 0.890741 0.167708 0.889815 0.171354 0.890741 0.172396 0.888889 0.172917 0.888889 0.175000 0.885185 0.175521 0.883333 0.175521 0.875926 0.176563 0.873148 0.176563 0.871296 0.176042 0.870370 0.176042 0.868519 0.176563 0.862037 0.177604 0.858333 0.177083 0.855556 0.177604 0.850000 0.178646 0.844444 0.178646 0.837037 0.179688 0.831481 0.179688 0.825926 0.181250 0.814815 0.181771 0.808333 0.182292 0.801852 0.182292 0.793519 0.182812 0.786111 0.183854 0.783333 0.184375 0.778704 0.184896 0.772222 0.185417 0.756481 0.186458 0.750000 0.186458 0.739815 0.188021 0.733333 0.188021 0.725926 0.189062 0.721296 0.189062 0.710185 0.190625 0.705556 0.190625 0.698148 0.191667 0.692593 0.193229 0.675000 0.193229 0.666667 0.193750 0.662963 0.195312 0.657407 0.195833 0.653704 0.195833 0.639815 0.196875 0.637963 0.196875 0.632407 0.197917 0.626852 0.198437 0.619444 0.198958 0.604630 0.199479 0.598148 0.201042 0.589815 0.202083 0.581481 0.202083 0.569444 0.202604 0.562963 0.203125 0.556481 0.204167 0.553704 0.204167 0.548148 0.204687 0.543519 0.205729 0.539815 0.205729 0.528704 0.206771 0.523148 0.206771 0.515741 0.208333 0.507407 0.208854 0.502778 0.209375 0.498148 0.209375 0.488889 0.209896 0.486111 0.210938 0.484259 0.210938 0.479630 0.211979 0.475000 0.211979 0.466667 0.212500 0.461111 0.213542 0.456481 0.213542 0.448148 0.214583 0.442593 0.214062 0.434259 0.214062 0.432407 0.215104 0.428704 0.215104 0.423148 0.215625 0.418519 0.217188 0.413889 0.217188 0.403704 0.218229 0.400926 0.218750 0.388889 0.219792 0.386111 0.220312 0.377778 0.220312 0.371296 0.221875 0.359259 0.221875 0.351852 0.223438 0.342593 0.223438 0.336111 0.223958 0.331481 0.225521 0.325000 0.226042 0.318519 0.226562 0.312037 0.226562 0.305556 0.227083 0.299074 0.227604 0.292593 0.228646 0.287037 0.229167 0.282407 0.229687 0.275926 0.229167 0.269444 0.229687 0.264815 0.230729 0.261111 0.230729 0.251852 0.231771 0.249074 0.232292 0.237963 0.233333 0.234259 0.233854 0.230556 0.233854 0.225000 0.235417 0.213889 0.236458 0.203704 0.236458 0.195370 0.236979 0.188889 0.238542 0.178704 0.240104 0.162963 0.240104 0.155556 0.240625 0.148148 0.242188 0.137963 0.242188 0.125926 0.243229 0.123148 0.243229 0.121296 0.242708 0.116667 0.243229 0.112037 0.244271 0.109259 0.244792 0.099074 0.246354 0.094444 0.246354 0.087963 0.247396 0.083333 0.247396 0.074074 0.246354 0.071296 0.246354 0.067593 0.245833 0.065741 0.244792 0.063889 0.244271 0.059259 0.243229 0.058333 0.242708 0.058333 0.241667 0.057407 0.241146 0.052778 0.240104 0.050000 0.240104 0.048148 0.240625 0.045370 0.241146 0.043519 0.244271 0.043519 0.246875 0.040741 0.249479 0.039815 0.250521 0.038889 0.251563 0.037963 0.252604 0.036111 0.252604 0.033333 0.253646 0.030556 0.253646 0.026852 0.254167 0.024074 0.254688 0.021296 0.258333 0.019444
1 0.876563 0.488889 0.876563 0.495370 0.878125 0.495370 0.879687 0.490741 0.878646 0.489815 0.877604 0.489815 0.876563 0.488889
1 0.233333 0.463889 0.233333 0.464815 0.234375 0.466667 0.234375 0.462963 0.233333 0.463889
1 0.866146 0.460185 0.865104 0.461111 0.864583 0.463889 0.866667 0.464815 0.867188 0.462963 0.866146 0.460185
1 0.877083 0.453704 0.878125 0.452778 0.877604 0.450926 0.877083 0.453704
1 0.567708 0.360185 0.570833 0.361111 0.571875 0.362037 0.576042 0.369444 0.576562 0.377778 0.577083 0.377778 0.578125 0.379630 0.577604 0.384259 0.576042 0.386111 0.576042 0.389815 0.578125 0.393519 0.576042 0.397222 0.576042 0.400926 0.574479 0.402778 0.573958 0.404630 0.575000 0.406481 0.574479 0.407407 0.574479 0.413889 0.575000 0.412037 0.575000 0.409259 0.574479 0.407407 0.575000 0.406481 0.578125 0.406481 0.578646 0.412037 0.580208 0.414815 0.581250 0.415741 0.583333 0.416667 0.588021 0.419444 0.595313 0.420370 0.598958 0.419444 0.605729 0.420370 0.606771 0.421296 0.606771 0.423148 0.607292 0.424074 0.607292 0.425926 0.606771 0.426852 0.603125 0.427778 0.602083 0.425926 0.601042 0.426852 0.601562 0.430556 0.602604 0.430556 0.603125 0.427778 0.606771 0.426852 0.606771 0.429630 0.607292 0.437037 0.606771 0.443519 0.606250 0.445370 0.605208 0.447222 0.604167 0.447222 0.603125 0.449074 0.602083 0.450000 0.600521 0.450000 0.598958 0.451852 0.596875 0.449074 0.595833 0.449074 0.594271 0.446296 0.578646 0.447222 0.577083 0.447222 0.575521 0.446296 0.574479 0.444444 0.570833 0.433333 0.572396 0.431481 0.570833 0.429630 0.569271 0.431481 0.570833 0.433333 0.574479 0.444444 0.570833 0.447222 0.569792 0.449074 0.571875 0.452778 0.571354 0.455556 0.572396 0.457407 0.573438 0.462037 0.573438 0.463889 0.572396 0.467593 0.572396 0.476852 0.571354 0.479630 0.570833 0.482407 0.570833 0.486111 0.571354 0.487037 0.571354 0.490741 0.570312 0.495370 0.568750 0.496296 0.567708 0.498148 0.566667 0.499074 0.562500 0.499074 0.560417 0.498148 0.558854 0.495370 0.557813 0.494444 0.556250 0.494444 0.556250 0.492593 0.557292 0.490741 0.558333 0.490741 0.559375 0.488889 0.558333 0.486111 0.556771 0.485185 0.557813 0.480556 0.557813 0.478704 0.557292 0.477778 0.557292 0.475926 0.558333 0.474074 0.557813 0.472222 0.556250 0.470370 0.557813 0.466667 0.556771 0.464815 0.556771 0.458333 0.557292 0.457407 0.557292 0.455556 0.558854 0.452778 0.558854 0.450926 0.559896 0.449074 0.558333 0.444444 0.557292 0.442593 0.552083 0.441667 0.546875 0.442593 0.543750 0.439815 0.537500 0.439815 0.536979 0.438889 0.534375 0.438889 0.533333 0.436111 0.531250 0.435185 0.533854 0.435185 0.535937 0.437037 0.536979 0.436111 0.538021 0.434259 0.540104 0.433333 0.542708 0.433333 0.543229 0.432407 0.544271 0.431481 0.541146 0.429630 0.538542 0.429630 0.536979 0.431481 0.535937 0.431481 0.531771 0.428704 0.530208 0.428704 0.530729 0.426852 0.531250 0.426852 0.532292 0.425000 0.533333 0.422222 0.533333 0.419444 0.531771 0.415741 0.531771 0.413889 0.532292 0.412037 0.534375 0.410185 0.536458 0.410185 0.541146 0.412963 0.543750 0.413889 0.547396 0.413889 0.551042 0.412963 0.553646 0.411111 0.556771 0.412037 0.557813 0.410185 0.557292 0.408333 0.559375 0.404630 0.559896 0.399074 0.560417 0.391667 0.559896 0.382407 0.559896 0.377778 0.560417 0.375926 0.561458 0.373148 0.562500 0.371296 0.564063 0.370370 0.564583 0.367593 0.564063 0.366667 0.564063 0.364815 0.564583 0.362963 0.565104 0.362037 0.566146 0.361111 0.567708 0.360185
2 0.878646 0.437037 0.876042 0.438889 0.876042 0.439815 0.875000 0.441667 0.874479 0.443519 0.873437 0.448148 0.872917 0.451852 0.872396 0.457407 0.872396 0.469444 0.873958 0.474074 0.873958 0.482407 0.874479 0.488889 0.875521 0.495370 0.876042 0.501852 0.876563 0.511111 0.876042 0.522222 0.876563 0.524074 0.877604 0.525926 0.877604 0.534259 0.877604 0.536111 0.878125 0.538889 0.879167 0.542593 0.879687 0.544444 0.880208 0.545370 0.881250 0.546296 0.885417 0.546296 0.887500 0.545370 0.888542 0.544444 0.890104 0.541667 0.890625 0.541667 0.891667 0.539815 0.891146 0.532407 0.892188 0.529630 0.891146 0.527778 0.890104 0.526852 0.889583 0.525000 0.889062 0.515741 0.889062 0.505556 0.888021 0.495370 0.888021 0.492593 0.888542 0.491667 0.888542 0.489815 0.888542 0.484259 0.888542 0.482407 0.888542 0.474074 0.887500 0.469444 0.888021 0.455556 0.887500 0.446296 0.886979 0.442593 0.885938 0.438889 0.884896 0.437037 0.883854 0.437037 0.878646 0.437037
