0 0.820312 0.803704 0.819271 0.805556 0.816667 0.805556 0.815104 0.806481 0.814063 0.807407 0.813021 0.808333 0.810937 0.812037 0.810417 0.813889 0.810417 0.820370 0.813021 0.817593 0.816146 0.817593 0.817187 0.819444 0.818229 0.819444 0.819271 0.820370 0.819792 0.824074 0.818750 0.825926 0.817708 0.826852 0.814063 0.827778 0.818750 0.828704 0.821354 0.829630 0.822396 0.831481 0.821875 0.834259 0.825521 0.834259 0.826562 0.832407 0.828125 0.831481 0.828125 0.829630 0.829167 0.827778 0.829688 0.824074 0.829688 0.821296 0.828646 0.818519 0.827604 0.812037 0.827604 0.810185 0.825521 0.809259 0.825000 0.806481 0.822396 0.805556 0.820833 0.808333 0.819792 0.806481 0.820833 0.804630 0.821875 0.803704 0.820312 0.803704
0 0.549479 0.593519 0.546875 0.594444 0.545312 0.596296 0.544271 0.598148 0.543750 0.600000 0.543229 0.601852 0.542708 0.604630 0.542708 0.607407 0.543229 0.608333 0.543229 0.610185 0.542708 0.611111 0.542708 0.612963 0.543229 0.613889 0.543229 0.616667 0.543750 0.618519 0.546875 0.624074 0.548438 0.624074 0.550000 0.625926 0.551562 0.625926 0.553646 0.625000 0.554688 0.624074 0.555729 0.622222 0.556771 0.619444 0.557292 0.617593 0.557292 0.612963 0.558333 0.611111 0.559896 0.610185 0.559896 0.607407 0.558854 0.600000 0.557813 0.598148 0.556250 0.597222 0.553646 0.593519 0.549479 0.593519
0 0.838021 0.566667 0.834896 0.569444 0.831771 0.575000 0.831250 0.576852 0.830729 0.581481 0.831771 0.584259 0.832292 0.587963 0.832812 0.590741 0.834375 0.593519 0.835417 0.594444 0.836458 0.595370 0.838021 0.596296 0.844271 0.596296 0.846875 0.595370 0.848437 0.594444 0.849479 0.592593 0.850000 0.592593 0.850521 0.589815 0.851562 0.587963 0.852083 0.586111 0.852083 0.576852 0.851042 0.574074 0.849479 0.571296 0.847917 0.569444 0.846875 0.568519 0.845833 0.567593 0.843750 0.566667 0.838021 0.566667
0 0.691667 0.537037 0.691146 0.537963 0.689063 0.537963 0.686458 0.541667 0.685937 0.541667 0.685417 0.542593 0.684896 0.544444 0.684375 0.547222 0.683854 0.550000 0.684375 0.557407 0.684375 0.559259 0.684896 0.561111 0.685417 0.562963 0.688021 0.567593 0.689063 0.568519 0.691146 0.569444 0.696354 0.569444 0.698438 0.568519 0.699479 0.567593 0.701562 0.563889 0.702604 0.561111 0.703125 0.558333 0.703125 0.550926 0.702604 0.548148 0.702083 0.546296 0.700000 0.541667 0.699479 0.540741 0.698438 0.539815 0.697396 0.538889 0.695833 0.537963 0.693750 0.537963 0.693229 0.537037 0.691667 0.537037
0 0.657292 0.490741 0.655729 0.491667 0.654167 0.492593 0.653125 0.493519 0.650521 0.498148 0.650000 0.500926 0.650000 0.509259 0.650521 0.512037 0.651042 0.513889 0.653646 0.520370 0.654687 0.522222 0.656771 0.523148 0.660417 0.523148 0.662500 0.522222 0.664062 0.520370 0.665625 0.517593 0.667188 0.513889 0.667708 0.512037 0.668229 0.510185 0.668229 0.504630 0.667708 0.501852 0.667188 0.500000 0.666667 0.498148 0.664062 0.493519 0.663021 0.493519 0.661979 0.491667 0.660937 0.490741 0.657292 0.490741
0 0.425000 0.291667 0.423438 0.292593 0.421354 0.294444 0.419792 0.299074 0.419271 0.303704 0.419271 0.308333 0.419792 0.312037 0.420312 0.314815 0.420833 0.316667 0.421875 0.318519 0.421875 0.319444 0.422396 0.320370 0.425000 0.323148 0.430208 0.323148 0.432292 0.322222 0.435417 0.317593 0.435417 0.315741 0.435937 0.314815 0.435937 0.302778 0.435417 0.299074 0.432292 0.293519 0.431250 0.292593 0.429167 0.291667 0.425000 0.291667
0 0.556250 0.278704 0.554688 0.279630 0.553646 0.280556 0.550521 0.286111 0.550000 0.288889 0.549479 0.292593 0.549479 0.297222 0.550000 0.300926 0.550521 0.302778 0.553646 0.308333 0.554688 0.309259 0.555729 0.310185 0.559896 0.310185 0.563021 0.307407 0.564583 0.304630 0.565104 0.302778 0.565625 0.300926 0.566146 0.298148 0.566146 0.290741 0.565625 0.287963 0.564583 0.284259 0.564063 0.282407 0.563542 0.281481 0.563021 0.281481 0.561979 0.279630 0.560937 0.278704 0.556250 0.278704
0 0.263542 0.260185 0.260937 0.262037 0.258333 0.262037 0.256250 0.263889 0.255208 0.264815 0.254167 0.269444 0.254167 0.276852 0.254688 0.279630 0.255208 0.281481 0.255729 0.283333 0.256771 0.286111 0.258854 0.289815 0.264583 0.290741 0.266146 0.290741 0.268229 0.289815 0.269271 0.288889 0.270313 0.286111 0.271875 0.280556 0.271875 0.275000 0.271354 0.272222 0.270313 0.268519 0.269792 0.265741 0.267708 0.262037 0.266667 0.261111 0.265625 0.260185 0.263542 0.260185
0 0.365104 0.246296 0.363021 0.248148 0.362500 0.250926 0.361458 0.253704 0.360938 0.256481 0.360938 0.261111 0.361458 0.265741 0.362500 0.271296 0.363542 0.273148 0.364583 0.274074 0.365625 0.275000 0.368750 0.275926 0.370312 0.275926 0.370833 0.275000 0.372917 0.275000 0.375000 0.273148 0.376042 0.271296 0.376563 0.269444 0.377083 0.266667 0.377083 0.256481 0.376563 0.253704 0.373437 0.248148 0.372396 0.247222 0.370312 0.246296 0.365104 0.246296
0 0.266667 0.181481 0.265625 0.182407 0.263542 0.186111 0.263021 0.189815 0.263021 0.202778 0.264062 0.206481 0.266146 0.209259 0.267708 0.211111 0.269792 0.212037 0.272396 0.212963 0.275000 0.211111 0.276042 0.210185 0.278646 0.204630 0.279167 0.201852 0.279167 0.196296 0.278646 0.192593 0.278125 0.190741 0.277604 0.188889 0.276042 0.185185 0.274479 0.183333 0.273438 0.182407 0.272396 0.181481 0.266667 0.181481
3 0.569792 0.485185 0.567187 0.487037 0.566667 0.490741 0.566146 0.499074 0.565625 0.508333 0.566146 0.513889 0.565625 0.537037 0.565104 0.538889 0.564063 0.540741 0.553125 0.540741 0.548438 0.538889 0.542708 0.538889 0.537500 0.537037 0.535417 0.537037 0.532292 0.538889 0.531771 0.542593 0.531250 0.549074 0.531250 0.554630 0.531771 0.557407 0.532292 0.559259 0.533333 0.561111 0.535937 0.562963 0.538021 0.563889 0.541667 0.564815 0.546875 0.565741 0.560937 0.565741 0.561979 0.566667 0.563542 0.569444 0.564063 0.574074 0.563021 0.581481 0.563542 0.585185 0.563542 0.595370 0.563021 0.600926 0.563542 0.601852 0.563542 0.606481 0.563021 0.607407 0.563542 0.612963 0.562500 0.618519 0.562500 0.620370 0.563021 0.625926 0.564063 0.627778 0.565104 0.628704 0.567187 0.629630 0.570833 0.629630 0.573438 0.628704 0.574479 0.627778 0.575521 0.624074 0.575521 0.607407 0.576562 0.594444 0.576562 0.577778 0.577083 0.575000 0.577604 0.573148 0.578646 0.571296 0.580208 0.570370 0.581771 0.570370 0.585938 0.571296 0.589583 0.572222 0.591667 0.574074 0.594271 0.575000 0.597396 0.575926 0.601042 0.575926 0.603646 0.576852 0.604167 0.577778 0.605729 0.577778 0.607812 0.576852 0.608854 0.575926 0.610417 0.573148 0.610938 0.571296 0.611458 0.569444 0.611979 0.562963 0.611458 0.555556 0.611458 0.553704 0.609375 0.550000 0.606250 0.549074 0.600521 0.548148 0.595313 0.547222 0.589583 0.547222 0.584896 0.546296 0.580729 0.545370 0.579688 0.543519 0.579167 0.543519 0.578646 0.542593 0.578125 0.540741 0.578125 0.534259 0.579167 0.517593 0.578646 0.512963 0.579167 0.499074 0.578646 0.489815 0.578125 0.487963 0.577604 0.487037 0.576562 0.486111 0.575000 0.485185 0.569792 0.485185
2 0.227604 0.540741 0.226562 0.541667 0.223438 0.547222 0.222917 0.550000 0.222917 0.557407 0.222917 0.562037 0.223958 0.563889 0.222396 0.566667 0.221875 0.577778 0.222396 0.593519 0.222917 0.596296 0.223958 0.599074 0.227083 0.605556 0.230208 0.600926 0.230729 0.600000 0.230729 0.599074 0.231771 0.597222 0.232292 0.591667 0.232292 0.587963 0.233854 0.578704 0.234896 0.568519 0.235417 0.562037 0.235417 0.559259 0.234896 0.558333 0.234896 0.554630 0.233854 0.550926 0.233854 0.546296 0.232813 0.541667 0.230729 0.539815 0.227604 0.540741
1 0.567708 0.620370 0.566667 0.622222 0.570833 0.623148 0.569792 0.622222 0.569271 0.621296 0.567708 0.620370
1 0.569792 0.587963 0.570833 0.589815 0.572396 0.587963 0.571354 0.587037 0.569792 0.587963
1 0.581250 0.561111 0.580208 0.562037 0.579167 0.562963 0.579167 0.568519 0.580208 0.569444 0.582292 0.569444 0.583333 0.568519 0.584375 0.567593 0.584896 0.566667 0.584896 0.565741 0.585417 0.563889 0.584896 0.561111 0.581250 0.561111
1 0.579688 0.549074 0.580208 0.554630 0.581250 0.555556 0.582292 0.554630 0.582812 0.550926 0.581771 0.546296 0.579688 0.549074
1 0.577083 0.524074 0.577083 0.525926 0.578125 0.525926 0.578125 0.523148 0.577083 0.524074
1 0.862500 0.284259 0.862500 0.287037 0.863542 0.286111 0.862500 0.284259
1 0.258333 0.130556 0.259375 0.132407 0.259375 0.135185 0.259896 0.137963 0.260937 0.139815 0.260937 0.147222 0.261458 0.150000 0.263542 0.151852 0.265625 0.151852 0.267708 0.153704 0.271875 0.154630 0.282813 0.154630 0.288542 0.156481 0.301042 0.156481 0.314583 0.157407 0.317708 0.159259 0.321875 0.158333 0.331250 0.160185 0.346875 0.160185 0.353125 0.162037 0.362500 0.162037 0.367708 0.163889 0.385417 0.163889 0.397396 0.164815 0.406250 0.166667 0.415104 0.167593 0.431250 0.167593 0.439583 0.168519 0.445833 0.170370 0.467187 0.170370 0.475000 0.172222 0.491146 0.174074 0.503125 0.174074 0.507812 0.175926 0.518229 0.176852 0.534375 0.176852 0.550000 0.177778 0.562500 0.179630 0.576562 0.179630 0.589583 0.180556 0.601562 0.181481 0.606771 0.183333 0.617188 0.184259 0.634896 0.184259 0.647917 0.186111 0.660937 0.186111 0.668750 0.187037 0.675521 0.188889 0.685417 0.189815 0.697917 0.189815 0.705208 0.191667 0.718229 0.192593 0.732812 0.192593 0.743229 0.194444 0.757292 0.194444 0.770312 0.195370 0.778125 0.197222 0.785937 0.198148 0.798958 0.198148 0.808333 0.199074 0.816667 0.200926 0.827604 0.201852 0.839063 0.201852 0.846354 0.202778 0.849479 0.204630 0.857292 0.204630 0.859375 0.203704 0.861458 0.202778 0.862500 0.201852 0.863542 0.200926 0.865625 0.196296 0.866667 0.194444 0.870313 0.188889 0.871354 0.187963 0.873958 0.186111 0.876042 0.185185 0.877083 0.186111 0.877083 0.187037 0.878125 0.188889 0.878646 0.192593 0.879167 0.195370 0.879167 0.199074 0.880729 0.201852 0.883854 0.202778 0.883854 0.203704 0.884896 0.206481 0.885938 0.208333 0.886979 0.209259 0.889583 0.209259 0.890625 0.210185 0.891667 0.211111 0.893229 0.212963 0.893750 0.215741 0.893229 0.217593 0.893229 0.218519 0.892708 0.219444 0.890625 0.222222 0.887500 0.221296 0.885417 0.224074 0.883854 0.229630 0.883854 0.256481 0.884375 0.270370 0.885417 0.282407 0.885417 0.294444 0.886458 0.302778 0.885938 0.307407 0.888021 0.314815 0.888542 0.318519 0.888021 0.324074 0.889583 0.327778 0.889062 0.331481 0.890104 0.339815 0.890625 0.350000 0.890625 0.364815 0.891146 0.374074 0.891667 0.383333 0.892708 0.389815 0.892708 0.400000 0.893750 0.408333 0.895312 0.414815 0.894792 0.421296 0.895833 0.424074 0.895833 0.431481 0.896875 0.435185 0.896354 0.448148 0.897396 0.451852 0.897396 0.464815 0.891146 0.459259 0.890104 0.457407 0.890104 0.461111 0.891146 0.459259 0.897396 0.464815 0.898438 0.470370 0.898438 0.476852 0.899479 0.482407 0.899479 0.488889 0.900521 0.493519 0.900000 0.500000 0.900000 0.504630 0.901563 0.512037 0.902083 0.523148 0.901563 0.531481 0.902083 0.533333 0.902604 0.538889 0.903646 0.542593 0.903125 0.545370 0.904167 0.548148 0.904167 0.567593 0.904687 0.573148 0.905729 0.577778 0.905729 0.589815 0.906771 0.598148 0.906250 0.603704 0.906771 0.610185 0.907292 0.616667 0.908333 0.620370 0.907813 0.628704 0.908854 0.632407 0.908333 0.642593 0.908333 0.644444 0.909375 0.646296 0.909896 0.658333 0.910937 0.662037 0.911458 0.672222 0.911979 0.701852 0.911979 0.705556 0.911458 0.712037 0.913021 0.722222 0.913542 0.727778 0.914062 0.732407 0.914062 0.736111 0.913542 0.737037 0.913542 0.740741 0.914583 0.743519 0.914583 0.755556 0.915625 0.760185 0.915104 0.764815 0.915625 0.771296 0.916667 0.775926 0.916667 0.789815 0.916146 0.795370 0.916146 0.797222 0.916667 0.798148 0.917708 0.806481 0.918229 0.811111 0.918229 0.818519 0.917708 0.822222 0.917188 0.823148 0.917188 0.825000 0.911458 0.828704 0.910937 0.825000 0.910937 0.823148 0.910417 0.819444 0.907292 0.820370 0.908333 0.821296 0.908854 0.822222 0.910937 0.823148 0.910937 0.825000 0.909896 0.827778 0.911458 0.828704 0.917188 0.825000 0.917708 0.825926 0.918229 0.829630 0.918750 0.838889 0.919271 0.847222 0.919271 0.865741 0.920312 0.869444 0.919792 0.877778 0.912500 0.875926 0.911458 0.870370 0.910937 0.866667 0.908333 0.864815 0.907292 0.868519 0.908333 0.870370 0.911458 0.870370 0.912500 0.875926 0.909896 0.875926 0.910937 0.877778 0.912500 0.875926 0.919792 0.877778 0.919792 0.881481 0.920312 0.894444 0.921354 0.897222 0.921875 0.900000 0.921875 0.901852 0.921354 0.905556 0.920833 0.906481 0.920833 0.908333 0.921875 0.911111 0.922396 0.916667 0.922917 0.924074 0.922396 0.931481 0.922396 0.936111 0.922917 0.937037 0.922917 0.942593 0.921875 0.948148 0.922917 0.951852 0.922917 0.964815 0.923438 0.977778 0.924479 0.979630 0.925000 0.982407 0.925000 0.994444 0.924479 0.995370 0.924479 0.999074 0.902604 0.999074 0.900521 0.996296 0.899479 0.994444 0.900000 0.992593 0.901042 0.990741 0.901563 0.988889 0.902083 0.986111 0.902083 0.982407 0.901563 0.981481 0.901563 0.976852 0.898958 0.969444 0.898958 0.966667 0.900000 0.962963 0.899479 0.954630 0.899479 0.951852 0.900000 0.945370 0.898958 0.942593 0.898958 0.937037 0.899479 0.936111 0.899479 0.931481 0.898958 0.924074 0.900000 0.921296 0.900000 0.917593 0.897917 0.914815 0.897917 0.910185 0.896875 0.908333 0.898438 0.904630 0.897396 0.900926 0.897917 0.897222 0.897396 0.895370 0.897396 0.893519 0.898438 0.891667 0.898438 0.889815 0.896875 0.887037 0.897917 0.883333 0.898438 0.879630 0.898438 0.876852 0.897396 0.875000 0.896875 0.875000 0.895833 0.873148 0.895833 0.867593 0.896875 0.862963 0.896875 0.861111 0.896354 0.853704 0.897396 0.851852 0.895312 0.846296 0.895312 0.834259 0.894271 0.832407 0.893750 0.821296 0.894792 0.812037 0.894792 0.808333 0.893229 0.804630 0.892708 0.801852 0.892708 0.799074 0.893229 0.794444 0.892188 0.787963 0.892188 0.783333 0.893229 0.769444 0.893229 0.767593 0.892188 0.763889 0.891667 0.759259 0.892188 0.753704 0.891667 0.752778 0.892188 0.748148 0.891146 0.745370 0.891146 0.742593 0.891667 0.741667 0.891667 0.738889 0.899479 0.738889 0.900000 0.742593 0.901042 0.743519 0.903125 0.741667 0.903125 0.738889 0.903125 0.737963 0.903125 0.737037 0.905208 0.736111 0.905208 0.734259 0.904167 0.732407 0.903125 0.734259 0.903125 0.737037 0.903125 0.737963 0.900521 0.737037 0.899479 0.738889 0.891667 0.738889 0.890104 0.732407 0.890104 0.721296 0.889062 0.717593 0.889062 0.714815 0.890104 0.709259 0.890104 0.707407 0.889583 0.695370 0.888021 0.690741 0.888021 0.682407 0.889062 0.680556 0.890104 0.678704 0.891667 0.678704 0.892188 0.679630 0.894271 0.679630 0.896354 0.675926 0.899479 0.675000 0.900521 0.674074 0.902083 0.671296 0.898438 0.664815 0.896875 0.663889 0.895833 0.662037 0.896875 0.659259 0.897917 0.659259 0.898958 0.657407 0.897917 0.655556 0.896875 0.654630 0.894271 0.654630 0.890104 0.647222 0.892708 0.643519 0.890625 0.637037 0.890625 0.635185 0.891146 0.633333 0.892708 0.632407 0.894271 0.629630 0.893750 0.627778 0.892708 0.621296 0.892708 0.618519 0.893750 0.616667 0.893750 0.614815 0.892708 0.612963 0.892188 0.611111 0.892188 0.609259 0.890625 0.605556 0.892188 0.601852 0.891146 0.599074 0.891667 0.594444 0.890625 0.592593 0.890104 0.592593 0.890104 0.589815 0.890625 0.589815 0.891667 0.587963 0.889062 0.578704 0.889062 0.576852 0.890104 0.574074 0.885417 0.569444 0.882292 0.568519 0.881250 0.567593 0.880208 0.565741 0.879687 0.563889 0.880208 0.559259 0.879687 0.552778 0.878646 0.550926 0.880208 0.546296 0.879687 0.542593 0.881250 0.539815 0.881250 0.537963 0.882812 0.535185 0.883333 0.533333 0.883854 0.532407 0.884896 0.534259 0.887500 0.535185 0.890625 0.535185 0.892188 0.532407 0.883854 0.532407 0.883333 0.533333 0.880208 0.530556 0.879167 0.528704 0.879167 0.526852 0.877604 0.524074 0.877083 0.522222 0.878125 0.518519 0.878125 0.516667 0.877604 0.515741 0.877604 0.513889 0.878125 0.502778 0.877604 0.498148 0.878646 0.494444 0.881250 0.494444 0.888542 0.490741 0.890104 0.492593 0.891146 0.490741 0.890104 0.487963 0.888542 0.490741 0.881250 0.494444 0.880208 0.492593 0.878646 0.494444 0.877604 0.498148 0.876563 0.496296 0.876042 0.494444 0.876563 0.485185 0.876563 0.471296 0.876563 0.469444 0.875521 0.459259 0.876042 0.451852 0.875521 0.447222 0.875000 0.444444 0.873437 0.442593 0.872917 0.439815 0.872396 0.426852 0.872396 0.424074 0.872917 0.423148 0.872917 0.420370 0.872396 0.417593 0.870833 0.414815 0.871354 0.404630 0.871354 0.401852 0.870313 0.397222 0.871875 0.394444 0.873437 0.393519 0.871875 0.391667 0.871875 0.389815 0.873437 0.387037 0.872396 0.383333 0.873437 0.381481 0.873958 0.381481 0.875000 0.379630 0.873958 0.378704 0.872917 0.376852 0.871354 0.371296 0.871354 0.368519 0.872396 0.366667 0.871875 0.363889 0.870833 0.361111 0.869792 0.359259 0.869271 0.359259 0.868229 0.357407 0.867708 0.347222 0.867188 0.347222 0.866667 0.346296 0.866146 0.344444 0.866146 0.338889 0.866667 0.337037 0.869792 0.337037 0.871875 0.341667 0.873437 0.341667 0.875000 0.340741 0.876563 0.339815 0.877604 0.337963 0.874479 0.336111 0.872917 0.333333 0.869271 0.333333 0.868229 0.331481 0.867708 0.328704 0.867708 0.326852 0.868750 0.325926 0.871875 0.325926 0.877083 0.326852 0.878646 0.324074 0.877604 0.322222 0.875000 0.321296 0.871354 0.322222 0.868750 0.322222 0.867188 0.320370 0.866146 0.318519 0.865104 0.314815 0.865104 0.312963 0.865625 0.299074 0.865625 0.295370 0.864583 0.293519 0.864583 0.288889 0.866146 0.288889 0.867708 0.287037 0.868750 0.287037 0.868750 0.291667 0.868229 0.293519 0.870313 0.294444 0.868750 0.291667 0.868750 0.287037 0.868750 0.281481 0.867708 0.280556 0.866146 0.279630 0.864062 0.278704 0.863542 0.276852 0.863021 0.274074 0.863542 0.269444 0.863542 0.267593 0.862500 0.262037 0.862500 0.252778 0.861979 0.250000 0.861458 0.248148 0.859896 0.244444 0.859896 0.240741 0.858333 0.237963 0.857292 0.237037 0.854688 0.237037 0.853125 0.238889 0.850521 0.238889 0.844792 0.236111 0.839583 0.235185 0.831771 0.234259 0.825521 0.235185 0.823438 0.235185 0.816146 0.233333 0.811979 0.234259 0.809896 0.234259 0.806771 0.232407 0.801562 0.232407 0.796354 0.230556 0.788542 0.229630 0.776563 0.228704 0.772917 0.228704 0.764062 0.229630 0.760417 0.227778 0.755729 0.228704 0.753125 0.228704 0.747917 0.227778 0.744792 0.225926 0.736979 0.226852 0.736458 0.225926 0.729167 0.226852 0.725521 0.226852 0.721875 0.225926 0.718750 0.224074 0.706771 0.225000 0.700000 0.225000 0.694792 0.224074 0.692708 0.222222 0.691146 0.222222 0.674479 0.223148 0.666146 0.222222 0.661979 0.220370 0.658333 0.221296 0.657292 0.221296 0.651042 0.219444 0.645833 0.220370 0.643229 0.220370 0.640625 0.218519 0.634375 0.217593 0.611979 0.217593 0.608854 0.216667 0.605729 0.213889 0.599479 0.213889 0.594792 0.212963 0.592187 0.210185 0.591146 0.210185 0.589583 0.212963 0.584896 0.212963 0.582812 0.212037 0.580729 0.210185 0.574479 0.210185 0.573958 0.211111 0.567187 0.211111 0.561979 0.212963 0.559375 0.212963 0.552083 0.211111 0.548958 0.211111 0.548438 0.212037 0.544792 0.212037 0.540104 0.210185 0.532813 0.209259 0.528646 0.209259 0.528125 0.210185 0.523958 0.210185 0.517708 0.208333 0.510417 0.207407 0.503125 0.206481 0.499479 0.206481 0.498958 0.207407 0.495312 0.207407 0.485938 0.205556 0.475521 0.204630 0.470833 0.205556 0.469792 0.205556 0.453125 0.203704 0.451562 0.203704 0.451042 0.204630 0.449479 0.204630 0.446354 0.202778 0.440625 0.202778 0.439063 0.200926 0.433333 0.200000 0.431771 0.200000 0.429688 0.201852 0.418750 0.200926 0.417187 0.200926 0.413021 0.201852 0.405729 0.200000 0.401042 0.200926 0.391667 0.200000 0.388021 0.199074 0.384896 0.197222 0.360417 0.197222 0.356250 0.195370 0.338542 0.195370 0.335417 0.193519 0.323437 0.193519 0.320833 0.191667 0.317708 0.190741 0.290104 0.191667 0.288542 0.191667 0.286979 0.190741 0.284896 0.187037 0.283854 0.186111 0.280208 0.186111 0.275521 0.181481 0.273438 0.179630 0.271354 0.179630 0.269792 0.181481 0.266667 0.181481 0.266146 0.178704 0.264583 0.182407 0.262500 0.186111 0.261979 0.187963 0.261979 0.193519 0.262500 0.199074 0.264062 0.203704 0.264583 0.206481 0.263542 0.208333 0.263542 0.209259 0.263542 0.219444 0.262500 0.223148 0.262500 0.225000 0.263021 0.230556 0.262500 0.234259 0.261458 0.237037 0.260417 0.243519 0.260417 0.247222 0.259375 0.250926 0.258854 0.252778 0.257292 0.253704 0.256771 0.258333 0.254688 0.262037 0.253125 0.265741 0.253646 0.272222 0.253125 0.277778 0.252604 0.277778 0.251563 0.279630 0.251042 0.281481 0.251042 0.286111 0.255208 0.287037 0.256771 0.288889 0.256250 0.292593 0.257292 0.296296 0.255729 0.300000 0.255729 0.304630 0.255208 0.308333 0.253646 0.315741 0.253646 0.323148 0.252604 0.328704 0.252604 0.337037 0.251563 0.344444 0.251042 0.355556 0.251563 0.363889 0.251563 0.369444 0.250521 0.372222 0.250521 0.379630 0.248958 0.382407 0.248958 0.387037 0.247396 0.390741 0.247396 0.394444 0.246875 0.397222 0.245312 0.402778 0.245312 0.410185 0.244271 0.414815 0.243750 0.420370 0.243750 0.428704 0.243229 0.433333 0.242188 0.437963 0.241667 0.442593 0.242188 0.448148 0.241146 0.451852 0.241146 0.458333 0.240625 0.463889 0.239583 0.465741 0.239583 0.476852 0.239063 0.482407 0.233333 0.480556 0.231250 0.476852 0.230729 0.476852 0.230729 0.471296 0.229687 0.473148 0.230208 0.475000 0.230729 0.476852 0.231250 0.476852 0.230208 0.476852 0.229167 0.477778 0.228125 0.479630 0.228646 0.486111 0.229687 0.487037 0.230729 0.487037 0.232292 0.484259 0.232813 0.482407 0.233333 0.480556 0.239063 0.482407 0.238542 0.487037 0.237500 0.490741 0.236979 0.498148 0.237500 0.503704 0.235937 0.512037 0.235417 0.522222 0.235937 0.525000 0.235417 0.532407 0.234896 0.534259 0.234375 0.536111 0.233854 0.537037 0.233333 0.537037 0.232292 0.538889 0.228646 0.541667 0.227083 0.543519 0.225000 0.547222 0.225000 0.548148 0.223958 0.550000 0.226562 0.553704 0.226562 0.555556 0.227604 0.557407 0.229687 0.557407 0.229687 0.559259 0.228646 0.561111 0.227083 0.561111 0.225521 0.564815 0.223438 0.567593 0.222917 0.571296 0.222396 0.574074 0.222917 0.579630 0.222917 0.582407 0.222396 0.583333 0.222396 0.586111 0.222917 0.588889 0.222396 0.590741 0.222396 0.592593 0.226042 0.598148 0.226562 0.601852 0.227604 0.605556 0.227604 0.611111 0.227083 0.615741 0.226042 0.618519 0.225521 0.625000 0.225521 0.632407 0.223958 0.638889 0.222396 0.650000 0.222917 0.656481 0.222917 0.658333 0.221354 0.662963 0.220833 0.665741 0.220312 0.668519 0.220312 0.673148 0.219271 0.675000 0.218750 0.680556 0.218750 0.685185 0.217708 0.688889 0.217188 0.695370 0.217188 0.702778 0.216667 0.710185 0.216146 0.714815 0.214583 0.721296 0.214583 0.729630 0.213542 0.742593 0.213021 0.749074 0.211458 0.756481 0.210417 0.762037 0.210938 0.766667 0.210417 0.784259 0.209896 0.796296 0.209375 0.799074 0.208333 0.801852 0.207813 0.807407 0.207292 0.812963 0.206771 0.818519 0.207292 0.824074 0.206250 0.827778 0.206250 0.832407 0.205208 0.835185 0.204687 0.840741 0.204687 0.845370 0.203646 0.850000 0.203646 0.855556 0.202604 0.861111 0.202604 0.875000 0.202083 0.878704 0.201563 0.882407 0.200521 0.885185 0.200000 0.896296 0.200000 0.907407 0.198958 0.911111 0.198437 0.917593 0.197917 0.924074 0.197917 0.937037 0.196354 0.949074 0.195833 0.955556 0.195833 0.962963 0.194792 0.967593 0.194271 0.972222 0.194271 0.979630 0.194271 0.983333 0.193229 0.987037 0.193229 0.993519 0.191667 0.996296 0.191146 0.996296 0.190104 0.999074 0.172917 0.999074 0.172917 0.997222 0.172396 0.996296 0.172396 0.987037 0.173437 0.982407 0.173437 0.974074 0.174479 0.970370 0.175000 0.963889 0.175521 0.957407 0.175521 0.945370 0.176563 0.941667 0.176563 0.932407 0.177604 0.928704 0.177604 0.917593 0.178646 0.911111 0.178125 0.909259 0.178125 0.907407 0.178646 0.902778 0.179688 0.898148 0.179688 0.889815 0.181250 0.879630 0.181771 0.868519 0.182812 0.864815 0.183333 0.860185 0.183854 0.850926 0.184896 0.846296 0.185417 0.839815 0.185417 0.832407 0.185938 0.824074 0.187500 0.809259 0.189062 0.800926 0.189062 0.791667 0.189583 0.783333 0.190104 0.779630 0.191146 0.776852 0.191667 0.768519 0.191667 0.762037 0.192188 0.753704 0.193750 0.743519 0.193750 0.735185 0.194271 0.726852 0.194792 0.723148 0.196354 0.716667 0.196354 0.710185 0.196875 0.706481 0.197396 0.701852 0.198437 0.699074 0.198958 0.692593 0.198958 0.686111 0.200000 0.675926 0.200521 0.670370 0.202083 0.664815 0.202604 0.662037 0.202604 0.652778 0.203125 0.647222 0.203646 0.643519 0.204687 0.638889 0.205208 0.636111 0.205208 0.630556 0.204687 0.625926 0.205729 0.623148 0.205729 0.614815 0.206250 0.610185 0.207292 0.601852 0.208333 0.598148 0.208854 0.592593 0.208854 0.584259 0.209896 0.581481 0.209896 0.575000 0.211458 0.565741 0.211458 0.560185 0.212500 0.554630 0.212500 0.549074 0.213021 0.544444 0.213542 0.539815 0.214583 0.536111 0.214583 0.529630 0.215625 0.525926 0.215625 0.519444 0.217188 0.507407 0.217188 0.500000 0.218229 0.497222 0.218229 0.488889 0.219271 0.485185 0.219792 0.479630 0.219792 0.473148 0.220833 0.469444 0.221354 0.463889 0.221354 0.457407 0.221875 0.451852 0.223438 0.442593 0.223438 0.437037 0.224479 0.431481 0.224479 0.425000 0.225000 0.421296 0.226042 0.417593 0.226562 0.413889 0.227083 0.409259 0.227604 0.396296 0.228125 0.390741 0.229167 0.387963 0.229687 0.376852 0.230729 0.374074 0.230729 0.362037 0.231771 0.359259 0.231771 0.352778 0.233333 0.340741 0.233333 0.334259 0.234375 0.324074 0.235937 0.313889 0.235937 0.307407 0.237500 0.294444 0.238542 0.290741 0.238542 0.283333 0.239063 0.277778 0.240104 0.273148 0.240625 0.263889 0.240625 0.253704 0.242188 0.247222 0.242708 0.242593 0.243229 0.229630 0.243750 0.223148 0.244792 0.220370 0.244271 0.212037 0.244792 0.209259 0.245833 0.207407 0.246354 0.205556 0.246354 0.200926 0.247917 0.194444 0.247917 0.187963 0.247396 0.185185 0.246354 0.180556 0.245833 0.178704 0.245312 0.177778 0.242708 0.175000 0.239583 0.168519 0.239583 0.165741 0.238021 0.161111 0.238021 0.157407 0.239063 0.155556 0.239063 0.154630 0.239583 0.153704 0.240625 0.152778 0.242708 0.151852 0.248438 0.151852 0.250000 0.150926 0.252083 0.147222 0.252604 0.145370 0.253125 0.141667 0.253646 0.136111 0.254167 0.133333 0.254688 0.131481 0.255729 0.130556 0.258333 0.130556
2 0.893750 0.649074 0.890625 0.653704 0.889062 0.654630 0.889062 0.657407 0.888021 0.661111 0.888021 0.664815 0.887500 0.665741 0.887500 0.668519 0.888021 0.675000 0.889583 0.677778 0.891667 0.677778 0.893750 0.676852 0.895833 0.675000 0.896875 0.670370 0.896354 0.666667 0.896875 0.665741 0.896875 0.662963 0.896354 0.653704 0.895312 0.651852 0.894792 0.651852 0.893750 0.649074
2 0.880729 0.566667 0.879687 0.567593 0.878646 0.569444 0.877604 0.572222 0.876042 0.577778 0.877083 0.583333 0.877083 0.586111 0.876563 0.591667 0.878125 0.594444 0.878646 0.600000 0.878646 0.607407 0.879167 0.612963 0.879687 0.616667 0.880208 0.620370 0.880729 0.623148 0.882292 0.625926 0.882292 0.627778 0.881771 0.629630 0.882812 0.632407 0.883333 0.637963 0.887500 0.641667 0.888021 0.639815 0.888021 0.632407 0.889062 0.629630 0.889583 0.623148 0.889062 0.619444 0.889583 0.617593 0.891146 0.614815 0.891667 0.612037 0.891146 0.606481 0.891146 0.603704 0.891667 0.596296 0.890625 0.592593 0.890625 0.589815 0.891146 0.588889 0.891146 0.585185 0.892188 0.580556 0.892188 0.575926 0.891667 0.571296 0.890625 0.569444 0.889583 0.568519 0.888542 0.567593 0.885417 0.566667 0.880729 0.566667
