0 0.839583 0.858333 0.837500 0.859259 0.835938 0.860185 0.834896 0.861111 0.834375 0.862037 0.833854 0.863889 0.833333 0.865741 0.832812 0.868519 0.832812 0.870370 0.833333 0.876852 0.834375 0.882407 0.835417 0.884259 0.836979 0.885185 0.837500 0.886111 0.837500 0.887037 0.839583 0.888889 0.841146 0.889815 0.846354 0.889815 0.849479 0.887037 0.851562 0.883333 0.852083 0.878704 0.852083 0.875000 0.851042 0.873148 0.851042 0.869444 0.850521 0.867593 0.850000 0.865741 0.848958 0.862963 0.847396 0.862037 0.845833 0.860185 0.842187 0.858333 0.839583 0.858333
0 0.355208 0.847222 0.352083 0.848148 0.348958 0.853704 0.348438 0.855556 0.347917 0.859259 0.347917 0.869444 0.348438 0.871296 0.348958 0.873148 0.350000 0.875000 0.350000 0.875926 0.350521 0.876852 0.351042 0.876852 0.352083 0.878704 0.354167 0.879630 0.358854 0.879630 0.359896 0.878704 0.360938 0.877778 0.362500 0.875926 0.365104 0.871296 0.365625 0.869444 0.366146 0.862963 0.366146 0.861111 0.365625 0.855556 0.363542 0.851852 0.363542 0.850926 0.361979 0.848148 0.360417 0.847222 0.355208 0.847222
0 0.562500 0.738889 0.559896 0.739815 0.558333 0.741667 0.556771 0.744444 0.556250 0.746296 0.555729 0.748148 0.555208 0.750926 0.555208 0.758333 0.556250 0.762037 0.556771 0.764815 0.559896 0.770370 0.560937 0.771296 0.562500 0.772222 0.568229 0.772222 0.569792 0.770370 0.571354 0.767593 0.571875 0.764815 0.573438 0.762037 0.573438 0.750926 0.572917 0.748148 0.571875 0.745370 0.570312 0.742593 0.568750 0.740741 0.567187 0.739815 0.564583 0.738889 0.562500 0.738889
0 0.406771 0.675000 0.405208 0.675926 0.404167 0.676852 0.403125 0.678704 0.402083 0.681481 0.401562 0.683333 0.401042 0.685185 0.401042 0.695370 0.402604 0.700926 0.403125 0.702778 0.403646 0.703704 0.404687 0.704630 0.406771 0.706481 0.411458 0.706481 0.414062 0.704630 0.415104 0.703704 0.416146 0.701852 0.416146 0.700926 0.417708 0.698148 0.418229 0.696296 0.418750 0.690741 0.418750 0.688889 0.418229 0.683333 0.417708 0.681481 0.416146 0.678704 0.414062 0.675926 0.412500 0.675000 0.406771 0.675000
0 0.779687 0.654630 0.778646 0.655556 0.777604 0.656481 0.775000 0.661111 0.774479 0.663889 0.773958 0.668519 0.774479 0.674074 0.775000 0.675926 0.775521 0.677778 0.777083 0.680556 0.779167 0.683333 0.780729 0.684259 0.782813 0.685185 0.786458 0.685185 0.790625 0.681481 0.793229 0.676852 0.793229 0.664815 0.792708 0.662963 0.791146 0.660185 0.786979 0.655556 0.785417 0.654630 0.779687 0.654630
0 0.516146 0.469444 0.515104 0.470370 0.514062 0.471296 0.512500 0.473148 0.511458 0.475000 0.510938 0.476852 0.510417 0.478704 0.510417 0.488889 0.510938 0.491667 0.511458 0.494444 0.513542 0.498148 0.514583 0.499074 0.516667 0.500000 0.519792 0.500000 0.521354 0.499074 0.522917 0.498148 0.523958 0.497222 0.525000 0.495370 0.525521 0.495370 0.526042 0.494444 0.526563 0.492593 0.527083 0.486111 0.527083 0.479630 0.524479 0.474074 0.522917 0.471296 0.521875 0.470370 0.519792 0.469444 0.516146 0.469444
0 0.654687 0.409259 0.653125 0.410185 0.651563 0.411111 0.648958 0.415741 0.647917 0.418519 0.647396 0.420370 0.647396 0.425000 0.647917 0.428704 0.648438 0.430556 0.651042 0.435185 0.652604 0.437037 0.654167 0.438889 0.657813 0.438889 0.660937 0.436111 0.664583 0.429630 0.665104 0.426852 0.665104 0.418519 0.664583 0.415741 0.662500 0.412037 0.661458 0.411111 0.660417 0.410185 0.658333 0.409259 0.654687 0.409259
0 0.622396 0.366667 0.619792 0.367593 0.618750 0.368519 0.617708 0.369444 0.616146 0.371296 0.615104 0.373148 0.614583 0.375926 0.614062 0.379630 0.614062 0.384259 0.614583 0.387037 0.615104 0.389815 0.616667 0.392593 0.619792 0.395370 0.622396 0.396296 0.623437 0.396296 0.626042 0.395370 0.627083 0.394444 0.630208 0.388889 0.630729 0.387037 0.631250 0.383333 0.631250 0.380556 0.630729 0.375000 0.630208 0.372222 0.628646 0.369444 0.626042 0.367593 0.623437 0.366667 0.622396 0.366667
0 0.393229 0.192593 0.391146 0.194444 0.390104 0.196296 0.389583 0.199074 0.389062 0.201852 0.389062 0.210185 0.390104 0.214815 0.390625 0.216667 0.391146 0.217593 0.391667 0.217593 0.392708 0.219444 0.393750 0.220370 0.400521 0.220370 0.401562 0.219444 0.403646 0.216667 0.404167 0.214815 0.404687 0.211111 0.404687 0.201852 0.404167 0.199074 0.401562 0.194444 0.400521 0.193519 0.399479 0.192593 0.393229 0.192593
0 0.521354 0.171296 0.519792 0.172222 0.517708 0.174074 0.516667 0.175926 0.516146 0.177778 0.515625 0.179630 0.515104 0.188889 0.515625 0.190741 0.516667 0.192593 0.516667 0.194444 0.518750 0.198148 0.521875 0.200000 0.523958 0.200000 0.526563 0.199074 0.527604 0.197222 0.529167 0.196296 0.529687 0.193519 0.530729 0.190741 0.530729 0.179630 0.529687 0.175926 0.528646 0.174074 0.527604 0.173148 0.526563 0.172222 0.525000 0.171296 0.521354 0.171296
0 0.378125 0.122222 0.376563 0.123148 0.372917 0.129630 0.372917 0.140741 0.373437 0.142593 0.374479 0.144444 0.374479 0.146296 0.376563 0.150000 0.378125 0.150926 0.383854 0.150926 0.385937 0.149074 0.386979 0.147222 0.387500 0.143519 0.387500 0.131481 0.386979 0.129630 0.385937 0.126852 0.383854 0.123148 0.381771 0.122222 0.378125 0.122222
3 0.535937 0.366667 0.534375 0.367593 0.532813 0.370370 0.532292 0.375000 0.531771 0.388889 0.531771 0.403704 0.531250 0.414815 0.530208 0.418519 0.529167 0.420370 0.525000 0.420370 0.519792 0.418519 0.514062 0.417593 0.507812 0.416667 0.501563 0.416667 0.500521 0.417593 0.498958 0.420370 0.498437 0.423148 0.498437 0.434259 0.498958 0.437963 0.499479 0.439815 0.501042 0.442593 0.514583 0.443519 0.516146 0.443519 0.521875 0.443519 0.522917 0.443519 0.526563 0.442593 0.528125 0.443519 0.529687 0.446296 0.530208 0.450926 0.530208 0.459259 0.529687 0.473148 0.528646 0.475926 0.528125 0.480556 0.528125 0.495370 0.528646 0.497222 0.529167 0.499074 0.529687 0.500000 0.530729 0.500926 0.532292 0.501852 0.540104 0.500926 0.540625 0.499074 0.541146 0.497222 0.541667 0.487963 0.541667 0.475926 0.542708 0.470370 0.542188 0.453704 0.542188 0.450000 0.542708 0.448148 0.543750 0.446296 0.544792 0.445370 0.547917 0.445370 0.551042 0.447222 0.556771 0.447222 0.559375 0.449074 0.564583 0.450000 0.570833 0.450926 0.573958 0.450000 0.575000 0.448148 0.575521 0.445370 0.576042 0.439815 0.576042 0.428704 0.575521 0.426852 0.574479 0.425000 0.570312 0.424074 0.558854 0.424074 0.550521 0.422222 0.549479 0.422222 0.546354 0.423148 0.545312 0.422222 0.543229 0.418519 0.543229 0.411111 0.544271 0.406481 0.544271 0.403704 0.543750 0.399074 0.544792 0.378704 0.544792 0.375926 0.544271 0.375000 0.544271 0.371296 0.543750 0.369444 0.542708 0.367593 0.539583 0.366667 0.535937 0.366667
2 0.208854 0.437963 0.207813 0.437963 0.206771 0.438889 0.206250 0.439815 0.205729 0.441667 0.206250 0.449074 0.205729 0.452778 0.204687 0.455556 0.204687 0.457407 0.205208 0.462963 0.204687 0.464815 0.204167 0.466667 0.202604 0.470370 0.201563 0.474074 0.201563 0.486111 0.202083 0.488889 0.202604 0.490741 0.204167 0.491667 0.207813 0.497222 0.208854 0.498148 0.210417 0.498148 0.211979 0.495370 0.212500 0.492593 0.213542 0.486111 0.214062 0.480556 0.214062 0.473148 0.215104 0.466667 0.215625 0.455556 0.215104 0.449074 0.214583 0.446296 0.214062 0.443519 0.213542 0.441667 0.211979 0.438889 0.209896 0.437037 0.208854 0.437963
1 0.970313 0.619444 0.969792 0.625000 0.970313 0.625926 0.970313 0.629630 0.970313 0.625000 0.970833 0.624074 0.970313 0.619444
1 0.963542 0.617593 0.962500 0.619444 0.963542 0.622222 0.964063 0.619444 0.963542 0.617593
1 0.231771 0.051852 0.233333 0.052778 0.234375 0.054630 0.234375 0.057407 0.235417 0.060185 0.235417 0.063889 0.236458 0.065741 0.240104 0.071296 0.241667 0.072222 0.275521 0.073148 0.287500 0.073148 0.331250 0.073148 0.355729 0.073148 0.373437 0.072222 0.384375 0.073148 0.389583 0.073148 0.400000 0.072222 0.413542 0.073148 0.416146 0.073148 0.423958 0.073148 0.430208 0.073148 0.440104 0.073148 0.443750 0.073148 0.444271 0.072222 0.447917 0.072222 0.459896 0.073148 0.479167 0.072222 0.479687 0.073148 0.498958 0.072222 0.512500 0.072222 0.525000 0.073148 0.526563 0.073148 0.531771 0.072222 0.538542 0.073148 0.552604 0.073148 0.554688 0.073148 0.558333 0.072222 0.573958 0.073148 0.593229 0.073148 0.596875 0.073148 0.597396 0.072222 0.601042 0.072222 0.614062 0.073148 0.652604 0.071296 0.659375 0.071296 0.691146 0.073148 0.696875 0.073148 0.713021 0.073148 0.726562 0.072222 0.729167 0.072222 0.737500 0.072222 0.751042 0.072222 0.752083 0.072222 0.781250 0.074074 0.783854 0.074074 0.789062 0.074074 0.790104 0.074074 0.795833 0.073148 0.809896 0.075000 0.820833 0.074074 0.822917 0.073148 0.824479 0.072222 0.826042 0.071296 0.827083 0.070370 0.828646 0.068519 0.830208 0.065741 0.831250 0.061111 0.832292 0.059259 0.832812 0.059259 0.834375 0.056481 0.835417 0.055556 0.838021 0.055556 0.841667 0.062037 0.841667 0.067593 0.842187 0.070370 0.842708 0.072222 0.843750 0.074074 0.845313 0.075926 0.848958 0.075000 0.851042 0.077778 0.852083 0.078704 0.853125 0.078704 0.854167 0.079630 0.855208 0.080556 0.855729 0.085185 0.853125 0.089815 0.850000 0.093519 0.848958 0.095370 0.850000 0.098148 0.848958 0.100926 0.848437 0.106481 0.846875 0.107407 0.845833 0.109259 0.845313 0.111111 0.845313 0.116667 0.845833 0.126852 0.846875 0.132407 0.846875 0.137963 0.847396 0.144444 0.848437 0.147222 0.848958 0.150000 0.849479 0.158333 0.850000 0.166667 0.850000 0.177778 0.851042 0.183333 0.851042 0.189815 0.852083 0.192593 0.852083 0.203704 0.852604 0.212037 0.853125 0.216667 0.853646 0.220370 0.854688 0.223148 0.854688 0.225926 0.855208 0.228704 0.854688 0.233333 0.855729 0.241667 0.855729 0.250000 0.856771 0.256481 0.857292 0.261111 0.857292 0.262963 0.857812 0.271296 0.857292 0.286111 0.857812 0.295370 0.858333 0.300926 0.859375 0.303704 0.859375 0.312037 0.851042 0.310185 0.850000 0.308333 0.848958 0.307407 0.847917 0.308333 0.846875 0.308333 0.845833 0.310185 0.846875 0.312037 0.849479 0.312037 0.850000 0.311111 0.851042 0.310185 0.859375 0.312037 0.859896 0.317593 0.860938 0.321296 0.861458 0.325926 0.861458 0.330556 0.862500 0.335185 0.863021 0.339815 0.862500 0.351852 0.863021 0.357407 0.863542 0.362963 0.864583 0.365741 0.865104 0.372222 0.864583 0.380556 0.864583 0.384259 0.865625 0.388889 0.865625 0.394444 0.866667 0.399074 0.867188 0.403704 0.867708 0.410185 0.867708 0.416667 0.868229 0.422222 0.869271 0.425000 0.868229 0.428704 0.868229 0.431481 0.868750 0.433333 0.870313 0.436111 0.870313 0.442593 0.870833 0.447222 0.871354 0.450000 0.872917 0.455556 0.871354 0.459259 0.872396 0.462963 0.872396 0.464815 0.871875 0.465741 0.871875 0.467593 0.872396 0.468519 0.872396 0.471296 0.871875 0.472222 0.871875 0.475000 0.872917 0.476852 0.872396 0.480556 0.872396 0.487037 0.872396 0.489815 0.872396 0.491667 0.872396 0.494444 0.873437 0.502778 0.873437 0.512037 0.874479 0.518519 0.875000 0.524074 0.874479 0.529630 0.874479 0.532407 0.875521 0.536111 0.875000 0.539815 0.876042 0.542593 0.875521 0.546296 0.877083 0.550926 0.877604 0.560185 0.878125 0.568519 0.857292 0.571296 0.855729 0.568519 0.854688 0.569444 0.854167 0.569444 0.852083 0.571296 0.852083 0.566667 0.853125 0.564815 0.853125 0.562037 0.853646 0.561111 0.853646 0.559259 0.852604 0.553704 0.852604 0.551852 0.852083 0.543519 0.852083 0.535185 0.851042 0.533333 0.851042 0.528704 0.852083 0.527778 0.856250 0.527778 0.857292 0.526852 0.857812 0.525926 0.858333 0.524074 0.858854 0.519444 0.858333 0.513889 0.858854 0.510185 0.861458 0.506481 0.862500 0.506481 0.863542 0.504630 0.861458 0.502778 0.860417 0.500926 0.859896 0.494444 0.859375 0.487037 0.858854 0.484259 0.857292 0.480556 0.857292 0.471296 0.857812 0.465741 0.857812 0.462963 0.854688 0.457407 0.853125 0.456481 0.851042 0.452778 0.848437 0.452778 0.849479 0.451852 0.850521 0.450000 0.851042 0.446296 0.852083 0.445370 0.853646 0.444444 0.854688 0.442593 0.854167 0.438889 0.855208 0.437963 0.856250 0.436111 0.855729 0.433333 0.854688 0.432407 0.851042 0.432407 0.848437 0.431481 0.847396 0.430556 0.846875 0.428704 0.846875 0.426852 0.847396 0.425926 0.847396 0.423148 0.846354 0.419444 0.846354 0.412037 0.845833 0.404630 0.843750 0.398148 0.843750 0.395370 0.843229 0.394444 0.843229 0.392593 0.843229 0.386111 0.843229 0.383333 0.843750 0.382407 0.843750 0.378704 0.843229 0.375000 0.842187 0.372222 0.842708 0.366667 0.842708 0.364815 0.842187 0.358333 0.841146 0.356481 0.841146 0.353704 0.842187 0.351852 0.841146 0.350926 0.840625 0.350000 0.838542 0.345370 0.838542 0.343519 0.838021 0.339815 0.837500 0.336111 0.836979 0.328704 0.836979 0.325926 0.837500 0.325000 0.837500 0.321296 0.838021 0.319444 0.839063 0.317593 0.839583 0.315741 0.839583 0.310185 0.839063 0.308333 0.837500 0.304630 0.836979 0.300926 0.836979 0.298148 0.837500 0.297222 0.837500 0.294444 0.836458 0.289815 0.836979 0.284259 0.836979 0.280556 0.835938 0.275926 0.835417 0.272222 0.836458 0.268519 0.835417 0.265741 0.834896 0.259259 0.835417 0.255556 0.834896 0.249074 0.833854 0.245370 0.833333 0.237963 0.834375 0.234259 0.833854 0.223148 0.831771 0.219444 0.831771 0.215741 0.832292 0.214815 0.831771 0.210185 0.832292 0.205556 0.831771 0.198148 0.831250 0.195370 0.829688 0.191667 0.829688 0.188889 0.828125 0.185185 0.829167 0.183333 0.829167 0.177778 0.828646 0.176852 0.829167 0.171296 0.829167 0.167593 0.829167 0.157407 0.828646 0.150000 0.827604 0.147222 0.828125 0.144444 0.827083 0.139815 0.825521 0.137037 0.825000 0.135185 0.823958 0.130556 0.823958 0.125926 0.822396 0.122222 0.822917 0.113889 0.822396 0.112037 0.821875 0.110185 0.820833 0.108333 0.818229 0.111111 0.817187 0.111111 0.810417 0.111111 0.804167 0.109259 0.793750 0.108333 0.792188 0.108333 0.786979 0.108333 0.783333 0.108333 0.772396 0.108333 0.766146 0.108333 0.762500 0.109259 0.758854 0.107407 0.756771 0.107407 0.752604 0.108333 0.741146 0.106481 0.738021 0.109259 0.733854 0.109259 0.733333 0.108333 0.729688 0.108333 0.729167 0.109259 0.725521 0.109259 0.720833 0.107407 0.716146 0.107407 0.715625 0.106481 0.711458 0.106481 0.702083 0.107407 0.702083 0.103704 0.702604 0.103704 0.703646 0.101852 0.702604 0.100000 0.699479 0.100926 0.698438 0.102778 0.697917 0.106481 0.693750 0.108333 0.692187 0.108333 0.687500 0.107407 0.686979 0.108333 0.682813 0.108333 0.670312 0.107407 0.659375 0.109259 0.656771 0.109259 0.651563 0.107407 0.644792 0.106481 0.635417 0.106481 0.633333 0.105556 0.632292 0.103704 0.631250 0.102778 0.630208 0.102778 0.627604 0.099074 0.628125 0.096296 0.627083 0.094444 0.626042 0.098148 0.627604 0.099074 0.630208 0.102778 0.629167 0.104630 0.629167 0.107407 0.630208 0.108333 0.628125 0.108333 0.627604 0.107407 0.625521 0.107407 0.618229 0.109259 0.614583 0.109259 0.585417 0.108333 0.577083 0.107407 0.574479 0.105556 0.572917 0.107407 0.568750 0.108333 0.566667 0.108333 0.551042 0.107407 0.533333 0.109259 0.532292 0.109259 0.529687 0.107407 0.526563 0.108333 0.525521 0.108333 0.510417 0.108333 0.498437 0.108333 0.495833 0.106481 0.492188 0.105556 0.490625 0.105556 0.488021 0.107407 0.471354 0.107407 0.463542 0.109259 0.458333 0.108333 0.457813 0.109259 0.453125 0.108333 0.447396 0.109259 0.440104 0.107407 0.432812 0.108333 0.427604 0.107407 0.410938 0.109259 0.405729 0.108333 0.402083 0.108333 0.397917 0.110185 0.395833 0.110185 0.389583 0.109259 0.386979 0.106481 0.385417 0.106481 0.384896 0.107407 0.383333 0.107407 0.381250 0.106481 0.380729 0.105556 0.379688 0.105556 0.378646 0.107407 0.375521 0.107407 0.375000 0.108333 0.372396 0.108333 0.366146 0.108333 0.355208 0.107407 0.354687 0.108333 0.344271 0.107407 0.337500 0.108333 0.332813 0.108333 0.325000 0.108333 0.323958 0.108333 0.310937 0.106481 0.309896 0.106481 0.295833 0.108333 0.289062 0.108333 0.284896 0.107407 0.282813 0.105556 0.284375 0.100926 0.286979 0.100000 0.287500 0.098148 0.286979 0.096296 0.285417 0.096296 0.283854 0.097222 0.282292 0.097222 0.284375 0.100926 0.282813 0.105556 0.280729 0.107407 0.277083 0.108333 0.273958 0.108333 0.261979 0.108333 0.258854 0.108333 0.251042 0.107407 0.249479 0.106481 0.246875 0.104630 0.245833 0.102778 0.245312 0.098148 0.244271 0.097222 0.241667 0.096296 0.240104 0.098148 0.240104 0.100926 0.242708 0.105556 0.241667 0.110185 0.241667 0.116667 0.240104 0.126852 0.239583 0.132407 0.239583 0.142593 0.239063 0.148148 0.238021 0.158333 0.236979 0.163889 0.236458 0.167593 0.236979 0.171296 0.235937 0.175000 0.235937 0.186111 0.234896 0.188889 0.234896 0.193519 0.233854 0.196296 0.233333 0.200926 0.232813 0.205556 0.232813 0.215741 0.231771 0.220370 0.231771 0.227778 0.230729 0.233333 0.230729 0.239815 0.230208 0.246296 0.229167 0.250000 0.229167 0.256481 0.228125 0.262037 0.228125 0.263889 0.228125 0.273148 0.227083 0.277778 0.227083 0.282407 0.226042 0.286111 0.226042 0.290741 0.226562 0.300000 0.225000 0.304630 0.224479 0.308333 0.223958 0.312037 0.224479 0.322222 0.224479 0.325926 0.223958 0.328704 0.222917 0.331481 0.222396 0.338889 0.221354 0.341667 0.221354 0.345370 0.220312 0.348148 0.219792 0.355556 0.220312 0.357407 0.220312 0.359259 0.219792 0.365741 0.218229 0.375926 0.218229 0.382407 0.217188 0.387037 0.217708 0.390741 0.217188 0.398148 0.216667 0.406481 0.216146 0.412037 0.215104 0.416667 0.215625 0.420370 0.214583 0.425926 0.214583 0.436111 0.213021 0.438889 0.213021 0.442593 0.211458 0.442593 0.209375 0.443519 0.208333 0.445370 0.208333 0.450000 0.207292 0.452778 0.207813 0.454630 0.207813 0.456481 0.206250 0.458333 0.206771 0.462963 0.204687 0.466667 0.204167 0.469444 0.204167 0.474074 0.203125 0.475926 0.202083 0.476852 0.203125 0.481481 0.203646 0.481481 0.204687 0.483333 0.205729 0.484259 0.207813 0.485185 0.208333 0.487963 0.209896 0.490741 0.210417 0.497222 0.208854 0.500000 0.208333 0.501852 0.207292 0.518519 0.206250 0.522222 0.206250 0.527778 0.205729 0.531481 0.204167 0.537963 0.203646 0.544444 0.203125 0.555556 0.203125 0.557407 0.203646 0.558333 0.203646 0.561111 0.202083 0.569444 0.202083 0.575926 0.201042 0.580556 0.201042 0.588889 0.200000 0.592593 0.200000 0.602778 0.198437 0.613889 0.197917 0.619444 0.197917 0.631481 0.197396 0.635185 0.196354 0.638889 0.195833 0.642593 0.195312 0.652778 0.195312 0.654630 0.195833 0.659259 0.193750 0.666667 0.193229 0.669444 0.192708 0.673148 0.192708 0.686111 0.191667 0.689815 0.191146 0.694444 0.191146 0.702778 0.190104 0.708333 0.190104 0.714815 0.189062 0.720370 0.188542 0.728704 0.188542 0.737037 0.188021 0.742593 0.186979 0.747222 0.186979 0.755556 0.185938 0.759259 0.185938 0.769444 0.184896 0.773148 0.183854 0.781481 0.183854 0.799074 0.182292 0.809259 0.181771 0.815741 0.181771 0.825000 0.180208 0.833333 0.180208 0.844444 0.179167 0.848148 0.179688 0.851852 0.179167 0.858333 0.178646 0.865741 0.177604 0.870370 0.177083 0.883333 0.177083 0.895370 0.177604 0.897222 0.178125 0.899074 0.179167 0.900926 0.181250 0.901852 0.188542 0.901852 0.202083 0.902778 0.209375 0.901852 0.210417 0.901852 0.215625 0.903704 0.230208 0.904630 0.249479 0.903704 0.257292 0.903704 0.263542 0.904630 0.265104 0.906481 0.281250 0.906481 0.298438 0.905556 0.303125 0.907407 0.316667 0.908333 0.319271 0.908333 0.329167 0.907407 0.343750 0.908333 0.350521 0.909259 0.356250 0.910185 0.364063 0.912963 0.370312 0.912963 0.371354 0.911111 0.378646 0.912037 0.380729 0.912037 0.393229 0.912037 0.396875 0.912037 0.404167 0.911111 0.405208 0.912963 0.406771 0.913889 0.409375 0.913889 0.412500 0.912963 0.415625 0.911111 0.418750 0.911111 0.423438 0.912037 0.430208 0.911111 0.433854 0.913889 0.455729 0.914815 0.479167 0.913889 0.480729 0.913889 0.484375 0.915741 0.501042 0.915741 0.502083 0.915741 0.504687 0.913889 0.508854 0.913889 0.511979 0.915741 0.517188 0.914815 0.525521 0.915741 0.532813 0.917593 0.547917 0.915741 0.550521 0.915741 0.555208 0.916667 0.560937 0.915741 0.561458 0.916667 0.567187 0.916667 0.569271 0.917593 0.570833 0.919444 0.572917 0.919444 0.573438 0.918519 0.575000 0.918519 0.579688 0.919444 0.582292 0.917593 0.584896 0.916667 0.589063 0.917593 0.589583 0.916667 0.592708 0.916667 0.609375 0.917593 0.611979 0.919444 0.613542 0.919444 0.623958 0.917593 0.633333 0.917593 0.636979 0.918519 0.638542 0.920370 0.639583 0.920370 0.644271 0.919444 0.658854 0.918519 0.662500 0.918519 0.664583 0.920370 0.672917 0.921296 0.690104 0.921296 0.692187 0.923148 0.693229 0.923148 0.696875 0.922222 0.697917 0.923148 0.698438 0.925000 0.701042 0.925000 0.701562 0.923148 0.701562 0.921296 0.702604 0.920370 0.704688 0.923148 0.705729 0.924074 0.710938 0.924074 0.712500 0.923148 0.713542 0.921296 0.719271 0.923148 0.721354 0.923148 0.727604 0.921296 0.731250 0.921296 0.732812 0.923148 0.735938 0.923148 0.740104 0.922222 0.751042 0.923148 0.754167 0.921296 0.756771 0.921296 0.758854 0.922222 0.760417 0.924074 0.764062 0.923148 0.766146 0.923148 0.768229 0.925000 0.769792 0.925000 0.775000 0.923148 0.782813 0.923148 0.784896 0.921296 0.786979 0.921296 0.789583 0.923148 0.794271 0.923148 0.796354 0.925926 0.797917 0.925926 0.804688 0.924074 0.814583 0.923148 0.825521 0.922222 0.828646 0.922222 0.829167 0.923148 0.832812 0.923148 0.836979 0.924074 0.840104 0.925926 0.844271 0.925926 0.847917 0.924074 0.852083 0.924074 0.854688 0.922222 0.862500 0.922222 0.865625 0.920370 0.867188 0.919444 0.868750 0.916667 0.869271 0.916667 0.870313 0.914815 0.869792 0.906481 0.870313 0.903704 0.871354 0.900926 0.871354 0.889815 0.870313 0.887963 0.868750 0.887037 0.867708 0.880556 0.869792 0.875926 0.869792 0.873148 0.869271 0.868519 0.870313 0.866667 0.870313 0.864815 0.869271 0.862963 0.867708 0.860185 0.866146 0.859259 0.865104 0.857407 0.864583 0.855556 0.865625 0.853704 0.865625 0.848148 0.864583 0.844444 0.864062 0.841667 0.865104 0.838889 0.865104 0.834259 0.866146 0.831481 0.866146 0.823148 0.867188 0.821296 0.865625 0.817593 0.866146 0.792593 0.865625 0.779630 0.865104 0.775000 0.864062 0.772222 0.865104 0.769444 0.864583 0.761111 0.865104 0.754630 0.864062 0.748148 0.864062 0.737963 0.863542 0.733333 0.862500 0.730556 0.863542 0.725000 0.863542 0.719444 0.863021 0.705556 0.862500 0.692593 0.861458 0.688889 0.861458 0.681481 0.860417 0.677778 0.860417 0.674074 0.859896 0.673148 0.859896 0.670370 0.860417 0.669444 0.860417 0.666667 0.859896 0.653704 0.858854 0.650926 0.858854 0.637963 0.857292 0.633333 0.858333 0.629630 0.857292 0.625000 0.857292 0.614815 0.856771 0.609259 0.855729 0.605556 0.855729 0.593519 0.855729 0.590741 0.856250 0.587037 0.856771 0.586111 0.856771 0.584259 0.855729 0.582407 0.852083 0.583333 0.852083 0.580556 0.851042 0.578704 0.851042 0.573148 0.852083 0.571296 0.854167 0.569444 0.854167 0.573148 0.855729 0.575926 0.856771 0.574074 0.857292 0.571296 0.878125 0.568519 0.878125 0.580556 0.878646 0.590741 0.879687 0.595370 0.879687 0.600926 0.879167 0.601852 0.879167 0.607407 0.879687 0.608333 0.879687 0.614815 0.880208 0.617593 0.881250 0.620370 0.881771 0.625000 0.881771 0.637963 0.882292 0.644444 0.883333 0.646296 0.883333 0.658333 0.884375 0.661111 0.884375 0.686111 0.884896 0.697222 0.885938 0.703704 0.886458 0.714815 0.885938 0.721296 0.885938 0.725000 0.886458 0.728704 0.887500 0.732407 0.888021 0.742593 0.888021 0.760185 0.889062 0.767593 0.889583 0.777778 0.889062 0.781481 0.890104 0.785185 0.890625 0.799074 0.891146 0.812037 0.891146 0.827778 0.892188 0.841667 0.892188 0.855556 0.892708 0.867593 0.893750 0.873148 0.894271 0.879630 0.894792 0.885185 0.894271 0.889815 0.895312 0.896296 0.895312 0.907407 0.897396 0.911111 0.897917 0.912963 0.897917 0.918519 0.898438 0.921296 0.900521 0.925000 0.901563 0.925926 0.903646 0.925926 0.905729 0.927778 0.907813 0.927778 0.909375 0.928704 0.910937 0.931481 0.911458 0.933333 0.910937 0.940741 0.909896 0.941667 0.908333 0.942593 0.906771 0.943519 0.904687 0.944444 0.900521 0.944444 0.897917 0.949074 0.897396 0.951852 0.897396 0.960185 0.896875 0.968519 0.896354 0.971296 0.895833 0.973148 0.894271 0.975000 0.890625 0.975000 0.888021 0.974074 0.886458 0.973148 0.884896 0.971296 0.883333 0.971296 0.880729 0.968519 0.878125 0.966667 0.876563 0.966667 0.875521 0.961111 0.874479 0.959259 0.874479 0.956481 0.872917 0.950000 0.870833 0.946296 0.869792 0.945370 0.868229 0.945370 0.864583 0.946296 0.846354 0.944444 0.845313 0.944444 0.833333 0.946296 0.811979 0.945370 0.801562 0.945370 0.782292 0.946296 0.771354 0.946296 0.744792 0.944444 0.732812 0.944444 0.715625 0.945370 0.692708 0.944444 0.682813 0.942593 0.681250 0.942593 0.675521 0.942593 0.664062 0.943519 0.654167 0.941667 0.637500 0.942593 0.636458 0.942593 0.630729 0.942593 0.629687 0.942593 0.620833 0.940741 0.595313 0.941667 0.591667 0.939815 0.578646 0.940741 0.555729 0.938889 0.544271 0.939815 0.542708 0.939815 0.533854 0.937963 0.529687 0.938889 0.523438 0.937037 0.518750 0.937963 0.515625 0.937963 0.509896 0.936111 0.507812 0.936111 0.496875 0.936111 0.488542 0.937037 0.486979 0.937037 0.469792 0.935185 0.465104 0.935185 0.455729 0.935185 0.451042 0.935185 0.443750 0.936111 0.432812 0.934259 0.414583 0.934259 0.399479 0.932407 0.370312 0.932407 0.359896 0.930556 0.347917 0.931481 0.342187 0.931481 0.301563 0.930556 0.281250 0.929630 0.267188 0.927778 0.263021 0.928704 0.260417 0.928704 0.259896 0.927778 0.257812 0.927778 0.253646 0.928704 0.246354 0.926852 0.225521 0.926852 0.219271 0.925000 0.206250 0.924074 0.204167 0.924074 0.191146 0.924074 0.183854 0.925000 0.179688 0.924074 0.177083 0.924074 0.175521 0.925000 0.174479 0.925926 0.172396 0.929630 0.171875 0.931481 0.171875 0.935185 0.171354 0.937037 0.170313 0.938889 0.168750 0.940741 0.167708 0.941667 0.164062 0.944444 0.162500 0.945370 0.160417 0.945370 0.158854 0.946296 0.157292 0.949074 0.156250 0.950000 0.154688 0.950926 0.153646 0.950926 0.152083 0.950000 0.151042 0.949074 0.151042 0.946296 0.150521 0.945370 0.151042 0.939815 0.151042 0.937963 0.150521 0.926852 0.150000 0.924074 0.147917 0.920370 0.145833 0.919444 0.140625 0.918519 0.139583 0.917593 0.137500 0.913889 0.137500 0.910185 0.138021 0.908333 0.138542 0.907407 0.139583 0.906481 0.141146 0.905556 0.143229 0.905556 0.147917 0.902778 0.150521 0.900926 0.153125 0.896296 0.153646 0.891667 0.154167 0.885185 0.154167 0.876852 0.154688 0.870370 0.155729 0.865741 0.157292 0.848148 0.157292 0.836111 0.157812 0.826852 0.159896 0.816667 0.159896 0.808333 0.160938 0.802778 0.160417 0.791667 0.161458 0.788889 0.161458 0.778704 0.163021 0.775000 0.163021 0.764815 0.164062 0.762037 0.164583 0.754630 0.165104 0.747222 0.165104 0.738889 0.166146 0.733333 0.166146 0.724074 0.167187 0.720370 0.167708 0.711111 0.169271 0.704630 0.169792 0.700926 0.169792 0.688889 0.170833 0.682407 0.170833 0.675000 0.171354 0.669444 0.171875 0.664815 0.173437 0.658333 0.173958 0.651852 0.175000 0.638889 0.175000 0.630556 0.175521 0.625926 0.176563 0.623148 0.176563 0.614815 0.176563 0.612037 0.177604 0.609259 0.177604 0.598148 0.178646 0.594444 0.178646 0.584259 0.180208 0.575926 0.180208 0.570370 0.181250 0.566667 0.181771 0.559259 0.181771 0.551852 0.182292 0.546296 0.183333 0.541667 0.183333 0.536111 0.184375 0.533333 0.184375 0.526852 0.185417 0.520370 0.185417 0.513889 0.185938 0.509259 0.186979 0.504630 0.187500 0.499074 0.187500 0.487037 0.188542 0.483333 0.189062 0.476852 0.189583 0.471296 0.190104 0.463889 0.190104 0.462037 0.189583 0.461111 0.189583 0.459259 0.190625 0.457407 0.191146 0.455556 0.191667 0.449074 0.191667 0.445370 0.192188 0.441667 0.193229 0.438889 0.193750 0.431481 0.194271 0.425000 0.194271 0.417593 0.194792 0.409259 0.195833 0.403704 0.195833 0.398148 0.197917 0.386111 0.198437 0.381481 0.198437 0.369444 0.199479 0.363889 0.199479 0.355556 0.200000 0.349074 0.201042 0.345370 0.201042 0.339815 0.201563 0.335185 0.202604 0.331481 0.202604 0.319444 0.203125 0.307407 0.203646 0.305556 0.204687 0.303704 0.204687 0.296296 0.205208 0.290741 0.206250 0.286111 0.206250 0.278704 0.207292 0.274074 0.207292 0.267593 0.208333 0.262963 0.208854 0.257407 0.208854 0.251852 0.209896 0.247222 0.209896 0.240741 0.211458 0.228704 0.211458 0.221296 0.212500 0.213889 0.212500 0.205556 0.213021 0.199074 0.214062 0.187037 0.214583 0.182407 0.215625 0.178704 0.215625 0.167593 0.216667 0.164815 0.216146 0.156481 0.216667 0.152778 0.217708 0.150926 0.218229 0.144444 0.218229 0.139815 0.219271 0.135185 0.219271 0.129630 0.220312 0.119444 0.221875 0.110185 0.221875 0.104630 0.221354 0.102778 0.220312 0.100926 0.219792 0.099074 0.219792 0.095370 0.218750 0.090741 0.218229 0.087963 0.217188 0.086111 0.215625 0.086111 0.214062 0.085185 0.213542 0.077778 0.215625 0.075926 0.218229 0.074074 0.221875 0.073148 0.223438 0.072222 0.224479 0.071296 0.225000 0.070370 0.225000 0.069444 0.226042 0.067593 0.226562 0.065741 0.227083 0.062963 0.227083 0.059259 0.228125 0.055556 0.228646 0.053704 0.229167 0.052778 0.230208 0.051852 0.231771 0.051852
1 0.535937 0.483333 0.535937 0.485185 0.537500 0.485185 0.538021 0.486111 0.539062 0.487037 0.538021 0.488889 0.535937 0.491667 0.534896 0.492593 0.532813 0.493519 0.531771 0.492593 0.530729 0.490741 0.529167 0.489815 0.528125 0.491667 0.527604 0.494444 0.529167 0.498148 0.530208 0.500000 0.531250 0.500926 0.538021 0.500926 0.539062 0.500000 0.540104 0.496296 0.540104 0.488889 0.539583 0.487963 0.539583 0.483333 0.536979 0.482407 0.535937 0.483333
1 0.549479 0.452778 0.551562 0.451852 0.550521 0.450926 0.549479 0.452778
1 0.838021 0.447222 0.836979 0.448148 0.836458 0.449074 0.835938 0.450926 0.834896 0.450926 0.834896 0.453704 0.835938 0.452778 0.836458 0.450000 0.839063 0.449074 0.838021 0.447222
1 0.533333 0.375000 0.533854 0.377778 0.534896 0.378704 0.536458 0.378704 0.537500 0.377778 0.539062 0.375000 0.543229 0.375000 0.544271 0.376852 0.544792 0.379630 0.545312 0.383333 0.544271 0.386111 0.544271 0.390741 0.545833 0.393519 0.545312 0.400000 0.544792 0.400926 0.544792 0.405556 0.545833 0.407407 0.545833 0.411111 0.545312 0.418519 0.551562 0.419444 0.557813 0.421296 0.569271 0.420370 0.577604 0.420370 0.578646 0.421296 0.577604 0.424074 0.571875 0.423148 0.569792 0.425000 0.569792 0.425926 0.568229 0.426852 0.563542 0.426852 0.558854 0.425000 0.556771 0.425000 0.553646 0.428704 0.555729 0.432407 0.557292 0.433333 0.560417 0.433333 0.561979 0.431481 0.565625 0.430556 0.567708 0.431481 0.567708 0.432407 0.568750 0.434259 0.570833 0.436111 0.573958 0.435185 0.575000 0.434259 0.576562 0.431481 0.577604 0.428704 0.577604 0.426852 0.577604 0.428704 0.578125 0.429630 0.579167 0.435185 0.579167 0.438889 0.578646 0.440741 0.578125 0.442593 0.572917 0.442593 0.570833 0.443519 0.568750 0.444444 0.570312 0.448148 0.571875 0.449074 0.573958 0.449074 0.571354 0.452778 0.568229 0.453704 0.564063 0.453704 0.561458 0.452778 0.563021 0.449074 0.562500 0.446296 0.561458 0.444444 0.559896 0.444444 0.559375 0.446296 0.562500 0.446296 0.563021 0.449074 0.565104 0.449074 0.564063 0.447222 0.563021 0.449074 0.561458 0.452778 0.559375 0.451852 0.556771 0.450926 0.555729 0.450000 0.554688 0.449074 0.555729 0.447222 0.555729 0.445370 0.553646 0.443519 0.551562 0.444444 0.550521 0.446296 0.548438 0.443519 0.547396 0.442593 0.543750 0.442593 0.543750 0.437037 0.546875 0.437037 0.547917 0.435185 0.547917 0.432407 0.546875 0.430556 0.545312 0.430556 0.544271 0.433333 0.543229 0.434259 0.540104 0.435185 0.533854 0.436111 0.534375 0.429630 0.533333 0.427778 0.531771 0.429630 0.531250 0.431481 0.531250 0.433333 0.531771 0.435185 0.532813 0.437037 0.533854 0.436111 0.540104 0.435185 0.543750 0.437037 0.543750 0.442593 0.541667 0.444444 0.539583 0.444444 0.540625 0.447222 0.542188 0.450000 0.543229 0.450000 0.544271 0.451852 0.544271 0.453704 0.543229 0.455556 0.543229 0.463889 0.543229 0.470370 0.539583 0.471296 0.536979 0.469444 0.531771 0.470370 0.529167 0.470370 0.529167 0.468519 0.529687 0.467593 0.529687 0.465741 0.529687 0.456481 0.529167 0.454630 0.528646 0.451852 0.529167 0.450000 0.527083 0.445370 0.526042 0.444444 0.524479 0.444444 0.514583 0.445370 0.506771 0.444444 0.503646 0.443519 0.501042 0.442593 0.500000 0.441667 0.499479 0.438889 0.501563 0.437963 0.504167 0.435185 0.505729 0.435185 0.507292 0.432407 0.511979 0.431481 0.513021 0.433333 0.515104 0.434259 0.516146 0.433333 0.516667 0.433333 0.516146 0.429630 0.513542 0.429630 0.513021 0.430556 0.511979 0.431481 0.507292 0.432407 0.507292 0.430556 0.505729 0.428704 0.505729 0.426852 0.506771 0.425000 0.506771 0.421296 0.505208 0.418519 0.504167 0.418519 0.510417 0.416667 0.512500 0.416667 0.525000 0.417593 0.528125 0.416667 0.530729 0.412037 0.530729 0.401852 0.531771 0.395370 0.531250 0.391667 0.531250 0.389815 0.532292 0.387037 0.534896 0.387037 0.536458 0.387963 0.535417 0.385185 0.534896 0.387037 0.532292 0.387037 0.532813 0.380556 0.532813 0.372222 0.533333 0.375000
1 0.540104 0.365741 0.539062 0.366667 0.538542 0.369444 0.540104 0.371296 0.540625 0.368519 0.541667 0.366667 0.543229 0.365741 0.540104 0.365741
2 0.850000 0.425000 0.848437 0.425926 0.845313 0.428704 0.844792 0.430556 0.844271 0.433333 0.843750 0.437037 0.843229 0.441667 0.843229 0.450000 0.843750 0.457407 0.844271 0.463889 0.844792 0.469444 0.845313 0.474074 0.846354 0.476852 0.846875 0.484259 0.847917 0.497222 0.848437 0.504630 0.847917 0.509259 0.848437 0.513889 0.848958 0.519444 0.849479 0.524074 0.851042 0.528704 0.851042 0.530556 0.851562 0.532407 0.852604 0.533333 0.855208 0.532407 0.858333 0.529630 0.859375 0.528704 0.859896 0.527778 0.860417 0.525926 0.860417 0.524074 0.859896 0.494444 0.859375 0.483333 0.858333 0.478704 0.858333 0.474074 0.857292 0.470370 0.857292 0.460185 0.854688 0.452778 0.854167 0.446296 0.854688 0.444444 0.855729 0.442593 0.856250 0.437037 0.856250 0.435185 0.855729 0.433333 0.854688 0.431481 0.854688 0.427778 0.854167 0.425926 0.853646 0.425000 0.853125 0.425000 0.850000 0.425000
