0 0.925000 0.874074 0.922396 0.875000 0.920312 0.876852 0.920312 0.878704 0.918750 0.883333 0.919271 0.892593 0.919792 0.895370 0.920312 0.897222 0.921354 0.899074 0.921354 0.900000 0.921875 0.900926 0.922396 0.900926 0.925000 0.904630 0.928125 0.907407 0.932292 0.908333 0.934896 0.907407 0.935937 0.906481 0.936979 0.905556 0.939063 0.902778 0.940104 0.900000 0.940625 0.896296 0.940625 0.888889 0.939583 0.886111 0.939583 0.883333 0.939063 0.881481 0.935937 0.875926 0.934896 0.875000 0.933333 0.874074 0.925000 0.874074
0 0.606250 0.838889 0.604167 0.840741 0.602604 0.841667 0.600521 0.845370 0.599479 0.848148 0.598958 0.852778 0.598958 0.857407 0.599479 0.862037 0.601562 0.868519 0.602604 0.870370 0.603125 0.870370 0.604688 0.873148 0.605729 0.874074 0.608854 0.875000 0.609896 0.875000 0.613542 0.874074 0.615104 0.873148 0.616667 0.871296 0.617708 0.868519 0.618229 0.866667 0.618750 0.864815 0.619271 0.862037 0.619271 0.853704 0.617708 0.848148 0.615625 0.844444 0.614062 0.842593 0.612500 0.840741 0.611458 0.839815 0.609896 0.838889 0.606250 0.838889
0 0.705208 0.782407 0.702604 0.783333 0.699479 0.786111 0.697917 0.788889 0.697396 0.790741 0.696875 0.793519 0.696875 0.801852 0.697396 0.805556 0.697917 0.807407 0.698438 0.809259 0.699479 0.812037 0.702083 0.815741 0.703125 0.816667 0.704167 0.817593 0.706250 0.818519 0.710417 0.818519 0.712500 0.817593 0.713542 0.816667 0.714583 0.815741 0.716146 0.812963 0.717187 0.810185 0.717708 0.807407 0.717708 0.799074 0.717187 0.795370 0.716667 0.793519 0.713021 0.787037 0.708854 0.783333 0.706250 0.782407 0.705208 0.782407
0 0.923438 0.731481 0.920833 0.732407 0.919271 0.733333 0.917708 0.736111 0.917188 0.737963 0.916667 0.739815 0.916146 0.742593 0.916146 0.749074 0.917188 0.754630 0.917708 0.757407 0.919792 0.761111 0.921354 0.762963 0.922396 0.763889 0.923958 0.764815 0.926042 0.765741 0.929167 0.765741 0.930729 0.763889 0.932292 0.763889 0.933854 0.762963 0.934896 0.762037 0.935417 0.758333 0.936458 0.754630 0.936458 0.744444 0.935417 0.738889 0.934375 0.737037 0.932292 0.735185 0.929167 0.732407 0.926562 0.731481 0.923438 0.731481
0 0.560937 0.446296 0.559375 0.447222 0.558333 0.448148 0.557292 0.449074 0.554688 0.453704 0.554167 0.455556 0.553646 0.457407 0.553646 0.465741 0.555208 0.471296 0.556250 0.474074 0.557292 0.475926 0.560417 0.478704 0.564063 0.479630 0.567708 0.478704 0.569271 0.480556 0.570833 0.482407 0.572396 0.485185 0.573958 0.487037 0.576042 0.487963 0.581250 0.487963 0.582292 0.487037 0.585417 0.482407 0.586458 0.481481 0.588542 0.480556 0.586458 0.476852 0.586458 0.474074 0.588542 0.469444 0.587500 0.467593 0.585938 0.462963 0.585938 0.461111 0.584896 0.459259 0.583333 0.457407 0.582292 0.456481 0.581250 0.455556 0.573958 0.455556 0.572396 0.454630 0.571354 0.453704 0.570312 0.452778 0.568229 0.449074 0.567187 0.448148 0.565625 0.447222 0.564063 0.446296 0.560937 0.446296
0 0.605729 0.430556 0.603125 0.431481 0.602083 0.432407 0.600521 0.439815 0.601042 0.450000 0.600000 0.452778 0.600521 0.454630 0.601042 0.456481 0.601562 0.457407 0.602604 0.458333 0.603646 0.459259 0.605208 0.460185 0.607292 0.461111 0.609375 0.462037 0.613021 0.462037 0.615625 0.459259 0.616667 0.457407 0.618229 0.451852 0.618750 0.449074 0.618750 0.442593 0.617188 0.437037 0.615104 0.433333 0.614062 0.432407 0.613021 0.431481 0.610417 0.430556 0.605729 0.430556
0 0.753646 0.425926 0.751563 0.426852 0.750000 0.428704 0.747917 0.431481 0.746875 0.434259 0.746354 0.436111 0.745833 0.437963 0.745833 0.444444 0.746354 0.448148 0.746875 0.450926 0.747396 0.452778 0.749479 0.456481 0.751042 0.457407 0.752604 0.458333 0.757812 0.458333 0.759896 0.457407 0.761458 0.456481 0.762500 0.455556 0.764583 0.451852 0.765104 0.449074 0.765625 0.443519 0.765625 0.441667 0.765104 0.437037 0.764062 0.434259 0.763021 0.431481 0.761458 0.428704 0.760417 0.427778 0.758854 0.426852 0.756250 0.425926 0.753646 0.425926
0 0.560417 0.190741 0.556771 0.191667 0.555729 0.192593 0.554167 0.194444 0.553125 0.196296 0.552083 0.199074 0.552083 0.212963 0.552604 0.216667 0.553125 0.219444 0.554688 0.222222 0.556250 0.224074 0.557292 0.225000 0.560937 0.225000 0.563542 0.224074 0.564583 0.223148 0.567187 0.218519 0.567708 0.216667 0.567708 0.201852 0.567187 0.199074 0.566667 0.197222 0.565104 0.193519 0.564583 0.192593 0.563542 0.191667 0.560417 0.190741
0 0.299479 0.098148 0.296354 0.100000 0.295833 0.101852 0.295312 0.103704 0.295312 0.112963 0.295833 0.118519 0.296875 0.123148 0.298958 0.124074 0.304167 0.124074 0.306250 0.125926 0.307292 0.125926 0.310417 0.123148 0.310417 0.107407 0.309896 0.105556 0.308333 0.101852 0.306771 0.099074 0.305729 0.098148 0.299479 0.098148
2 0.268229 0.422222 0.267188 0.423148 0.266146 0.424074 0.264583 0.426852 0.264062 0.428704 0.263542 0.434259 0.264062 0.443519 0.264062 0.448148 0.263542 0.474074 0.264583 0.476852 0.264583 0.479630 0.266146 0.482407 0.268229 0.485185 0.269271 0.485185 0.270833 0.484259 0.271875 0.483333 0.272396 0.482407 0.272917 0.480556 0.272917 0.473148 0.273438 0.465741 0.273958 0.461111 0.275521 0.450000 0.276042 0.449074 0.276042 0.447222 0.275521 0.446296 0.275000 0.442593 0.275000 0.436111 0.274479 0.433333 0.272396 0.425926 0.271875 0.423148 0.270313 0.422222 0.268229 0.422222
3 0.594792 0.353704 0.592708 0.355556 0.592187 0.357407 0.591667 0.359259 0.591146 0.366667 0.591146 0.387037 0.590625 0.400000 0.590104 0.403704 0.588542 0.406481 0.586458 0.407407 0.583854 0.407407 0.576562 0.406481 0.570833 0.405556 0.565625 0.403704 0.560417 0.403704 0.559375 0.404630 0.557292 0.408333 0.556771 0.423148 0.556771 0.425000 0.557813 0.426852 0.558854 0.427778 0.560417 0.428704 0.570312 0.429630 0.574479 0.428704 0.581771 0.429630 0.583333 0.427778 0.585417 0.427778 0.586458 0.428704 0.587500 0.430556 0.588542 0.433333 0.589063 0.436111 0.589583 0.445370 0.589583 0.450000 0.589583 0.461111 0.589583 0.465741 0.588542 0.479630 0.588542 0.484259 0.589583 0.487963 0.590104 0.487963 0.591146 0.489815 0.592708 0.490741 0.597917 0.490741 0.598958 0.489815 0.600521 0.487037 0.601042 0.485185 0.601562 0.480556 0.601562 0.478704 0.601042 0.476852 0.601562 0.454630 0.602083 0.441667 0.602604 0.435185 0.603125 0.433333 0.605208 0.429630 0.606771 0.428704 0.613021 0.428704 0.614583 0.429630 0.615625 0.431481 0.619792 0.431481 0.620833 0.432407 0.622917 0.435185 0.625521 0.436111 0.633854 0.436111 0.636458 0.432407 0.636979 0.430556 0.636979 0.416667 0.636458 0.414815 0.635417 0.412963 0.633854 0.412037 0.627083 0.411111 0.613542 0.410185 0.611458 0.410185 0.606771 0.411111 0.605729 0.412963 0.604167 0.409259 0.603646 0.407407 0.604167 0.380556 0.604167 0.377778 0.603646 0.376852 0.604167 0.372222 0.603646 0.357407 0.602083 0.354630 0.600521 0.353704 0.594792 0.353704
1 0.905208 0.037963 0.906250 0.038889 0.907292 0.039815 0.908854 0.042593 0.910417 0.047222 0.910937 0.049074 0.911458 0.055556 0.911979 0.057407 0.912500 0.058333 0.913542 0.059259 0.914583 0.060185 0.918750 0.059259 0.920312 0.060185 0.921875 0.062963 0.923438 0.063889 0.924479 0.066667 0.924479 0.068519 0.923958 0.070370 0.922917 0.072222 0.920312 0.074074 0.918750 0.076852 0.915104 0.075926 0.914062 0.076852 0.913542 0.078704 0.913021 0.081481 0.914062 0.091667 0.914062 0.101852 0.916146 0.105556 0.915625 0.110185 0.916146 0.114815 0.917188 0.118519 0.917188 0.125926 0.917708 0.129630 0.918750 0.133333 0.919271 0.137037 0.919271 0.145370 0.919792 0.153704 0.920833 0.157407 0.920312 0.162963 0.921354 0.166667 0.921875 0.175000 0.922396 0.181481 0.922917 0.190741 0.923438 0.195370 0.924479 0.198148 0.924479 0.209259 0.925521 0.212963 0.925521 0.225000 0.926562 0.229630 0.927083 0.238889 0.927083 0.252778 0.927604 0.265741 0.928125 0.268519 0.929688 0.273148 0.930208 0.275926 0.930208 0.281481 0.931250 0.286111 0.931250 0.295370 0.932292 0.300926 0.932813 0.308333 0.932813 0.315741 0.933854 0.322222 0.933854 0.324074 0.933333 0.329630 0.934896 0.336111 0.934896 0.344444 0.935937 0.347222 0.935937 0.351852 0.936458 0.352778 0.935937 0.357407 0.935937 0.359259 0.936979 0.363889 0.937500 0.375000 0.938542 0.377778 0.939063 0.379630 0.938542 0.391667 0.939583 0.398148 0.939583 0.405556 0.940625 0.410185 0.940104 0.415741 0.940104 0.418519 0.941146 0.425000 0.942187 0.426852 0.942708 0.429630 0.942708 0.437963 0.943229 0.438889 0.943229 0.446296 0.942708 0.447222 0.942708 0.453704 0.943229 0.465741 0.943750 0.468519 0.944792 0.471296 0.944792 0.474074 0.945312 0.475000 0.945312 0.476852 0.944792 0.484259 0.945833 0.487037 0.946354 0.497222 0.945833 0.500926 0.946875 0.503704 0.946354 0.507407 0.947396 0.511111 0.947917 0.514815 0.948438 0.518519 0.947396 0.521296 0.947396 0.523148 0.948438 0.526852 0.948958 0.533333 0.949479 0.541667 0.949479 0.544444 0.948958 0.561111 0.950521 0.564815 0.951042 0.573148 0.952083 0.575926 0.952083 0.586111 0.953125 0.587963 0.953646 0.590741 0.953646 0.592593 0.952604 0.596296 0.952604 0.605556 0.953646 0.614815 0.953646 0.631481 0.954167 0.645370 0.955208 0.649074 0.955208 0.656481 0.956250 0.659259 0.956771 0.661111 0.955729 0.671296 0.956771 0.674074 0.956771 0.677778 0.955729 0.684259 0.956250 0.688889 0.957292 0.691667 0.957812 0.701852 0.957812 0.712963 0.958333 0.720370 0.958854 0.727778 0.959896 0.734259 0.959375 0.737963 0.959896 0.758333 0.960938 0.761111 0.960417 0.764815 0.960938 0.769444 0.960417 0.770370 0.960417 0.774074 0.960417 0.782407 0.961979 0.792593 0.961458 0.809259 0.961458 0.813889 0.962500 0.816667 0.963021 0.820370 0.963542 0.826852 0.963021 0.836111 0.963021 0.839815 0.963542 0.840741 0.964583 0.852778 0.964583 0.864815 0.965104 0.867593 0.964583 0.872222 0.964583 0.876852 0.964063 0.877778 0.964063 0.881481 0.965104 0.886111 0.965104 0.890741 0.966146 0.893519 0.966667 0.899074 0.966146 0.903704 0.966667 0.912037 0.967187 0.918519 0.967708 0.920370 0.968229 0.922222 0.969271 0.924074 0.971354 0.925926 0.975000 0.927778 0.977083 0.928704 0.979167 0.928704 0.979688 0.931481 0.980729 0.933333 0.981250 0.935185 0.981250 0.938889 0.979167 0.940741 0.977083 0.940741 0.975000 0.942593 0.972917 0.943519 0.970313 0.943519 0.969271 0.944444 0.968229 0.946296 0.967187 0.950000 0.967187 0.956481 0.966146 0.960185 0.966667 0.964815 0.966146 0.970370 0.965625 0.972222 0.965104 0.973148 0.964063 0.974074 0.958854 0.974074 0.955729 0.973148 0.954167 0.971296 0.952604 0.971296 0.951042 0.970370 0.949479 0.968519 0.947917 0.968519 0.946875 0.967593 0.945833 0.966667 0.943750 0.963889 0.943229 0.962963 0.942708 0.961111 0.942187 0.959259 0.943229 0.950000 0.942187 0.947222 0.942187 0.946296 0.941667 0.945370 0.940625 0.944444 0.926042 0.943519 0.910937 0.943519 0.900521 0.945370 0.899479 0.945370 0.896875 0.944444 0.878646 0.945370 0.869792 0.943519 0.843750 0.943519 0.840625 0.943519 0.829167 0.945370 0.822396 0.945370 0.814583 0.943519 0.806250 0.942593 0.793229 0.943519 0.777083 0.942593 0.772396 0.940741 0.761979 0.942593 0.752604 0.941667 0.743750 0.939815 0.739062 0.940741 0.735938 0.940741 0.719792 0.939815 0.707812 0.937963 0.694792 0.937963 0.685937 0.936111 0.681250 0.937037 0.667708 0.936111 0.663542 0.934259 0.650000 0.934259 0.644792 0.932407 0.638542 0.932407 0.633854 0.930556 0.631771 0.930556 0.631250 0.931481 0.629167 0.931481 0.625521 0.930556 0.611458 0.931481 0.598437 0.929630 0.583333 0.929630 0.575521 0.927778 0.566667 0.926852 0.552083 0.925926 0.547917 0.926852 0.545833 0.926852 0.538542 0.925000 0.532813 0.925926 0.530729 0.925926 0.522917 0.924074 0.512500 0.923148 0.496875 0.922222 0.472917 0.922222 0.470313 0.921296 0.467708 0.919444 0.453646 0.919444 0.440625 0.918519 0.431250 0.916667 0.403125 0.916667 0.394271 0.915741 0.385417 0.913889 0.374479 0.913889 0.367708 0.912037 0.357812 0.911111 0.344792 0.911111 0.333854 0.910185 0.328125 0.908333 0.320833 0.909259 0.315625 0.907407 0.303125 0.907407 0.300000 0.905556 0.278125 0.906481 0.275000 0.905556 0.272396 0.903704 0.258854 0.904630 0.236979 0.903704 0.235937 0.904630 0.234896 0.905556 0.233854 0.907407 0.233333 0.909259 0.233333 0.917593 0.229167 0.925000 0.227604 0.925926 0.226042 0.925926 0.223438 0.928704 0.220833 0.928704 0.218750 0.930556 0.215625 0.930556 0.214062 0.927778 0.213542 0.925926 0.214062 0.921296 0.214062 0.917593 0.213542 0.912037 0.214062 0.908333 0.213542 0.906481 0.213542 0.904630 0.210938 0.900000 0.209375 0.899074 0.204167 0.898148 0.202083 0.896296 0.201563 0.894444 0.201563 0.887037 0.202604 0.886111 0.204167 0.885185 0.206250 0.884259 0.208854 0.884259 0.211458 0.883333 0.212500 0.882407 0.214583 0.878704 0.216146 0.873148 0.216146 0.863889 0.217188 0.860185 0.217708 0.849074 0.218750 0.846296 0.219271 0.842593 0.219792 0.837963 0.220312 0.830556 0.220312 0.822222 0.221354 0.814815 0.221354 0.805556 0.222396 0.799074 0.222396 0.791667 0.222917 0.786111 0.223438 0.780556 0.224479 0.776852 0.224479 0.771296 0.226562 0.756481 0.226562 0.742593 0.227083 0.736111 0.227604 0.729630 0.229167 0.717593 0.229167 0.711111 0.230208 0.707407 0.230729 0.702778 0.230208 0.700926 0.230208 0.699074 0.230729 0.695370 0.231771 0.690741 0.231771 0.681481 0.232813 0.678704 0.233333 0.671296 0.233333 0.663889 0.234375 0.659259 0.234896 0.651852 0.234896 0.642593 0.235417 0.636111 0.237500 0.623148 0.238021 0.618519 0.238542 0.611111 0.238542 0.603704 0.239583 0.598148 0.239583 0.591667 0.240625 0.587963 0.240625 0.577778 0.241146 0.571296 0.242708 0.561111 0.243229 0.555556 0.243229 0.550000 0.243750 0.542593 0.244792 0.538889 0.244792 0.528704 0.245833 0.524074 0.245833 0.519444 0.246354 0.514815 0.247396 0.511111 0.247917 0.505556 0.247396 0.501852 0.247917 0.496296 0.248438 0.489815 0.248958 0.484259 0.250000 0.481481 0.250521 0.477778 0.250000 0.474074 0.251042 0.470370 0.251042 0.468519 0.263021 0.466667 0.263021 0.465741 0.263542 0.462963 0.266146 0.462037 0.267188 0.461111 0.268229 0.459259 0.269792 0.460185 0.268750 0.462037 0.269792 0.464815 0.270313 0.466667 0.269792 0.468519 0.268750 0.468519 0.270833 0.471296 0.271875 0.473148 0.272396 0.475000 0.272917 0.476852 0.270313 0.487037 0.269792 0.488889 0.268229 0.492593 0.267708 0.497222 0.267708 0.504630 0.266667 0.509259 0.266146 0.515741 0.265104 0.528704 0.264583 0.537037 0.265104 0.546296 0.263542 0.554630 0.263542 0.561111 0.263021 0.565741 0.262500 0.569444 0.261979 0.573148 0.260417 0.578704 0.259896 0.581481 0.259375 0.595370 0.259896 0.601852 0.259375 0.606481 0.257812 0.612037 0.257292 0.618519 0.256771 0.622222 0.256250 0.631481 0.256250 0.643519 0.255208 0.648148 0.255208 0.657407 0.254167 0.661111 0.252604 0.675000 0.252083 0.680556 0.251042 0.692593 0.251563 0.699074 0.251042 0.702778 0.250000 0.705556 0.250000 0.708333 0.249479 0.715741 0.249479 0.722222 0.248958 0.729630 0.247396 0.737037 0.246875 0.743519 0.245312 0.762963 0.244792 0.772222 0.244792 0.783333 0.243750 0.789815 0.243750 0.797222 0.242708 0.802778 0.242708 0.812037 0.241667 0.815741 0.241667 0.824074 0.241146 0.829630 0.240104 0.834259 0.239583 0.842593 0.239583 0.857407 0.238542 0.862037 0.238542 0.863889 0.238021 0.875926 0.239063 0.878704 0.240625 0.880556 0.243229 0.881481 0.248438 0.881481 0.253125 0.882407 0.257292 0.884259 0.263542 0.884259 0.267708 0.886111 0.275000 0.887037 0.278125 0.887037 0.280729 0.885185 0.286979 0.885185 0.291146 0.887037 0.296354 0.887963 0.297917 0.887963 0.303125 0.887963 0.304167 0.887963 0.315625 0.887037 0.324479 0.888889 0.340104 0.887963 0.346354 0.889815 0.355729 0.890741 0.359375 0.890741 0.365625 0.889815 0.370833 0.890741 0.372917 0.892593 0.376042 0.893519 0.377083 0.893519 0.386458 0.891667 0.398438 0.891667 0.410938 0.892593 0.413542 0.894444 0.416667 0.895370 0.424479 0.895370 0.440625 0.895370 0.445833 0.897222 0.455208 0.898148 0.456771 0.898148 0.460417 0.897222 0.462500 0.899074 0.468750 0.898148 0.470833 0.898148 0.473438 0.900000 0.479687 0.899074 0.481250 0.899074 0.483854 0.900926 0.489583 0.901852 0.507812 0.900926 0.518229 0.900926 0.519271 0.900926 0.538021 0.902778 0.542708 0.901852 0.543750 0.901852 0.551562 0.902778 0.556250 0.904630 0.564063 0.905556 0.572396 0.904630 0.577604 0.905556 0.580729 0.907407 0.593750 0.908333 0.602604 0.907407 0.606250 0.907407 0.609375 0.909259 0.620313 0.908333 0.628125 0.909259 0.633854 0.910185 0.638021 0.911111 0.639583 0.912963 0.641146 0.912963 0.642708 0.914815 0.643750 0.915741 0.645833 0.912963 0.648958 0.912963 0.650521 0.914815 0.652083 0.912963 0.653125 0.912037 0.654167 0.911111 0.658854 0.911111 0.665625 0.912037 0.668750 0.913889 0.675000 0.913889 0.677604 0.915741 0.683854 0.916667 0.688021 0.915741 0.689063 0.915741 0.692187 0.917593 0.709896 0.917593 0.714063 0.915741 0.719271 0.916667 0.720833 0.916667 0.722917 0.914815 0.730729 0.914815 0.733854 0.916667 0.738021 0.917593 0.745313 0.918519 0.753125 0.917593 0.752083 0.914815 0.760417 0.914815 0.761458 0.916667 0.766146 0.917593 0.770312 0.918519 0.777083 0.919444 0.782292 0.918519 0.783854 0.918519 0.789062 0.920370 0.790625 0.920370 0.795312 0.919444 0.800000 0.920370 0.803125 0.922222 0.806771 0.921296 0.809896 0.921296 0.820312 0.920370 0.830729 0.921296 0.832292 0.921296 0.835938 0.920370 0.843750 0.922222 0.847396 0.922222 0.856771 0.921296 0.865625 0.923148 0.867188 0.923148 0.873437 0.922222 0.875521 0.920370 0.883333 0.920370 0.885938 0.923148 0.888021 0.923148 0.890104 0.921296 0.891667 0.921296 0.907292 0.922222 0.909896 0.921296 0.910417 0.920370 0.911979 0.920370 0.916146 0.922222 0.918229 0.925000 0.925521 0.925000 0.929167 0.924074 0.930208 0.923148 0.932292 0.919444 0.933333 0.918519 0.934375 0.917593 0.938021 0.916667 0.939063 0.915741 0.940104 0.913889 0.940104 0.910185 0.941667 0.907407 0.940625 0.904630 0.940625 0.900926 0.941146 0.897222 0.942187 0.895370 0.942708 0.893519 0.942187 0.888889 0.941667 0.886111 0.940104 0.882407 0.939583 0.879630 0.938542 0.873148 0.939063 0.871296 0.940104 0.869444 0.939063 0.865741 0.939063 0.862963 0.938021 0.861111 0.935937 0.861111 0.934375 0.858333 0.935417 0.852778 0.935417 0.848148 0.936979 0.846296 0.937500 0.843519 0.937500 0.840741 0.937500 0.834259 0.937500 0.830556 0.936979 0.820370 0.935937 0.815741 0.935937 0.806481 0.936979 0.800926 0.936979 0.796296 0.935937 0.793519 0.936458 0.790741 0.934375 0.786111 0.935937 0.783333 0.935417 0.779630 0.936458 0.776852 0.936458 0.772222 0.938021 0.770370 0.939063 0.769444 0.942708 0.770370 0.943750 0.768519 0.940104 0.767593 0.939063 0.766667 0.939583 0.762037 0.938021 0.759259 0.938021 0.757407 0.939583 0.754630 0.939583 0.752778 0.938021 0.748148 0.938021 0.743519 0.937500 0.739815 0.936458 0.737963 0.936979 0.733333 0.936458 0.731481 0.935937 0.730556 0.933854 0.727778 0.932292 0.726852 0.933333 0.724074 0.931771 0.720370 0.931771 0.718519 0.931771 0.712963 0.932813 0.710185 0.932813 0.708333 0.932292 0.693519 0.931771 0.692593 0.931771 0.678704 0.930729 0.674074 0.930729 0.670370 0.930208 0.669444 0.930208 0.666667 0.930729 0.660185 0.930208 0.653704 0.929167 0.650926 0.928646 0.648148 0.928646 0.646296 0.929167 0.638889 0.929167 0.629630 0.928646 0.621296 0.928125 0.614815 0.927604 0.612037 0.926042 0.608333 0.926562 0.604630 0.926042 0.603704 0.926042 0.601852 0.926562 0.597222 0.926042 0.590741 0.927083 0.587963 0.926562 0.584259 0.925521 0.581481 0.925000 0.568519 0.923958 0.570370 0.923958 0.572222 0.924479 0.573148 0.924479 0.575926 0.923438 0.577778 0.924479 0.581481 0.922396 0.582407 0.921354 0.582407 0.920312 0.581481 0.919792 0.579630 0.919271 0.576852 0.918750 0.572222 0.918750 0.570370 0.920833 0.567593 0.920833 0.563889 0.920312 0.562963 0.920312 0.559259 0.920833 0.557407 0.923438 0.556481 0.923438 0.550000 0.923958 0.548148 0.923958 0.546296 0.922917 0.544444 0.921354 0.537963 0.920833 0.530556 0.920833 0.528704 0.922396 0.525926 0.921354 0.522222 0.920833 0.518519 0.921354 0.514815 0.922917 0.514815 0.923958 0.516667 0.926042 0.516667 0.927083 0.514815 0.927604 0.512963 0.928125 0.512963 0.928646 0.509259 0.928125 0.500926 0.929167 0.498148 0.929167 0.487963 0.927604 0.484259 0.928125 0.481481 0.929167 0.480556 0.929167 0.475926 0.928125 0.474074 0.928125 0.469444 0.927083 0.466667 0.928646 0.463889 0.926562 0.459259 0.925521 0.458333 0.921354 0.459259 0.918750 0.458333 0.917708 0.456481 0.917188 0.453704 0.917188 0.451852 0.917708 0.449074 0.919792 0.447222 0.925521 0.447222 0.927604 0.443519 0.928125 0.441667 0.928646 0.438889 0.928125 0.435185 0.926562 0.432407 0.926042 0.430556 0.925521 0.428704 0.926042 0.421296 0.925521 0.418519 0.923958 0.417593 0.919271 0.418519 0.918750 0.421296 0.918229 0.419444 0.919271 0.418519 0.917188 0.416667 0.916146 0.414815 0.917188 0.412037 0.916146 0.409259 0.915625 0.406481 0.915625 0.402778 0.916146 0.401852 0.916146 0.399074 0.915625 0.392593 0.915104 0.388889 0.914062 0.386111 0.914062 0.380556 0.913021 0.377778 0.912500 0.372222 0.913021 0.360185 0.911979 0.355556 0.912500 0.350000 0.911458 0.346296 0.908854 0.344444 0.910417 0.341667 0.907292 0.339815 0.906250 0.336111 0.906250 0.334259 0.907292 0.332407 0.907813 0.332407 0.907292 0.328704 0.907292 0.324074 0.907813 0.320370 0.908854 0.318519 0.908854 0.307407 0.906250 0.302778 0.906771 0.297222 0.905208 0.293519 0.905208 0.291667 0.906250 0.288889 0.906771 0.287037 0.905208 0.281481 0.905208 0.278704 0.904167 0.275926 0.904687 0.267593 0.904687 0.264815 0.904687 0.258333 0.904167 0.248148 0.903125 0.244444 0.903125 0.223148 0.902083 0.216667 0.902083 0.210185 0.901563 0.208333 0.900521 0.206481 0.900000 0.204630 0.900521 0.192593 0.900000 0.184259 0.898438 0.178704 0.898438 0.162037 0.899479 0.157407 0.898958 0.153704 0.897396 0.150926 0.897396 0.142593 0.896875 0.140741 0.894271 0.136111 0.893750 0.134259 0.893750 0.127778 0.893229 0.123148 0.891667 0.119444 0.892708 0.116667 0.892708 0.112037 0.891667 0.109259 0.891667 0.100926 0.891667 0.097222 0.891146 0.095370 0.887500 0.094444 0.876563 0.096296 0.872917 0.094444 0.868750 0.095370 0.859896 0.093519 0.857812 0.093519 0.853646 0.093519 0.851562 0.093519 0.849479 0.095370 0.846354 0.094444 0.844792 0.094444 0.819271 0.095370 0.815104 0.094444 0.811458 0.091667 0.808854 0.091667 0.806771 0.093519 0.801562 0.094444 0.792708 0.094444 0.790104 0.091667 0.787500 0.091667 0.786979 0.092593 0.784896 0.092593 0.784375 0.091667 0.782292 0.091667 0.779687 0.094444 0.776042 0.093519 0.774479 0.093519 0.769271 0.093519 0.767708 0.093519 0.767188 0.094444 0.765625 0.094444 0.763021 0.092593 0.758854 0.093519 0.755729 0.091667 0.752083 0.091667 0.746875 0.092593 0.744271 0.090741 0.741146 0.091667 0.739583 0.093519 0.738542 0.093519 0.735938 0.092593 0.732812 0.092593 0.731771 0.094444 0.730729 0.095370 0.729688 0.094444 0.728125 0.093519 0.726042 0.093519 0.721354 0.093519 0.718750 0.093519 0.718229 0.094444 0.715104 0.094444 0.713542 0.092593 0.712500 0.093519 0.710938 0.094444 0.709896 0.094444 0.707292 0.091667 0.702604 0.089815 0.701562 0.087963 0.703646 0.085185 0.702604 0.083333 0.699479 0.085185 0.697396 0.083333 0.695312 0.083333 0.694792 0.085185 0.696875 0.086111 0.697917 0.087963 0.696354 0.090741 0.694792 0.091667 0.689583 0.090741 0.688021 0.090741 0.687500 0.091667 0.685417 0.091667 0.684375 0.093519 0.682813 0.094444 0.681771 0.094444 0.681250 0.093519 0.679167 0.092593 0.677604 0.092593 0.675000 0.094444 0.669271 0.094444 0.667188 0.094444 0.664583 0.092593 0.656771 0.092593 0.655208 0.093519 0.652083 0.091667 0.633854 0.090741 0.630208 0.090741 0.627604 0.092593 0.624479 0.092593 0.614583 0.091667 0.612500 0.093519 0.607292 0.092593 0.606250 0.094444 0.604688 0.094444 0.602604 0.092593 0.601562 0.092593 0.599479 0.094444 0.598437 0.094444 0.596354 0.092593 0.594271 0.092593 0.592187 0.094444 0.590625 0.094444 0.586979 0.093519 0.586458 0.094444 0.583333 0.094444 0.578125 0.094444 0.575000 0.092593 0.572396 0.095370 0.569271 0.095370 0.568750 0.094444 0.565625 0.094444 0.565104 0.095370 0.561458 0.094444 0.559896 0.094444 0.555729 0.095370 0.554167 0.093519 0.552604 0.093519 0.550521 0.095370 0.548438 0.095370 0.543750 0.095370 0.542708 0.095370 0.539583 0.093519 0.532813 0.093519 0.530208 0.095370 0.528125 0.095370 0.524479 0.094444 0.523958 0.095370 0.520312 0.095370 0.519792 0.094444 0.516146 0.095370 0.515104 0.095370 0.513021 0.093519 0.509375 0.094444 0.507292 0.094444 0.505208 0.092593 0.502604 0.095370 0.500000 0.095370 0.499479 0.094444 0.497396 0.094444 0.490104 0.096296 0.484896 0.095370 0.483333 0.095370 0.480729 0.097222 0.478646 0.096296 0.477604 0.094444 0.476562 0.094444 0.474479 0.096296 0.473438 0.096296 0.472917 0.095370 0.470833 0.094444 0.469271 0.094444 0.464583 0.094444 0.461979 0.094444 0.461458 0.095370 0.458333 0.095370 0.456250 0.093519 0.454167 0.095370 0.447396 0.096296 0.444271 0.096296 0.443229 0.094444 0.442188 0.094444 0.441146 0.096296 0.439583 0.097222 0.438542 0.097222 0.436979 0.096296 0.435937 0.094444 0.434896 0.094444 0.433333 0.096296 0.431250 0.096296 0.429167 0.094444 0.427604 0.094444 0.422396 0.094444 0.420833 0.094444 0.416667 0.095370 0.415625 0.093519 0.413021 0.093519 0.411458 0.095370 0.410417 0.095370 0.408854 0.093519 0.407813 0.092593 0.406250 0.095370 0.405208 0.096296 0.402604 0.096296 0.401042 0.094444 0.399479 0.096296 0.397917 0.097222 0.395833 0.097222 0.386458 0.096296 0.380208 0.098148 0.373437 0.098148 0.361979 0.097222 0.359896 0.099074 0.356250 0.100000 0.346875 0.100000 0.343750 0.098148 0.336979 0.097222 0.333333 0.097222 0.332292 0.099074 0.321875 0.098148 0.320833 0.098148 0.318750 0.100000 0.313542 0.100000 0.311979 0.097222 0.311979 0.096296 0.310417 0.093519 0.308854 0.093519 0.301042 0.094444 0.301042 0.090741 0.300000 0.088889 0.299479 0.090741 0.299479 0.095370 0.296875 0.100000 0.296354 0.100000 0.295312 0.101852 0.294792 0.105556 0.294792 0.109259 0.294271 0.110185 0.294271 0.112963 0.294792 0.114815 0.296875 0.118519 0.296354 0.122222 0.297396 0.125000 0.297396 0.133333 0.296354 0.136111 0.296354 0.137963 0.296875 0.142593 0.295312 0.150000 0.295312 0.158333 0.294792 0.159259 0.294792 0.166667 0.295312 0.177778 0.294271 0.181481 0.294271 0.186111 0.292708 0.192593 0.292187 0.197222 0.291667 0.201852 0.292187 0.212037 0.292187 0.213889 0.290625 0.221296 0.290625 0.228704 0.290104 0.231481 0.289062 0.234259 0.289062 0.238889 0.287500 0.247222 0.286979 0.250926 0.287500 0.256481 0.286458 0.261111 0.286458 0.270370 0.285417 0.274074 0.285417 0.284259 0.284375 0.291667 0.284896 0.295370 0.283854 0.299074 0.283854 0.315741 0.282813 0.319444 0.282292 0.324074 0.281771 0.335185 0.280208 0.341667 0.280729 0.350926 0.280729 0.352778 0.279687 0.356481 0.279167 0.361111 0.278646 0.369444 0.278646 0.380556 0.277604 0.383333 0.277604 0.393519 0.275521 0.403704 0.275521 0.407407 0.274479 0.411111 0.274479 0.418519 0.273438 0.422222 0.271354 0.425000 0.272396 0.428704 0.269271 0.432407 0.268229 0.432407 0.267188 0.434259 0.267188 0.436111 0.266146 0.437963 0.265625 0.437963 0.265104 0.442593 0.264062 0.445370 0.265104 0.449074 0.263542 0.451852 0.263542 0.454630 0.266146 0.456481 0.262500 0.455556 0.261979 0.459259 0.260937 0.462037 0.260937 0.463889 0.261979 0.465741 0.263021 0.465741 0.263021 0.466667 0.267188 0.466667 0.266146 0.464815 0.263542 0.464815 0.263021 0.466667 0.251042 0.468519 0.251042 0.460185 0.252604 0.450926 0.253125 0.446296 0.253646 0.438889 0.254167 0.429630 0.254167 0.417593 0.255208 0.412963 0.255729 0.407407 0.255729 0.395370 0.257292 0.385185 0.258333 0.373148 0.258333 0.366667 0.259896 0.347222 0.260417 0.341667 0.261458 0.338889 0.261979 0.332407 0.263021 0.322222 0.263542 0.315741 0.263542 0.306481 0.264062 0.299074 0.265625 0.287963 0.266146 0.275000 0.267188 0.269444 0.267708 0.263889 0.267708 0.250926 0.268229 0.243519 0.268750 0.237037 0.269792 0.231481 0.270313 0.223148 0.270313 0.213889 0.270313 0.209259 0.271354 0.204630 0.271354 0.199074 0.271875 0.195370 0.272917 0.192593 0.273438 0.187963 0.273438 0.182407 0.274479 0.177778 0.275000 0.173148 0.275521 0.164815 0.276042 0.157407 0.276042 0.148148 0.276562 0.143519 0.278125 0.134259 0.278646 0.129630 0.279167 0.118519 0.281250 0.105556 0.281250 0.091667 0.278646 0.087963 0.278125 0.085185 0.276042 0.082407 0.275000 0.079630 0.273958 0.075000 0.272396 0.072222 0.270833 0.071296 0.271875 0.069444 0.271875 0.068519 0.275000 0.066667 0.276042 0.064815 0.279167 0.064815 0.280208 0.063889 0.281250 0.062963 0.283854 0.058333 0.284896 0.055556 0.285938 0.050926 0.285938 0.046296 0.288542 0.041667 0.289583 0.040741 0.291146 0.041667 0.293229 0.045370 0.293750 0.050926 0.294271 0.053704 0.295833 0.057407 0.296354 0.058333 0.297396 0.059259 0.302083 0.061111 0.306250 0.060185 0.307292 0.060185 0.310417 0.062037 0.317188 0.062037 0.341146 0.060185 0.342187 0.060185 0.349479 0.061111 0.353646 0.061111 0.362500 0.059259 0.371354 0.061111 0.374479 0.061111 0.385937 0.061111 0.388021 0.061111 0.400521 0.061111 0.401562 0.061111 0.406771 0.061111 0.408854 0.061111 0.413021 0.061111 0.415625 0.061111 0.423438 0.059259 0.432292 0.058333 0.439063 0.058333 0.458854 0.059259 0.463021 0.057407 0.470313 0.059259 0.486458 0.057407 0.494271 0.057407 0.514062 0.057407 0.521354 0.057407 0.539583 0.059259 0.546354 0.056481 0.550000 0.058333 0.554688 0.056481 0.570312 0.057407 0.584375 0.055556 0.587500 0.055556 0.600000 0.055556 0.607292 0.056481 0.610938 0.056481 0.618750 0.056481 0.621875 0.056481 0.633333 0.056481 0.636979 0.056481 0.642708 0.054630 0.654167 0.053704 0.661458 0.053704 0.677083 0.055556 0.693750 0.055556 0.695833 0.053704 0.698958 0.054630 0.705729 0.054630 0.706771 0.054630 0.723437 0.052778 0.731771 0.052778 0.752083 0.054630 0.756771 0.053704 0.758854 0.053704 0.764062 0.054630 0.773958 0.054630 0.780208 0.054630 0.789583 0.054630 0.799479 0.053704 0.797396 0.089815 0.796354 0.089815 0.795833 0.093519 0.798438 0.091667 0.797396 0.089815 0.799479 0.053704 0.811458 0.055556 0.831250 0.056481 0.843229 0.056481 0.851562 0.055556 0.852604 0.055556 0.855729 0.057407 0.861979 0.057407 0.864583 0.056481 0.866146 0.056481 0.869792 0.058333 0.878646 0.056481 0.883333 0.057407 0.884375 0.057407 0.889062 0.057407 0.890625 0.057407 0.897396 0.051852 0.898958 0.049074 0.898958 0.047222 0.900000 0.045370 0.900521 0.041667 0.902083 0.038889 0.903125 0.037963 0.905208 0.037963
1 0.920312 0.601852 0.922917 0.601852 0.921875 0.600926 0.920312 0.601852
1 0.906771 0.433333 0.905729 0.436111 0.907292 0.438889 0.906771 0.440741 0.906250 0.442593 0.904167 0.445370 0.904167 0.450000 0.905729 0.452778 0.905729 0.455556 0.908333 0.455556 0.908854 0.453704 0.908854 0.451852 0.907813 0.445370 0.908854 0.441667 0.907813 0.438889 0.908854 0.435185 0.908333 0.433333 0.906771 0.433333
1 0.601562 0.350926 0.602083 0.351852 0.604688 0.351852 0.603646 0.351852 0.602083 0.352778 0.600521 0.355556 0.602604 0.357407 0.603646 0.358333 0.604167 0.362037 0.606250 0.365741 0.605729 0.370370 0.605208 0.373148 0.603646 0.375926 0.604167 0.377778 0.605208 0.379630 0.605208 0.381481 0.605729 0.385185 0.605208 0.387963 0.603125 0.389815 0.604167 0.391667 0.605729 0.392593 0.606771 0.393519 0.606250 0.402778 0.607812 0.405556 0.608854 0.406481 0.614062 0.406481 0.616146 0.408333 0.621354 0.408333 0.623958 0.408333 0.627083 0.406481 0.634896 0.406481 0.635938 0.407407 0.635417 0.411111 0.637500 0.414815 0.636979 0.420370 0.638021 0.424074 0.640104 0.425000 0.638021 0.427778 0.636979 0.430556 0.636979 0.433333 0.636458 0.435185 0.633854 0.438889 0.633333 0.441667 0.631771 0.438889 0.630729 0.437963 0.626563 0.437963 0.625000 0.439815 0.622917 0.439815 0.621875 0.438889 0.620833 0.437963 0.618750 0.434259 0.615104 0.430556 0.614062 0.429630 0.613021 0.428704 0.604167 0.428704 0.602083 0.430556 0.598958 0.430556 0.596354 0.435185 0.596875 0.439815 0.597396 0.439815 0.599479 0.442593 0.598437 0.445370 0.600000 0.448148 0.600000 0.451852 0.601042 0.454630 0.600521 0.457407 0.599479 0.458333 0.598437 0.458333 0.597917 0.462963 0.598437 0.464815 0.600000 0.467593 0.601042 0.470370 0.602604 0.476852 0.601042 0.481481 0.600521 0.483333 0.601042 0.487963 0.599479 0.492593 0.595833 0.492593 0.594792 0.491667 0.593229 0.488889 0.592187 0.485185 0.591667 0.484259 0.590625 0.482407 0.590104 0.481481 0.589583 0.481481 0.588542 0.480556 0.591667 0.481481 0.592708 0.476852 0.592187 0.474074 0.591146 0.472222 0.590625 0.472222 0.589583 0.470370 0.589583 0.466667 0.589583 0.464815 0.591667 0.465741 0.592708 0.463889 0.592708 0.462037 0.591667 0.460185 0.590625 0.461111 0.589583 0.462963 0.589583 0.464815 0.589583 0.466667 0.588542 0.465741 0.588021 0.463889 0.587500 0.457407 0.588542 0.453704 0.588542 0.451852 0.587500 0.449074 0.588542 0.444444 0.588021 0.438889 0.589063 0.438889 0.590104 0.440741 0.592187 0.440741 0.593229 0.439815 0.593750 0.435185 0.591667 0.431481 0.589583 0.434259 0.589063 0.438889 0.588021 0.438889 0.588542 0.436111 0.588021 0.435185 0.588021 0.434259 0.587500 0.433333 0.586458 0.432407 0.585417 0.431481 0.582292 0.430556 0.576042 0.429630 0.568750 0.428704 0.566146 0.428704 0.561979 0.429630 0.558333 0.428704 0.557813 0.427778 0.556771 0.427778 0.556771 0.421296 0.558333 0.418519 0.557292 0.414815 0.557813 0.406481 0.559375 0.403704 0.563021 0.402778 0.569271 0.404630 0.579167 0.403704 0.581771 0.403704 0.583854 0.405556 0.585417 0.405556 0.586979 0.402778 0.587500 0.398148 0.587500 0.392593 0.588542 0.389815 0.589063 0.389815 0.590104 0.391667 0.591667 0.391667 0.591667 0.387037 0.590625 0.387963 0.589063 0.389815 0.588542 0.389815 0.588542 0.383333 0.588021 0.379630 0.590104 0.378704 0.591667 0.380556 0.592187 0.375926 0.591146 0.374074 0.591146 0.371296 0.592187 0.368519 0.591667 0.360185 0.591667 0.358333 0.594271 0.353704 0.597396 0.350926 0.601562 0.350926
2 0.917708 0.414815 0.916146 0.416667 0.915104 0.418519 0.914062 0.421296 0.913542 0.423148 0.913542 0.425926 0.912500 0.429630 0.913021 0.449074 0.914062 0.452778 0.914062 0.456481 0.915104 0.459259 0.915625 0.462037 0.915625 0.472222 0.916146 0.479630 0.917188 0.483333 0.917188 0.493519 0.918750 0.500926 0.918750 0.506481 0.918750 0.508333 0.920833 0.514815 0.921354 0.519444 0.921875 0.521296 0.923438 0.524074 0.924479 0.525000 0.925521 0.525000 0.929167 0.523148 0.930208 0.522222 0.931250 0.520370 0.931771 0.518519 0.931771 0.512037 0.931250 0.502778 0.930208 0.494444 0.930208 0.482407 0.929688 0.473148 0.928646 0.467593 0.928125 0.462963 0.927604 0.455556 0.928125 0.444444 0.927604 0.431481 0.927083 0.427778 0.926042 0.424074 0.926042 0.418519 0.925000 0.414815 0.917708 0.414815
