2 0.244271 0.442593 0.242188 0.446296 0.242188 0.457407 0.242708 0.470370 0.241667 0.472222 0.241146 0.474074 0.241667 0.482407 0.240625 0.487963 0.241146 0.493519 0.241667 0.495370 0.243229 0.498148 0.244271 0.499074 0.245312 0.500000 0.246875 0.500926 0.249479 0.500000 0.251042 0.495370 0.251563 0.492593 0.251563 0.487963 0.252604 0.484259 0.253125 0.471296 0.253125 0.457407 0.252604 0.454630 0.252083 0.451852 0.251042 0.447222 0.250521 0.445370 0.248958 0.442593 0.247917 0.441667 0.244271 0.442593
1 0.577083 0.508333 0.577604 0.511111 0.579688 0.508333 0.577083 0.508333
1 0.595313 0.490741 0.594271 0.494444 0.593229 0.496296 0.592708 0.496296 0.592187 0.498148 0.595313 0.499074 0.596354 0.497222 0.595313 0.495370 0.595313 0.490741
1 0.893229 0.480556 0.893750 0.482407 0.897396 0.482407 0.896875 0.479630 0.893229 0.480556
1 0.591667 0.461111 0.590625 0.462963 0.591667 0.464815 0.593229 0.465741 0.593750 0.470370 0.595833 0.474074 0.595833 0.466667 0.596875 0.462963 0.595833 0.461111 0.591667 0.461111
1 0.597396 0.456481 0.601042 0.456481 0.599479 0.455556 0.598958 0.454630 0.597396 0.456481
1 0.605208 0.453704 0.604167 0.454630 0.603125 0.456481 0.606771 0.456481 0.606250 0.453704 0.605208 0.453704
1 0.621354 0.441667 0.622917 0.443519 0.625000 0.441667 0.623437 0.440741 0.621354 0.441667
1 0.451562 0.425000 0.453125 0.425926 0.454167 0.425000 0.453125 0.423148 0.451562 0.425000
1 0.532813 0.421296 0.532292 0.426852 0.532813 0.430556 0.534375 0.428704 0.535937 0.427778 0.534375 0.426852 0.533333 0.424074 0.534375 0.422222 0.535937 0.421296 0.532813 0.421296
1 0.890104 0.413889 0.891667 0.414815 0.892708 0.414815 0.890104 0.413889
1 0.619271 0.404630 0.618229 0.405556 0.617708 0.407407 0.618750 0.408333 0.621354 0.408333 0.622917 0.410185 0.622917 0.404630 0.619271 0.404630
1 0.543229 0.391667 0.542708 0.393519 0.543229 0.395370 0.543750 0.393519 0.543229 0.391667
1 0.595313 0.388889 0.594271 0.391667 0.593229 0.392593 0.591667 0.393519 0.590625 0.393519 0.592708 0.395370 0.593750 0.397222 0.595313 0.398148 0.596354 0.397222 0.597396 0.395370 0.599479 0.393519 0.598437 0.392593 0.597396 0.392593 0.596354 0.391667 0.595313 0.388889
1 0.594792 0.364815 0.593229 0.365741 0.593750 0.369444 0.595313 0.374074 0.594792 0.375926 0.593229 0.378704 0.592187 0.379630 0.590625 0.379630 0.592187 0.380556 0.593750 0.384259 0.592708 0.386111 0.591667 0.387037 0.593229 0.387037 0.594792 0.385185 0.596354 0.385185 0.596354 0.382407 0.597917 0.379630 0.595833 0.376852 0.595313 0.373148 0.596354 0.370370 0.596354 0.367593 0.597396 0.365741 0.598437 0.365741 0.596354 0.365741 0.595833 0.364815 0.594792 0.364815
1 0.581250 0.351852 0.581771 0.356481 0.582812 0.359259 0.583854 0.362963 0.585417 0.365741 0.584896 0.370370 0.585417 0.376852 0.586458 0.378704 0.586458 0.380556 0.585938 0.387037 0.584896 0.389815 0.585938 0.393519 0.585938 0.400000 0.585417 0.404630 0.586979 0.407407 0.586979 0.411111 0.588021 0.412963 0.589583 0.412963 0.592708 0.412037 0.595313 0.413889 0.598958 0.414815 0.606771 0.413889 0.605729 0.415741 0.604688 0.417593 0.605729 0.419444 0.606771 0.417593 0.605729 0.415741 0.606771 0.413889 0.609375 0.413889 0.609896 0.414815 0.610938 0.414815 0.611458 0.418519 0.612500 0.419444 0.615104 0.419444 0.616146 0.421296 0.617708 0.419444 0.620313 0.419444 0.620833 0.423148 0.620313 0.425926 0.619792 0.428704 0.617708 0.429630 0.617188 0.428704 0.616146 0.428704 0.614583 0.431481 0.615104 0.433333 0.618750 0.433333 0.619792 0.434259 0.620313 0.434259 0.620833 0.438889 0.618750 0.439815 0.615104 0.438889 0.614062 0.439815 0.612500 0.442593 0.602604 0.442593 0.590104 0.442593 0.588021 0.440741 0.585938 0.442593 0.584896 0.444444 0.585417 0.452778 0.585417 0.455556 0.584896 0.457407 0.583333 0.458333 0.582292 0.461111 0.581250 0.461111 0.580208 0.464815 0.580208 0.466667 0.580729 0.468519 0.583854 0.468519 0.584896 0.469444 0.583854 0.470370 0.583333 0.471296 0.583333 0.472222 0.583333 0.477778 0.582812 0.484259 0.581771 0.487963 0.582292 0.494444 0.580208 0.495370 0.578646 0.497222 0.577604 0.497222 0.575521 0.495370 0.573438 0.495370 0.570833 0.493519 0.570312 0.491667 0.570312 0.489815 0.571354 0.487963 0.569792 0.483333 0.571354 0.482407 0.572396 0.480556 0.570833 0.476852 0.571875 0.476852 0.572917 0.475000 0.572917 0.473148 0.570833 0.470370 0.570833 0.468519 0.571875 0.466667 0.569792 0.463889 0.570312 0.460185 0.570312 0.458333 0.569792 0.457407 0.569792 0.455556 0.571354 0.452778 0.570833 0.445370 0.570312 0.443519 0.568750 0.440741 0.567187 0.439815 0.565625 0.438889 0.557813 0.437963 0.555208 0.437963 0.549479 0.438889 0.547396 0.436111 0.545833 0.436111 0.542188 0.437037 0.541667 0.436111 0.540625 0.435185 0.542708 0.433333 0.544792 0.432407 0.543750 0.430556 0.542188 0.430556 0.541146 0.428704 0.541667 0.420370 0.543229 0.419444 0.544271 0.417593 0.543750 0.414815 0.544792 0.413889 0.545312 0.412963 0.545833 0.410185 0.546875 0.410185 0.547396 0.409259 0.550000 0.408333 0.556771 0.409259 0.558333 0.407407 0.565104 0.407407 0.567187 0.405556 0.570312 0.405556 0.571354 0.403704 0.570312 0.400926 0.570833 0.399074 0.571875 0.397222 0.570833 0.393519 0.571354 0.389815 0.570312 0.387037 0.571354 0.383333 0.570833 0.379630 0.571354 0.377778 0.572917 0.374074 0.572917 0.371296 0.572396 0.370370 0.572396 0.368519 0.573438 0.365741 0.573438 0.360185 0.575000 0.357407 0.576042 0.357407 0.576562 0.356481 0.579688 0.356481 0.579688 0.352778 0.578646 0.351852 0.577604 0.351852 0.581250 0.351852
1 0.880208 0.025000 0.881250 0.025926 0.882292 0.030556 0.883333 0.032407 0.883854 0.034259 0.884375 0.037963 0.884375 0.042593 0.886458 0.046296 0.890104 0.045370 0.892188 0.046296 0.896354 0.049074 0.897396 0.050926 0.897917 0.052778 0.897917 0.055556 0.897396 0.057407 0.896875 0.059259 0.893750 0.063889 0.891667 0.064815 0.890104 0.066667 0.888542 0.069444 0.888542 0.071296 0.886979 0.074074 0.888021 0.075926 0.890104 0.077778 0.889062 0.079630 0.888542 0.082407 0.888542 0.087963 0.889583 0.090741 0.889583 0.094444 0.889062 0.101852 0.890625 0.108333 0.890625 0.112037 0.891667 0.115741 0.892188 0.120370 0.892188 0.135185 0.893229 0.139815 0.893229 0.148148 0.894271 0.150926 0.894271 0.153704 0.894792 0.155556 0.896354 0.158333 0.896354 0.161111 0.895312 0.163889 0.895312 0.165741 0.895833 0.166667 0.896354 0.170370 0.896354 0.181481 0.897396 0.184259 0.897396 0.197222 0.898438 0.200926 0.897917 0.208333 0.897917 0.210185 0.898958 0.216667 0.898958 0.225926 0.900000 0.233333 0.900000 0.241667 0.900521 0.249074 0.901042 0.253704 0.903125 0.260185 0.902604 0.264815 0.903125 0.269444 0.904167 0.273148 0.903646 0.277778 0.903646 0.279630 0.904167 0.286111 0.905208 0.289815 0.904687 0.294444 0.905729 0.302778 0.905729 0.314815 0.906250 0.318519 0.907292 0.322222 0.907292 0.328704 0.907813 0.331481 0.908333 0.333333 0.908854 0.335185 0.909896 0.337037 0.911979 0.337963 0.911979 0.339815 0.910937 0.347222 0.910937 0.349074 0.911979 0.351852 0.910417 0.357407 0.910417 0.364815 0.910937 0.375926 0.911979 0.379630 0.912500 0.383333 0.911979 0.389815 0.913021 0.393519 0.913021 0.398148 0.912500 0.411111 0.913021 0.412963 0.914062 0.414815 0.914583 0.417593 0.915104 0.424074 0.915104 0.429630 0.916667 0.438889 0.917188 0.442593 0.917188 0.449074 0.917188 0.459259 0.916667 0.463889 0.916146 0.464815 0.916146 0.466667 0.917188 0.473148 0.918750 0.476852 0.917708 0.479630 0.918229 0.482407 0.919271 0.485185 0.920312 0.486111 0.919271 0.490741 0.919271 0.494444 0.920312 0.497222 0.920833 0.500926 0.921354 0.512963 0.920833 0.523148 0.920833 0.526852 0.921354 0.534259 0.922396 0.536111 0.922917 0.538889 0.922917 0.541667 0.923438 0.544444 0.925000 0.549074 0.924479 0.555556 0.925521 0.559259 0.925000 0.569444 0.925000 0.571296 0.925521 0.576852 0.925000 0.587963 0.926042 0.594444 0.926042 0.596296 0.925521 0.597222 0.925521 0.599074 0.926562 0.602778 0.927083 0.607407 0.927083 0.613889 0.927604 0.617593 0.928125 0.618519 0.928125 0.620370 0.927604 0.621296 0.927083 0.625000 0.927083 0.629630 0.927604 0.633333 0.928646 0.637037 0.929167 0.647222 0.928646 0.658333 0.929688 0.661111 0.930208 0.663889 0.930208 0.665741 0.929688 0.672222 0.930729 0.676852 0.931250 0.684259 0.931250 0.686111 0.930729 0.689815 0.931250 0.703704 0.932813 0.717593 0.933333 0.725926 0.933854 0.733333 0.933854 0.755556 0.934896 0.763889 0.934896 0.765741 0.934375 0.770370 0.935417 0.777778 0.934896 0.782407 0.935937 0.785185 0.935937 0.791667 0.936458 0.796296 0.937500 0.798148 0.937500 0.800926 0.936458 0.803704 0.935937 0.809259 0.936458 0.811111 0.936979 0.813889 0.936979 0.818519 0.938542 0.824074 0.938542 0.826852 0.938021 0.835185 0.939063 0.837037 0.939063 0.840741 0.939063 0.842593 0.938542 0.847222 0.938542 0.850000 0.939063 0.853704 0.940104 0.857407 0.940104 0.860185 0.939583 0.861111 0.939583 0.863889 0.939583 0.875926 0.939583 0.878704 0.940625 0.884259 0.940104 0.889815 0.940625 0.897222 0.942187 0.902778 0.943750 0.905556 0.945312 0.906481 0.946875 0.907407 0.948958 0.908333 0.951562 0.908333 0.953646 0.910185 0.954167 0.912037 0.954688 0.913889 0.954167 0.915741 0.954167 0.917593 0.953125 0.919444 0.952083 0.920370 0.950521 0.921296 0.948438 0.922222 0.943229 0.923148 0.942187 0.924074 0.941667 0.925000 0.941146 0.926852 0.940625 0.928704 0.941146 0.941667 0.940625 0.947222 0.940104 0.950926 0.939583 0.952778 0.932813 0.953704 0.930208 0.952778 0.929167 0.951852 0.928125 0.950926 0.927083 0.949074 0.926042 0.948148 0.925000 0.947222 0.923438 0.946296 0.921354 0.946296 0.920312 0.945370 0.918229 0.942593 0.918229 0.940741 0.917708 0.939815 0.917708 0.934259 0.917708 0.930556 0.916146 0.927778 0.915104 0.926852 0.893750 0.926852 0.882292 0.928704 0.852604 0.928704 0.845313 0.930556 0.835938 0.930556 0.831771 0.929630 0.830729 0.927778 0.829688 0.927778 0.827604 0.921296 0.827604 0.915741 0.827604 0.913889 0.828125 0.912963 0.828125 0.910185 0.828646 0.908333 0.829688 0.907407 0.831771 0.907407 0.833854 0.905556 0.852083 0.905556 0.858854 0.903704 0.876042 0.903704 0.883333 0.901852 0.887500 0.903704 0.893229 0.903704 0.902604 0.902778 0.904687 0.901852 0.907292 0.899074 0.911979 0.899074 0.912500 0.898148 0.913542 0.897222 0.913021 0.895370 0.911979 0.893519 0.912500 0.893519 0.914062 0.890741 0.914583 0.888889 0.915104 0.887037 0.915104 0.885185 0.914583 0.875000 0.913542 0.873148 0.913021 0.869444 0.913021 0.865741 0.913542 0.848148 0.913021 0.847222 0.913542 0.838889 0.913542 0.835185 0.911979 0.831481 0.912500 0.822222 0.912500 0.820370 0.911458 0.803704 0.911979 0.795370 0.911979 0.792593 0.910937 0.790741 0.910937 0.785185 0.910937 0.784259 0.909896 0.782407 0.910937 0.779630 0.910937 0.769444 0.911979 0.765741 0.909896 0.762963 0.909375 0.760185 0.909896 0.759259 0.909896 0.756481 0.909375 0.752778 0.908854 0.750000 0.908333 0.748148 0.907292 0.746296 0.906771 0.744444 0.907813 0.742593 0.907813 0.732407 0.907292 0.722222 0.906250 0.717593 0.906250 0.715741 0.906771 0.710185 0.905729 0.703704 0.905729 0.701852 0.906771 0.697222 0.905729 0.690741 0.906250 0.685185 0.904687 0.676852 0.904167 0.672222 0.903646 0.667593 0.903646 0.655556 0.904167 0.633333 0.903125 0.629630 0.903125 0.618519 0.902604 0.611111 0.901563 0.608333 0.901042 0.605556 0.902083 0.601852 0.901563 0.587963 0.901042 0.584259 0.900000 0.581481 0.899479 0.578704 0.900000 0.575000 0.899479 0.573148 0.898438 0.567593 0.898438 0.556481 0.898958 0.547222 0.898958 0.544444 0.897917 0.540741 0.897917 0.527778 0.895833 0.528704 0.895833 0.534259 0.894792 0.535185 0.893750 0.535185 0.892708 0.533333 0.892708 0.528704 0.893750 0.525926 0.893750 0.520370 0.895312 0.522222 0.896354 0.523148 0.897917 0.521296 0.897917 0.520370 0.898958 0.518519 0.898438 0.515741 0.897917 0.514815 0.897396 0.512963 0.896354 0.513889 0.895833 0.514815 0.895833 0.515741 0.894792 0.517593 0.893750 0.517593 0.892708 0.515741 0.892708 0.512963 0.893229 0.505556 0.893750 0.504630 0.893750 0.501852 0.895833 0.504630 0.897917 0.505556 0.900521 0.506481 0.901042 0.503704 0.900000 0.501852 0.903125 0.497222 0.903125 0.493519 0.902604 0.480556 0.901563 0.475926 0.900000 0.475000 0.899479 0.472222 0.898438 0.470370 0.897917 0.470370 0.896875 0.468519 0.896875 0.465741 0.897396 0.464815 0.897396 0.462963 0.898958 0.460185 0.898958 0.457407 0.902083 0.451852 0.902604 0.450000 0.902604 0.448148 0.902083 0.447222 0.902083 0.445370 0.902604 0.443519 0.904167 0.441667 0.902604 0.438889 0.902604 0.434259 0.901563 0.433333 0.900521 0.432407 0.900000 0.438889 0.898958 0.439815 0.897917 0.439815 0.896875 0.440741 0.896354 0.441667 0.896354 0.442593 0.895312 0.444444 0.894271 0.445370 0.892708 0.445370 0.891146 0.442593 0.891667 0.434259 0.892708 0.433333 0.900000 0.432407 0.900521 0.430556 0.901042 0.428704 0.900521 0.420370 0.898958 0.419444 0.898438 0.418519 0.897917 0.415741 0.895833 0.414815 0.895833 0.411111 0.894792 0.409259 0.893750 0.408333 0.890625 0.408333 0.891146 0.404630 0.889583 0.400926 0.889583 0.398148 0.889583 0.389815 0.889062 0.387963 0.887500 0.384259 0.887500 0.382407 0.887500 0.376852 0.888021 0.365741 0.885938 0.358333 0.885417 0.351852 0.884896 0.345370 0.884896 0.335185 0.883854 0.329630 0.884375 0.325000 0.884375 0.322222 0.883854 0.320370 0.879687 0.319444 0.878646 0.317593 0.878125 0.313889 0.878125 0.307407 0.878646 0.300000 0.879167 0.295370 0.880208 0.292593 0.880729 0.287963 0.880729 0.278704 0.879167 0.275926 0.878646 0.272222 0.879167 0.270370 0.879167 0.268519 0.877083 0.264815 0.877083 0.262963 0.876563 0.259259 0.876563 0.257407 0.878646 0.256481 0.879687 0.254630 0.878646 0.252778 0.878125 0.251852 0.877604 0.249074 0.877083 0.243519 0.876563 0.236111 0.876563 0.214815 0.875000 0.200926 0.874479 0.192593 0.874479 0.182407 0.872917 0.175926 0.873437 0.172222 0.872396 0.168519 0.871875 0.164815 0.871354 0.161111 0.871354 0.152778 0.870833 0.143519 0.870313 0.138889 0.868750 0.137037 0.869271 0.134259 0.868750 0.132407 0.867188 0.131481 0.866667 0.130556 0.866146 0.128704 0.866146 0.121296 0.867188 0.118519 0.867188 0.113889 0.866667 0.108333 0.865625 0.105556 0.866146 0.098148 0.865104 0.092593 0.865104 0.084259 0.864583 0.081481 0.863542 0.079630 0.862500 0.078704 0.860417 0.080556 0.839583 0.079630 0.835938 0.080556 0.833854 0.080556 0.829688 0.079630 0.821875 0.081481 0.819792 0.081481 0.815104 0.080556 0.797917 0.080556 0.795312 0.080556 0.791146 0.081481 0.783333 0.079630 0.784896 0.071296 0.786458 0.072222 0.785417 0.069444 0.784896 0.071296 0.783333 0.079630 0.779687 0.082407 0.778646 0.082407 0.756250 0.080556 0.754167 0.080556 0.742188 0.082407 0.738542 0.082407 0.721354 0.080556 0.717187 0.080556 0.703125 0.082407 0.692187 0.081481 0.687500 0.081481 0.678125 0.083333 0.664583 0.082407 0.658854 0.084259 0.656250 0.084259 0.651042 0.084259 0.650000 0.084259 0.646354 0.083333 0.636458 0.085185 0.620833 0.084259 0.618229 0.084259 0.610938 0.086111 0.596354 0.085185 0.594792 0.085185 0.578646 0.086111 0.564063 0.087963 0.559375 0.087037 0.558854 0.087963 0.554167 0.087037 0.553125 0.087037 0.550000 0.088889 0.548438 0.088889 0.547917 0.087963 0.546354 0.087963 0.543750 0.089815 0.541667 0.089815 0.538542 0.088889 0.534896 0.090741 0.532292 0.090741 0.523438 0.089815 0.518750 0.087963 0.511458 0.089815 0.503646 0.090741 0.491146 0.091667 0.481250 0.090741 0.475000 0.090741 0.469792 0.091667 0.467187 0.093519 0.461458 0.094444 0.458854 0.094444 0.455208 0.093519 0.454688 0.094444 0.451562 0.094444 0.445833 0.094444 0.432812 0.094444 0.430729 0.094444 0.430208 0.093519 0.427604 0.093519 0.418750 0.095370 0.417187 0.095370 0.413542 0.094444 0.400521 0.094444 0.395313 0.094444 0.393229 0.094444 0.383854 0.096296 0.379167 0.096296 0.365625 0.095370 0.358333 0.097222 0.340104 0.098148 0.338021 0.098148 0.331771 0.096296 0.326042 0.097222 0.319792 0.096296 0.313542 0.098148 0.303646 0.099074 0.301042 0.098148 0.300000 0.098148 0.292708 0.099074 0.290104 0.100926 0.284896 0.100926 0.282813 0.100000 0.279687 0.097222 0.275521 0.098148 0.275000 0.096296 0.272396 0.096296 0.270313 0.099074 0.268229 0.100000 0.265104 0.105556 0.265625 0.110185 0.264583 0.112963 0.264583 0.118519 0.264583 0.120370 0.265625 0.122222 0.266667 0.126852 0.267188 0.134259 0.267188 0.138889 0.266667 0.139815 0.266146 0.146296 0.266667 0.155556 0.266667 0.161111 0.265625 0.163889 0.263021 0.168519 0.263021 0.171296 0.261979 0.173148 0.260937 0.177778 0.260417 0.180556 0.260937 0.187037 0.261458 0.187037 0.262500 0.188889 0.263021 0.191667 0.262500 0.195370 0.263021 0.200000 0.262500 0.200926 0.262500 0.203704 0.263542 0.206481 0.264062 0.213889 0.264062 0.216667 0.263542 0.217593 0.262500 0.226852 0.261979 0.242593 0.260937 0.247222 0.260937 0.255556 0.259896 0.261111 0.259375 0.275000 0.259896 0.280556 0.259896 0.283333 0.258854 0.286111 0.258854 0.296296 0.257812 0.303704 0.257292 0.314815 0.256771 0.329630 0.257292 0.337963 0.256250 0.344444 0.256250 0.353704 0.255208 0.358333 0.255208 0.360185 0.255729 0.368519 0.255208 0.375000 0.253646 0.386111 0.254167 0.394444 0.253646 0.403704 0.252604 0.411111 0.252604 0.417593 0.253125 0.418519 0.253125 0.425000 0.252083 0.430556 0.252083 0.436111 0.250521 0.441667 0.247917 0.446296 0.244792 0.450000 0.243750 0.451852 0.243750 0.453704 0.244271 0.463889 0.243229 0.466667 0.243229 0.473148 0.243750 0.475000 0.244271 0.475926 0.246354 0.476852 0.244792 0.477778 0.243229 0.480556 0.243750 0.484259 0.242708 0.486111 0.242708 0.489815 0.243229 0.491667 0.243750 0.493519 0.247917 0.489815 0.251563 0.489815 0.251563 0.493519 0.248958 0.498148 0.249479 0.501852 0.248958 0.503704 0.247917 0.505556 0.247396 0.507407 0.247396 0.511111 0.247917 0.518519 0.247396 0.522222 0.246354 0.525926 0.245833 0.531481 0.245312 0.537963 0.244792 0.548148 0.245312 0.558333 0.245312 0.562037 0.243750 0.570370 0.243750 0.590741 0.242708 0.597222 0.242708 0.610185 0.242188 0.616667 0.240625 0.623148 0.240104 0.632407 0.239583 0.645370 0.239583 0.661111 0.238542 0.669444 0.238021 0.678704 0.237500 0.689815 0.237500 0.705556 0.236979 0.714815 0.235937 0.719444 0.235417 0.731481 0.235417 0.745370 0.234375 0.750000 0.233854 0.757407 0.233854 0.765741 0.232813 0.773148 0.232292 0.778704 0.232292 0.780556 0.232813 0.789815 0.232292 0.803704 0.231771 0.811111 0.230729 0.817593 0.230729 0.827778 0.229687 0.834259 0.230208 0.841667 0.229167 0.855556 0.229167 0.870370 0.228125 0.882407 0.228646 0.892593 0.228125 0.896296 0.228125 0.898148 0.228646 0.903704 0.229687 0.905556 0.230729 0.906481 0.233333 0.907407 0.235937 0.907407 0.236458 0.906481 0.238542 0.906481 0.251042 0.906481 0.255208 0.906481 0.273438 0.908333 0.277604 0.908333 0.278125 0.907407 0.282292 0.908333 0.283333 0.908333 0.301563 0.908333 0.312500 0.907407 0.316667 0.908333 0.318229 0.908333 0.323437 0.908333 0.324479 0.908333 0.337500 0.906481 0.342187 0.906481 0.352083 0.908333 0.358333 0.907407 0.367708 0.908333 0.382292 0.906481 0.384896 0.906481 0.388542 0.907407 0.398958 0.906481 0.405729 0.908333 0.408333 0.908333 0.414583 0.908333 0.420833 0.906481 0.425521 0.906481 0.430729 0.908333 0.437500 0.907407 0.440625 0.907407 0.450521 0.907407 0.455208 0.907407 0.464583 0.907407 0.467708 0.907407 0.468229 0.908333 0.471875 0.908333 0.492708 0.906481 0.495312 0.906481 0.498437 0.908333 0.502604 0.907407 0.510938 0.909259 0.512500 0.909259 0.522396 0.907407 0.535417 0.907407 0.537500 0.907407 0.543229 0.908333 0.552604 0.908333 0.554688 0.908333 0.567187 0.908333 0.576562 0.907407 0.578646 0.907407 0.583854 0.907407 0.585938 0.907407 0.589063 0.908333 0.593229 0.907407 0.618750 0.907407 0.619792 0.907407 0.646875 0.907407 0.660417 0.907407 0.661979 0.907407 0.676042 0.908333 0.685417 0.910185 0.693750 0.910185 0.710417 0.910185 0.715625 0.910185 0.725521 0.908333 0.730729 0.908333 0.757812 0.909259 0.765104 0.907407 0.775000 0.908333 0.777083 0.908333 0.781250 0.908333 0.783854 0.908333 0.788542 0.906481 0.790625 0.906481 0.792708 0.908333 0.793750 0.908333 0.796875 0.903704 0.797917 0.905556 0.798438 0.907407 0.798438 0.909259 0.797917 0.910185 0.797917 0.912037 0.798958 0.914815 0.800521 0.917593 0.800521 0.921296 0.801562 0.923148 0.804688 0.923148 0.806771 0.919444 0.809375 0.918519 0.814063 0.916667 0.819271 0.917593 0.821354 0.920370 0.821875 0.921296 0.822396 0.923148 0.822396 0.925000 0.821875 0.925926 0.821875 0.927778 0.820833 0.928704 0.817187 0.931481 0.813021 0.931481 0.812500 0.930556 0.807292 0.929630 0.801042 0.928704 0.800000 0.928704 0.797917 0.931481 0.796875 0.932407 0.795833 0.932407 0.790625 0.932407 0.789062 0.932407 0.756250 0.931481 0.721875 0.933333 0.718750 0.933333 0.684896 0.933333 0.664583 0.932407 0.654687 0.932407 0.636979 0.933333 0.629687 0.933333 0.624479 0.933333 0.564063 0.931481 0.527083 0.931481 0.519792 0.931481 0.510417 0.931481 0.505729 0.931481 0.489583 0.931481 0.486979 0.931481 0.482812 0.932407 0.473958 0.932407 0.461979 0.932407 0.459896 0.932407 0.426563 0.930556 0.423438 0.930556 0.416146 0.931481 0.407813 0.930556 0.383854 0.930556 0.382812 0.930556 0.356771 0.930556 0.345833 0.931481 0.342708 0.930556 0.341667 0.930556 0.306250 0.930556 0.291667 0.931481 0.281250 0.931481 0.262500 0.931481 0.261458 0.931481 0.251563 0.930556 0.228646 0.931481 0.226562 0.932407 0.225521 0.933333 0.224479 0.935185 0.225000 0.940741 0.225000 0.942593 0.222396 0.947222 0.220312 0.950000 0.217708 0.951852 0.215625 0.955556 0.211458 0.959259 0.209896 0.960185 0.208854 0.960185 0.208333 0.959259 0.206771 0.959259 0.205729 0.955556 0.205208 0.952778 0.205729 0.941667 0.205729 0.937963 0.205208 0.935185 0.203125 0.931481 0.202083 0.930556 0.200521 0.929630 0.196875 0.929630 0.193750 0.928704 0.192708 0.927778 0.191146 0.925000 0.191146 0.921296 0.191667 0.918519 0.192188 0.916667 0.192708 0.915741 0.193750 0.914815 0.195312 0.913889 0.197396 0.912963 0.200000 0.912963 0.203646 0.911111 0.203646 0.910185 0.204687 0.908333 0.205208 0.906481 0.205729 0.904630 0.206250 0.901852 0.206771 0.895370 0.206771 0.887037 0.207292 0.879630 0.207813 0.872222 0.208854 0.869444 0.208333 0.859259 0.208854 0.849074 0.209896 0.842593 0.210417 0.833333 0.210417 0.822222 0.210938 0.810185 0.211979 0.802778 0.212500 0.794444 0.213021 0.782407 0.213021 0.768519 0.213542 0.756481 0.214062 0.749074 0.215104 0.744444 0.215625 0.734259 0.215625 0.730556 0.215104 0.729630 0.215104 0.725926 0.216146 0.720370 0.216667 0.716667 0.216146 0.710185 0.217188 0.707407 0.217188 0.695370 0.218229 0.689815 0.218750 0.679630 0.218750 0.666667 0.219792 0.660185 0.220312 0.651852 0.220312 0.639815 0.220833 0.627778 0.221875 0.619444 0.221875 0.609259 0.222396 0.601852 0.223438 0.595370 0.223958 0.587037 0.223958 0.577778 0.225521 0.562963 0.226042 0.554630 0.226562 0.527778 0.228646 0.503704 0.229167 0.495370 0.229687 0.485185 0.229167 0.476852 0.229167 0.471296 0.229687 0.459259 0.230729 0.456481 0.230208 0.452778 0.230729 0.449074 0.231250 0.445370 0.232292 0.442593 0.232813 0.437963 0.232292 0.432407 0.232813 0.424074 0.234375 0.408333 0.234375 0.390741 0.234896 0.378704 0.235937 0.370370 0.235937 0.355556 0.237500 0.342593 0.238021 0.335185 0.238021 0.325926 0.238542 0.314815 0.239583 0.311111 0.239583 0.302778 0.240625 0.296296 0.240625 0.294444 0.241146 0.283333 0.240625 0.279630 0.241146 0.262037 0.241667 0.250926 0.242708 0.243519 0.242708 0.229630 0.243750 0.221296 0.244271 0.212963 0.243750 0.209259 0.244271 0.199074 0.245312 0.195370 0.245833 0.188889 0.246354 0.179630 0.246354 0.175926 0.246354 0.174074 0.245833 0.169444 0.245833 0.167593 0.246875 0.162963 0.247396 0.157407 0.246875 0.154630 0.247917 0.150926 0.248438 0.144444 0.248958 0.132407 0.249479 0.111111 0.250000 0.110185 0.250000 0.100926 0.248438 0.095370 0.246354 0.090741 0.245833 0.088889 0.245312 0.085185 0.244271 0.083333 0.243229 0.081481 0.242188 0.079630 0.241667 0.079630 0.240625 0.077778 0.241146 0.069444 0.242188 0.068519 0.244271 0.066667 0.247396 0.067593 0.250521 0.064815 0.252083 0.063889 0.252604 0.062037 0.253646 0.057407 0.254167 0.050000 0.254688 0.047222 0.255208 0.045370 0.257292 0.042593 0.258333 0.041667 0.259375 0.042593 0.260417 0.044444 0.260937 0.046296 0.260937 0.050000 0.261458 0.052778 0.261979 0.054630 0.264062 0.058333 0.265625 0.059259 0.266667 0.061111 0.266667 0.062963 0.267708 0.064815 0.272917 0.064815 0.285417 0.064815 0.286458 0.064815 0.302083 0.063889 0.313021 0.062037 0.317188 0.062963 0.327604 0.061111 0.340625 0.061111 0.343750 0.062037 0.345833 0.062037 0.366667 0.060185 0.387500 0.060185 0.393750 0.058333 0.417187 0.058333 0.420312 0.058333 0.426042 0.059259 0.434375 0.057407 0.438021 0.058333 0.440625 0.058333 0.446875 0.056481 0.452083 0.057407 0.455208 0.057407 0.466667 0.057407 0.475000 0.055556 0.480729 0.056481 0.491146 0.054630 0.498958 0.055556 0.499479 0.054630 0.507812 0.055556 0.509896 0.055556 0.513021 0.054630 0.513542 0.055556 0.516146 0.055556 0.526563 0.054630 0.535937 0.052778 0.536979 0.052778 0.540625 0.053704 0.554688 0.051852 0.570833 0.050926 0.595313 0.051852 0.606250 0.050000 0.611458 0.050000 0.622917 0.050926 0.628646 0.049074 0.630729 0.049074 0.633854 0.050000 0.653125 0.049074 0.667188 0.048148 0.675000 0.046296 0.686458 0.046296 0.689583 0.046296 0.695312 0.046296 0.696875 0.046296 0.701562 0.046296 0.704167 0.046296 0.704688 0.047222 0.707292 0.047222 0.722396 0.045370 0.733333 0.046296 0.736979 0.045370 0.738021 0.045370 0.743750 0.045370 0.746875 0.046296 0.747917 0.046296 0.751042 0.044444 0.757812 0.044444 0.775521 0.046296 0.798438 0.044444 0.824479 0.043519 0.830729 0.045370 0.832292 0.045370 0.836979 0.044444 0.837500 0.045370 0.842187 0.045370 0.858854 0.045370 0.863021 0.044444 0.864062 0.043519 0.866146 0.039815 0.868229 0.037963 0.870833 0.032407 0.872917 0.028704 0.873958 0.028704 0.876042 0.025000 0.880208 0.025000
2 0.897396 0.402778 0.894792 0.403704 0.892708 0.404630 0.891146 0.405556 0.890104 0.406481 0.888021 0.410185 0.886979 0.414815 0.886458 0.420370 0.886458 0.422222 0.886979 0.425000 0.888021 0.427778 0.888021 0.430556 0.888542 0.437963 0.888542 0.452778 0.889062 0.461111 0.889583 0.466667 0.890625 0.469444 0.891667 0.475926 0.891146 0.480556 0.892188 0.485185 0.891667 0.494444 0.892188 0.496296 0.893750 0.500926 0.894271 0.505556 0.894271 0.511111 0.896875 0.515741 0.898958 0.515741 0.901042 0.514815 0.902604 0.513889 0.904167 0.512963 0.905208 0.512037 0.905729 0.511111 0.906250 0.509259 0.906771 0.501852 0.904687 0.498148 0.904167 0.492593 0.904167 0.486111 0.903125 0.480556 0.903646 0.471296 0.903646 0.469444 0.902604 0.466667 0.903646 0.462963 0.902604 0.460185 0.902604 0.458333 0.903125 0.457407 0.903125 0.455556 0.902083 0.450926 0.902083 0.444444 0.901042 0.438889 0.901042 0.433333 0.901563 0.432407 0.901563 0.427778 0.901042 0.413889 0.900000 0.411111 0.900000 0.403704 0.897396 0.402778
3 0.598958 0.415741 0.603125 0.414815 0.611979 0.415741 0.616667 0.417593 0.617188 0.419444 0.617188 0.426852 0.616667 0.434259 0.616146 0.435185 0.616146 0.438889 0.615104 0.439815 0.613542 0.440741 0.607292 0.440741 0.606771 0.439815 0.599479 0.438889 0.595833 0.439815 0.594792 0.439815 0.590104 0.438889 0.589583 0.436111 0.590104 0.432407 0.591667 0.432407 0.592708 0.430556 0.593750 0.429630 0.595313 0.429630 0.596354 0.427778 0.596875 0.425000 0.598437 0.426852 0.600000 0.425000 0.598437 0.423148 0.596875 0.425000 0.596354 0.427778 0.593229 0.423148 0.592187 0.423148 0.591667 0.419444 0.591667 0.414815 0.598958 0.415741
3 0.574479 0.357407 0.573438 0.358333 0.572917 0.359259 0.572917 0.360185 0.571875 0.362037 0.571354 0.365741 0.570833 0.393519 0.571354 0.399074 0.571354 0.402778 0.570833 0.403704 0.570833 0.408333 0.568750 0.412037 0.567187 0.412963 0.563021 0.412963 0.555208 0.411111 0.541146 0.411111 0.540625 0.412037 0.539583 0.412037 0.539062 0.413889 0.538542 0.417593 0.538542 0.432407 0.539062 0.434259 0.548958 0.435185 0.556250 0.437037 0.563021 0.436111 0.564583 0.436111 0.568229 0.437037 0.569271 0.437963 0.570312 0.439815 0.570833 0.442593 0.570833 0.451852 0.570312 0.452778 0.570312 0.462963 0.569271 0.467593 0.569271 0.483333 0.569792 0.488889 0.570312 0.491667 0.570833 0.493519 0.574479 0.495370 0.578125 0.495370 0.578646 0.494444 0.581250 0.494444 0.582292 0.491667 0.582812 0.488889 0.583333 0.482407 0.583333 0.464815 0.583333 0.462963 0.584375 0.456481 0.584375 0.452778 0.583854 0.444444 0.584375 0.441667 0.585938 0.438889 0.586979 0.438889 0.586979 0.431481 0.586458 0.431481 0.585938 0.430556 0.585938 0.429630 0.585417 0.427778 0.586458 0.425000 0.585417 0.421296 0.585938 0.419444 0.586979 0.416667 0.586979 0.414815 0.585417 0.413889 0.583854 0.411111 0.583854 0.406481 0.583854 0.401852 0.584896 0.385185 0.584896 0.362037 0.584375 0.360185 0.583854 0.359259 0.582812 0.358333 0.580208 0.357407 0.574479 0.357407
0 0.883854 0.840741 0.881771 0.842593 0.880208 0.843519 0.878125 0.847222 0.877604 0.849074 0.877604 0.855556 0.878646 0.858333 0.878646 0.861111 0.879167 0.862963 0.879687 0.864815 0.881250 0.865741 0.882812 0.869444 0.884375 0.870370 0.885938 0.871296 0.891146 0.871296 0.892708 0.870370 0.893750 0.869444 0.894792 0.867593 0.897396 0.862037 0.897917 0.855556 0.897396 0.850926 0.895833 0.848148 0.895312 0.848148 0.893229 0.844444 0.892188 0.844444 0.890625 0.841667 0.888542 0.840741 0.883854 0.840741
0 0.457813 0.825926 0.456250 0.826852 0.455208 0.827778 0.454688 0.828704 0.453125 0.832407 0.452083 0.837037 0.452083 0.846296 0.452604 0.850000 0.453125 0.851852 0.454688 0.855556 0.456250 0.857407 0.457813 0.858333 0.460417 0.859259 0.464062 0.858333 0.465104 0.857407 0.466146 0.855556 0.466667 0.855556 0.467187 0.854630 0.467187 0.853704 0.468229 0.851852 0.468750 0.850000 0.469271 0.848148 0.470313 0.842593 0.470313 0.840741 0.469271 0.834259 0.468229 0.831481 0.466146 0.827778 0.465104 0.826852 0.463542 0.825926 0.457813 0.825926
0 0.827083 0.640741 0.824479 0.641667 0.823438 0.642593 0.821875 0.644444 0.820312 0.647222 0.819792 0.649074 0.819271 0.652778 0.819271 0.655556 0.819792 0.661111 0.820312 0.662963 0.823438 0.668519 0.824479 0.669444 0.826042 0.670370 0.827604 0.671296 0.831250 0.671296 0.833854 0.670370 0.834896 0.669444 0.837500 0.666667 0.838542 0.664815 0.839063 0.662963 0.839063 0.650926 0.838542 0.649074 0.835938 0.644444 0.834896 0.643519 0.833854 0.642593 0.832292 0.641667 0.829688 0.640741 0.827083 0.640741
0 0.556771 0.463889 0.555208 0.464815 0.553125 0.466667 0.552083 0.469444 0.551562 0.471296 0.550521 0.475926 0.550521 0.479630 0.551042 0.483333 0.551562 0.485185 0.552083 0.487037 0.554167 0.490741 0.555729 0.492593 0.556771 0.493519 0.560937 0.493519 0.563542 0.492593 0.564583 0.491667 0.567187 0.487963 0.567708 0.486111 0.568229 0.484259 0.568750 0.479630 0.568750 0.477778 0.568229 0.476852 0.568229 0.474074 0.567708 0.472222 0.564063 0.465741 0.563021 0.464815 0.560937 0.463889 0.556771 0.463889
0 0.706250 0.405556 0.703646 0.407407 0.702604 0.409259 0.701562 0.412037 0.701042 0.413889 0.700521 0.415741 0.700000 0.418519 0.700000 0.425000 0.700521 0.426852 0.701042 0.428704 0.703125 0.432407 0.704167 0.433333 0.705729 0.434259 0.710417 0.434259 0.712500 0.433333 0.714063 0.432407 0.716146 0.430556 0.717187 0.428704 0.717708 0.426852 0.718229 0.423148 0.718229 0.416667 0.717708 0.413889 0.716667 0.410185 0.714583 0.407407 0.713542 0.406481 0.711458 0.405556 0.706250 0.405556
0 0.341667 0.296296 0.340104 0.300000 0.338021 0.301852 0.337500 0.303704 0.336979 0.306481 0.336979 0.313889 0.337500 0.316667 0.338021 0.318519 0.339583 0.321296 0.341146 0.323148 0.342187 0.324074 0.350000 0.324074 0.351042 0.323148 0.352604 0.321296 0.353646 0.318519 0.354687 0.313889 0.354687 0.307407 0.354167 0.304630 0.353646 0.302778 0.352604 0.300926 0.352604 0.300000 0.352083 0.299074 0.351042 0.298148 0.348958 0.296296 0.341667 0.296296
0 0.428125 0.182407 0.426563 0.183333 0.424479 0.185185 0.423958 0.187037 0.421875 0.194444 0.421875 0.198148 0.422396 0.201852 0.423958 0.207407 0.425521 0.210185 0.426563 0.211111 0.427604 0.212037 0.430729 0.212963 0.432292 0.212963 0.433854 0.212037 0.434896 0.211111 0.435937 0.210185 0.436458 0.209259 0.436979 0.207407 0.438542 0.201852 0.438542 0.193519 0.438021 0.191667 0.437500 0.189815 0.435417 0.185185 0.433854 0.184259 0.432292 0.182407 0.428125 0.182407
0 0.307292 0.176852 0.306250 0.177778 0.305208 0.179630 0.303646 0.180556 0.303125 0.181481 0.302604 0.183333 0.302083 0.186111 0.302083 0.193519 0.302604 0.196296 0.303125 0.198148 0.303646 0.200000 0.304688 0.202778 0.306250 0.204630 0.307292 0.205556 0.308854 0.206481 0.314063 0.206481 0.317188 0.204630 0.317708 0.202778 0.318229 0.200000 0.318750 0.197222 0.318750 0.187037 0.318229 0.184259 0.317708 0.181481 0.316146 0.178704 0.315104 0.177778 0.312500 0.176852 0.307292 0.176852
0 0.265625 0.168519 0.264583 0.169444 0.261979 0.174074 0.261458 0.175926 0.261458 0.189815 0.261979 0.191667 0.263021 0.194444 0.264062 0.196296 0.265104 0.197222 0.266667 0.198148 0.270833 0.198148 0.273438 0.197222 0.275521 0.195370 0.276042 0.193519 0.276562 0.191667 0.277083 0.187037 0.277083 0.182407 0.276562 0.178704 0.276042 0.175000 0.273958 0.171296 0.272917 0.170370 0.271875 0.169444 0.269792 0.168519 0.265625 0.168519
0 0.323958 0.127778 0.322917 0.128704 0.320312 0.133333 0.319792 0.136111 0.319271 0.138889 0.319271 0.144444 0.319792 0.148148 0.320312 0.150000 0.322917 0.154630 0.323958 0.155556 0.326042 0.156481 0.331250 0.156481 0.333333 0.154630 0.334375 0.152778 0.334896 0.150926 0.335417 0.148148 0.335417 0.137037 0.334896 0.134259 0.333854 0.132407 0.331250 0.128704 0.329688 0.127778 0.323958 0.127778
0 0.270833 0.100926 0.268750 0.101852 0.267708 0.102778 0.266667 0.104630 0.266146 0.104630 0.265625 0.105556 0.265104 0.107407 0.265104 0.120370 0.265625 0.122222 0.268229 0.126852 0.271354 0.129630 0.276562 0.129630 0.278646 0.127778 0.279687 0.125926 0.279687 0.125000 0.281250 0.122222 0.281771 0.119444 0.281771 0.115741 0.281250 0.109259 0.280208 0.106481 0.279167 0.104630 0.277604 0.102778 0.276562 0.101852 0.274479 0.100926 0.270833 0.100926
