0 0.900521 0.841667 0.899479 0.842593 0.897917 0.844444 0.896875 0.847222 0.896354 0.849074 0.895833 0.850926 0.895833 0.857407 0.896354 0.862037 0.896875 0.864815 0.897396 0.867593 0.898438 0.871296 0.898958 0.873148 0.899479 0.874074 0.900521 0.875000 0.903125 0.877778 0.904167 0.878704 0.905729 0.879630 0.911458 0.879630 0.912500 0.878704 0.915104 0.875000 0.916146 0.873148 0.916667 0.871296 0.917188 0.869444 0.917188 0.859259 0.916667 0.855556 0.916146 0.852778 0.914062 0.848148 0.911458 0.843519 0.909896 0.842593 0.908333 0.841667 0.900521 0.841667
0 0.687500 0.765741 0.685937 0.766667 0.684375 0.769444 0.683333 0.772222 0.682813 0.774074 0.682292 0.776852 0.682292 0.780556 0.681771 0.781481 0.681771 0.784259 0.682292 0.787963 0.682813 0.789815 0.683854 0.792593 0.684896 0.794444 0.686979 0.796296 0.689063 0.800000 0.690104 0.800926 0.691146 0.801852 0.695312 0.801852 0.696875 0.800926 0.697917 0.800000 0.701042 0.794444 0.701562 0.792593 0.702083 0.788889 0.702083 0.785185 0.701042 0.779630 0.701042 0.774074 0.697396 0.767593 0.696354 0.766667 0.694792 0.765741 0.687500 0.765741
0 0.897917 0.705556 0.895833 0.706481 0.894271 0.708333 0.891667 0.712963 0.891146 0.717593 0.891146 0.725000 0.893229 0.732407 0.896875 0.738889 0.897917 0.739815 0.898958 0.740741 0.900521 0.741667 0.904167 0.741667 0.905729 0.740741 0.906771 0.739815 0.907813 0.737963 0.907813 0.737037 0.908854 0.735185 0.909375 0.735185 0.910937 0.732407 0.911458 0.730556 0.911458 0.723148 0.910937 0.716667 0.909896 0.713889 0.907292 0.709259 0.905729 0.707407 0.904687 0.706481 0.903125 0.705556 0.897917 0.705556
0 0.567708 0.441667 0.564583 0.442593 0.563542 0.443519 0.561458 0.447222 0.560937 0.450926 0.559375 0.453704 0.559375 0.463889 0.560417 0.465741 0.560937 0.471296 0.563542 0.475000 0.565625 0.475926 0.569792 0.475926 0.571875 0.475000 0.572917 0.474074 0.574479 0.471296 0.576562 0.463889 0.576562 0.453704 0.576042 0.450000 0.573958 0.446296 0.572917 0.445370 0.569271 0.442593 0.567708 0.441667
0 0.595313 0.421296 0.593229 0.422222 0.591146 0.424074 0.591146 0.425926 0.590104 0.427778 0.588542 0.428704 0.586979 0.432407 0.586458 0.435185 0.586979 0.437037 0.588021 0.438889 0.587500 0.449074 0.587500 0.450926 0.590104 0.450926 0.598958 0.450000 0.600000 0.449074 0.603646 0.443519 0.604167 0.438889 0.605208 0.437037 0.605729 0.435185 0.606250 0.431481 0.605729 0.429630 0.605208 0.427778 0.603646 0.425000 0.602083 0.423148 0.601042 0.422222 0.600000 0.421296 0.595313 0.421296
0 0.734896 0.416667 0.733333 0.417593 0.729167 0.420370 0.728125 0.421296 0.727604 0.422222 0.727083 0.424074 0.726042 0.427778 0.725521 0.430556 0.725521 0.437037 0.726042 0.439815 0.726562 0.443519 0.728646 0.447222 0.729688 0.448148 0.731250 0.449074 0.734896 0.449074 0.736979 0.448148 0.739062 0.447222 0.742188 0.441667 0.744271 0.434259 0.744271 0.428704 0.742708 0.423148 0.740104 0.418519 0.739062 0.417593 0.736979 0.416667 0.734896 0.416667
0 0.430729 0.288889 0.429167 0.289815 0.428125 0.290741 0.425000 0.296296 0.424479 0.298148 0.423958 0.300926 0.423958 0.302778 0.424479 0.307407 0.425000 0.311111 0.425521 0.313889 0.426563 0.316667 0.427604 0.318519 0.428646 0.319444 0.430208 0.320370 0.435417 0.320370 0.437500 0.318519 0.438542 0.316667 0.439583 0.313889 0.440104 0.312037 0.440625 0.309259 0.440625 0.305556 0.441146 0.304630 0.441146 0.301852 0.440625 0.299074 0.440104 0.297222 0.439583 0.295370 0.436979 0.290741 0.435937 0.289815 0.434375 0.288889 0.430729 0.288889
0 0.412500 0.250926 0.410417 0.251852 0.409375 0.252778 0.408333 0.254630 0.407813 0.254630 0.407292 0.255556 0.406771 0.257407 0.406250 0.260185 0.406250 0.272222 0.406771 0.274074 0.407292 0.275926 0.409375 0.279630 0.410417 0.280556 0.411458 0.281481 0.416146 0.281481 0.419271 0.279630 0.420312 0.277778 0.420833 0.275926 0.421354 0.274074 0.421875 0.271296 0.421875 0.267593 0.421354 0.260185 0.420833 0.258333 0.420312 0.256481 0.418229 0.252778 0.417187 0.251852 0.415104 0.250926 0.412500 0.250926
0 0.548438 0.193519 0.545312 0.196296 0.544271 0.198148 0.541146 0.204630 0.540625 0.208333 0.541146 0.212963 0.541667 0.216667 0.542708 0.219444 0.544271 0.222222 0.545312 0.223148 0.546354 0.224074 0.548958 0.225000 0.551562 0.224074 0.552604 0.223148 0.554167 0.220370 0.556771 0.214815 0.557292 0.212037 0.557292 0.205556 0.556771 0.203704 0.556250 0.201852 0.554688 0.198148 0.553125 0.195370 0.552083 0.194444 0.549479 0.193519 0.548438 0.193519
0 0.300521 0.099074 0.298958 0.100000 0.297917 0.100926 0.296875 0.102778 0.296354 0.104630 0.295833 0.110185 0.295833 0.119444 0.296354 0.122222 0.297396 0.125000 0.298958 0.127778 0.300000 0.128704 0.301042 0.129630 0.304688 0.129630 0.306250 0.128704 0.307292 0.126852 0.307812 0.126852 0.308333 0.125926 0.308333 0.125000 0.309375 0.123148 0.309896 0.121296 0.310417 0.119444 0.310417 0.111111 0.309896 0.108333 0.309375 0.105556 0.308854 0.103704 0.308333 0.102778 0.307292 0.101852 0.305208 0.100000 0.303646 0.099074 0.300521 0.099074
3 0.588542 0.346296 0.590104 0.347222 0.591146 0.349074 0.591667 0.350926 0.591146 0.375926 0.591146 0.387963 0.591667 0.398148 0.592708 0.400000 0.593750 0.400926 0.597396 0.400926 0.602083 0.400000 0.610417 0.401852 0.619271 0.401852 0.620833 0.402778 0.621875 0.403704 0.622917 0.407407 0.622917 0.419444 0.621354 0.423148 0.619792 0.425926 0.617188 0.426852 0.615104 0.426852 0.614583 0.425926 0.611979 0.425926 0.610417 0.425000 0.607292 0.422222 0.605729 0.419444 0.601042 0.418519 0.596875 0.417593 0.594271 0.417593 0.593750 0.416667 0.595313 0.417593 0.595833 0.415741 0.595313 0.411111 0.596354 0.409259 0.596875 0.407407 0.596354 0.405556 0.595313 0.403704 0.593229 0.403704 0.592708 0.407407 0.591146 0.410185 0.591146 0.412963 0.592708 0.415741 0.593750 0.416667 0.594271 0.417593 0.592187 0.418519 0.591146 0.420370 0.590625 0.422222 0.590104 0.425000 0.589583 0.433333 0.590104 0.448148 0.589063 0.458333 0.589063 0.472222 0.588542 0.475000 0.588021 0.476852 0.586979 0.477778 0.585417 0.478704 0.581250 0.478704 0.579688 0.477778 0.578646 0.476852 0.577604 0.475000 0.577083 0.473148 0.577083 0.462963 0.578125 0.460185 0.576562 0.456481 0.577604 0.452778 0.577083 0.447222 0.577604 0.425000 0.575521 0.421296 0.564063 0.421296 0.561458 0.419444 0.550521 0.419444 0.549479 0.418519 0.548438 0.417593 0.547396 0.415741 0.546875 0.413889 0.546875 0.402778 0.547396 0.400000 0.547917 0.398148 0.549479 0.395370 0.559375 0.395370 0.572396 0.397222 0.574479 0.397222 0.576042 0.396296 0.578646 0.391667 0.579167 0.389815 0.579167 0.366667 0.579688 0.355556 0.580208 0.348148 0.581250 0.346296 0.588542 0.346296
2 0.267708 0.413889 0.266146 0.416667 0.265625 0.418519 0.265104 0.420370 0.264583 0.423148 0.264062 0.436111 0.264062 0.461111 0.264583 0.466667 0.268750 0.474074 0.269792 0.473148 0.270833 0.472222 0.272396 0.469444 0.272917 0.463889 0.274479 0.447222 0.275000 0.436111 0.275521 0.435185 0.275521 0.431481 0.275000 0.427778 0.274479 0.424074 0.273438 0.419444 0.272917 0.417593 0.272396 0.415741 0.271875 0.414815 0.270833 0.413889 0.267708 0.413889
1 0.291146 0.044444 0.292708 0.045370 0.293750 0.050000 0.294271 0.059259 0.294792 0.062037 0.295312 0.063889 0.296354 0.065741 0.304688 0.064815 0.308854 0.064815 0.316146 0.064815 0.321875 0.064815 0.332813 0.064815 0.334896 0.064815 0.347917 0.064815 0.349479 0.064815 0.390104 0.064815 0.403646 0.064815 0.414583 0.065741 0.415104 0.064815 0.426042 0.065741 0.442188 0.065741 0.466146 0.065741 0.468750 0.065741 0.474479 0.064815 0.482292 0.065741 0.500000 0.063889 0.502083 0.063889 0.515104 0.063889 0.527604 0.063889 0.530208 0.063889 0.539583 0.064815 0.562500 0.064815 0.565625 0.064815 0.574479 0.064815 0.584375 0.062963 0.585417 0.062963 0.605729 0.064815 0.624479 0.062963 0.627604 0.062963 0.633333 0.064815 0.646354 0.062963 0.650521 0.063889 0.660937 0.062037 0.677604 0.063889 0.678646 0.063889 0.698958 0.063889 0.700000 0.063889 0.719792 0.063889 0.726562 0.063889 0.729167 0.063889 0.729688 0.062963 0.731771 0.062963 0.732292 0.063889 0.734896 0.063889 0.740625 0.063889 0.742708 0.063889 0.743229 0.062963 0.745833 0.062963 0.758333 0.064815 0.766146 0.063889 0.776563 0.063889 0.780729 0.063889 0.792188 0.063889 0.793229 0.063889 0.809896 0.065741 0.818229 0.064815 0.822396 0.064815 0.830208 0.064815 0.834896 0.064815 0.863021 0.065741 0.866146 0.062963 0.867708 0.060185 0.869792 0.053704 0.872917 0.049074 0.873958 0.048148 0.875521 0.047222 0.876563 0.047222 0.878646 0.050926 0.879167 0.052778 0.879687 0.055556 0.879687 0.058333 0.880208 0.060185 0.883333 0.062037 0.884375 0.063889 0.884375 0.064815 0.884896 0.065741 0.885417 0.065741 0.886458 0.067593 0.888542 0.068519 0.890625 0.068519 0.892188 0.070370 0.894792 0.074074 0.894271 0.076852 0.893229 0.078704 0.892188 0.079630 0.890625 0.080556 0.886458 0.080556 0.885938 0.087037 0.884896 0.091667 0.884896 0.111111 0.885417 0.122222 0.885938 0.126852 0.886458 0.130556 0.887500 0.133333 0.887500 0.143519 0.888542 0.146296 0.889062 0.150926 0.890625 0.162963 0.891146 0.170370 0.891146 0.177778 0.892188 0.184259 0.892708 0.202778 0.893229 0.206481 0.894271 0.210185 0.894792 0.219444 0.884375 0.216667 0.883333 0.214815 0.882292 0.216667 0.884375 0.216667 0.894792 0.219444 0.895833 0.223148 0.896354 0.226852 0.895833 0.233333 0.896354 0.235185 0.897396 0.240741 0.897396 0.254630 0.897917 0.262963 0.898958 0.267593 0.898958 0.273148 0.900000 0.278704 0.900521 0.285185 0.900521 0.295370 0.888542 0.296296 0.886979 0.295370 0.886979 0.298148 0.888542 0.296296 0.900521 0.295370 0.901563 0.300926 0.901563 0.309259 0.902083 0.312963 0.903125 0.316667 0.903125 0.321296 0.904167 0.325000 0.904167 0.334259 0.905208 0.338889 0.905208 0.344444 0.906250 0.347222 0.905729 0.354630 0.906250 0.359259 0.907292 0.363889 0.907292 0.366667 0.906771 0.367593 0.906771 0.370370 0.907813 0.374074 0.907813 0.380556 0.908854 0.383333 0.908854 0.387037 0.910417 0.393519 0.909896 0.399074 0.909896 0.401852 0.894792 0.408333 0.892708 0.406481 0.892708 0.409259 0.893750 0.410185 0.893750 0.411111 0.891667 0.412037 0.890625 0.405556 0.890625 0.402778 0.890104 0.400000 0.889062 0.397222 0.889062 0.393519 0.888542 0.391667 0.886458 0.387963 0.884896 0.387037 0.884896 0.384259 0.884896 0.382407 0.883854 0.379630 0.884896 0.377778 0.884896 0.376852 0.885938 0.375000 0.887500 0.374074 0.888021 0.371296 0.886979 0.369444 0.887500 0.367593 0.886979 0.364815 0.885938 0.363889 0.884375 0.359259 0.884375 0.355556 0.883854 0.352778 0.883333 0.350926 0.879687 0.350000 0.878646 0.348148 0.881250 0.347222 0.881771 0.348148 0.882812 0.348148 0.883333 0.350926 0.883854 0.344444 0.884896 0.343519 0.886979 0.343519 0.888542 0.339815 0.890625 0.337963 0.888542 0.336111 0.887500 0.335185 0.888542 0.332407 0.889583 0.331481 0.888542 0.329630 0.888021 0.329630 0.887500 0.327778 0.885938 0.327778 0.884375 0.328704 0.879167 0.327778 0.880729 0.326852 0.881771 0.325926 0.880208 0.320370 0.879687 0.318519 0.879167 0.315741 0.879687 0.312037 0.879687 0.310185 0.878125 0.306481 0.879167 0.303704 0.878125 0.300926 0.876563 0.300000 0.876563 0.297222 0.877604 0.296296 0.876563 0.293519 0.878125 0.289815 0.877083 0.287963 0.877083 0.284259 0.877604 0.277778 0.877083 0.262037 0.876042 0.259259 0.876042 0.249074 0.875521 0.240741 0.875000 0.237963 0.874479 0.236111 0.873437 0.234259 0.872917 0.232407 0.872396 0.230556 0.873437 0.226852 0.872917 0.224074 0.875000 0.220370 0.874479 0.215741 0.875000 0.214815 0.875000 0.212037 0.873958 0.210185 0.873958 0.208333 0.871875 0.205556 0.871354 0.198148 0.870313 0.193519 0.869792 0.185185 0.870833 0.181481 0.870313 0.179630 0.869271 0.177778 0.869271 0.175926 0.869271 0.173148 0.869271 0.171296 0.867708 0.168519 0.866146 0.167593 0.867188 0.165741 0.867188 0.162963 0.866667 0.162037 0.866667 0.160185 0.867188 0.159259 0.867188 0.156481 0.866146 0.154630 0.866146 0.152778 0.866667 0.151852 0.866667 0.150000 0.864583 0.147222 0.864583 0.141667 0.865104 0.137963 0.865104 0.136111 0.864062 0.133333 0.865104 0.130556 0.865104 0.128704 0.864583 0.127778 0.864062 0.124074 0.864062 0.112037 0.863542 0.109259 0.861979 0.106481 0.855729 0.105556 0.850000 0.106481 0.844792 0.105556 0.842708 0.103704 0.839063 0.103704 0.837500 0.101852 0.834896 0.100926 0.831250 0.100000 0.825000 0.100000 0.820312 0.099074 0.818229 0.097222 0.811979 0.097222 0.806771 0.098148 0.804688 0.100000 0.793750 0.099074 0.792708 0.100000 0.787500 0.102778 0.784896 0.102778 0.780208 0.101852 0.779167 0.100926 0.778125 0.099074 0.777083 0.098148 0.775521 0.097222 0.771875 0.097222 0.766146 0.097222 0.765104 0.098148 0.761979 0.100000 0.759375 0.100926 0.757292 0.100926 0.752604 0.099074 0.746875 0.099074 0.745313 0.097222 0.741146 0.098148 0.736458 0.096296 0.722396 0.096296 0.720313 0.098148 0.709896 0.098148 0.705729 0.096296 0.694271 0.096296 0.688542 0.097222 0.682813 0.099074 0.680208 0.100000 0.678125 0.100926 0.676562 0.102778 0.671354 0.102778 0.669792 0.100926 0.661458 0.100926 0.654167 0.100000 0.652083 0.098148 0.645833 0.098148 0.639062 0.099074 0.633854 0.101852 0.631250 0.101852 0.625000 0.099074 0.620313 0.098148 0.618229 0.098148 0.613021 0.100000 0.611979 0.100000 0.596875 0.099074 0.578646 0.100926 0.572917 0.100926 0.558333 0.100926 0.546354 0.100926 0.544792 0.099074 0.538542 0.099074 0.527604 0.100000 0.514062 0.099074 0.486979 0.100926 0.480208 0.100926 0.477083 0.100000 0.474479 0.098148 0.472917 0.098148 0.467708 0.098148 0.465104 0.098148 0.464583 0.099074 0.461458 0.099074 0.462500 0.090741 0.465625 0.087963 0.463021 0.087037 0.462500 0.090741 0.461458 0.099074 0.459896 0.100926 0.455208 0.100000 0.452604 0.101852 0.447917 0.100926 0.446354 0.102778 0.444792 0.102778 0.443229 0.100926 0.442188 0.100926 0.441667 0.101852 0.439583 0.102778 0.435937 0.102778 0.432812 0.100926 0.426042 0.100000 0.417708 0.100000 0.414062 0.100926 0.413021 0.102778 0.411979 0.103704 0.404167 0.103704 0.403125 0.102778 0.402083 0.100926 0.401042 0.100000 0.399479 0.100000 0.397396 0.101852 0.379167 0.100926 0.375521 0.102778 0.368229 0.102778 0.365625 0.103704 0.364063 0.105556 0.360417 0.105556 0.354167 0.105556 0.350000 0.105556 0.348438 0.103704 0.346875 0.103704 0.345833 0.101852 0.344792 0.100926 0.338542 0.100000 0.331250 0.100926 0.328646 0.102778 0.317188 0.102778 0.315104 0.101852 0.313542 0.100000 0.309896 0.100000 0.308333 0.099074 0.307292 0.097222 0.306250 0.098148 0.305729 0.100000 0.301042 0.099074 0.300000 0.099074 0.298958 0.100000 0.296875 0.103704 0.296875 0.105556 0.295312 0.108333 0.294792 0.110185 0.294792 0.115741 0.296354 0.119444 0.296354 0.123148 0.297396 0.125000 0.297917 0.126852 0.297917 0.133333 0.296875 0.135185 0.296354 0.137963 0.296354 0.144444 0.295312 0.147222 0.295312 0.154630 0.294271 0.159259 0.293750 0.163889 0.294271 0.178704 0.293750 0.184259 0.293229 0.189815 0.292187 0.192593 0.291667 0.198148 0.291146 0.208333 0.291667 0.212037 0.291667 0.213889 0.290625 0.217593 0.290104 0.223148 0.291146 0.226852 0.290625 0.229630 0.288542 0.236111 0.288021 0.238889 0.287500 0.245370 0.287500 0.254630 0.286458 0.259259 0.286458 0.267593 0.285938 0.272222 0.284896 0.275000 0.284896 0.284259 0.283854 0.290741 0.283333 0.298148 0.282813 0.306481 0.283333 0.313889 0.281771 0.320370 0.281250 0.325926 0.280729 0.330556 0.280729 0.332407 0.281250 0.333333 0.281250 0.335185 0.280729 0.337963 0.279687 0.342593 0.279167 0.357407 0.279687 0.363889 0.279687 0.365741 0.278125 0.373148 0.278125 0.380556 0.277083 0.382407 0.276562 0.387963 0.276562 0.393519 0.276042 0.397222 0.275521 0.400000 0.273438 0.406481 0.273438 0.411111 0.272917 0.415741 0.272396 0.417593 0.271354 0.418519 0.269792 0.418519 0.268750 0.419444 0.267708 0.421296 0.268229 0.425000 0.266146 0.428704 0.267188 0.430556 0.267708 0.432407 0.266146 0.437037 0.265104 0.438889 0.266146 0.439815 0.266667 0.441667 0.265625 0.443519 0.265104 0.443519 0.264062 0.445370 0.265625 0.449074 0.264062 0.450926 0.261979 0.451852 0.260937 0.455556 0.260937 0.457407 0.261458 0.459259 0.262500 0.461111 0.269792 0.461111 0.270833 0.462037 0.271354 0.464815 0.271875 0.473148 0.271354 0.475000 0.271354 0.476852 0.270833 0.478704 0.269271 0.481481 0.268750 0.483333 0.268229 0.486111 0.268229 0.489815 0.267188 0.493519 0.267188 0.504630 0.266146 0.510185 0.265625 0.517593 0.266146 0.532407 0.264583 0.538889 0.264062 0.543519 0.264062 0.553704 0.263542 0.560185 0.262500 0.562963 0.262500 0.565741 0.260937 0.571296 0.260937 0.576852 0.259896 0.580556 0.259896 0.594444 0.259375 0.603704 0.258854 0.606481 0.257292 0.612037 0.256771 0.616667 0.256250 0.622222 0.256771 0.627778 0.256771 0.629630 0.255729 0.633333 0.255208 0.637963 0.255208 0.644444 0.254167 0.650000 0.254167 0.651852 0.254688 0.659259 0.253125 0.665741 0.252604 0.669444 0.252083 0.675000 0.252083 0.683333 0.251042 0.690741 0.251042 0.698148 0.249479 0.709259 0.250000 0.713889 0.248958 0.715741 0.248438 0.720370 0.248438 0.725926 0.247917 0.731481 0.246354 0.737037 0.246354 0.748148 0.245312 0.755556 0.244792 0.762037 0.245312 0.768519 0.244792 0.775926 0.243750 0.780556 0.243750 0.786111 0.242708 0.789815 0.242708 0.797222 0.241667 0.801852 0.241146 0.808333 0.241146 0.814815 0.240625 0.820370 0.239583 0.825926 0.239063 0.830556 0.239583 0.839815 0.238542 0.845370 0.238542 0.854630 0.239063 0.857407 0.240104 0.859259 0.245312 0.860185 0.251563 0.861111 0.264583 0.860185 0.267708 0.860185 0.288542 0.861111 0.295833 0.862963 0.306250 0.863889 0.310937 0.863889 0.326562 0.862037 0.333854 0.862037 0.338542 0.862963 0.343750 0.863889 0.347396 0.865741 0.357812 0.866667 0.370833 0.867593 0.382292 0.866667 0.384375 0.866667 0.397396 0.867593 0.407292 0.869444 0.419792 0.869444 0.421354 0.871296 0.428125 0.872222 0.456250 0.871296 0.467187 0.873148 0.480208 0.874074 0.493229 0.875000 0.510938 0.875926 0.513021 0.875926 0.523438 0.875926 0.529167 0.875000 0.532813 0.876852 0.547917 0.876852 0.556771 0.875926 0.560417 0.878704 0.563021 0.876852 0.564583 0.876852 0.566146 0.878704 0.567187 0.878704 0.574479 0.877778 0.577604 0.879630 0.586979 0.878704 0.589063 0.878704 0.593750 0.880556 0.607292 0.881481 0.615104 0.880556 0.620313 0.880556 0.626563 0.881481 0.633854 0.880556 0.635938 0.882407 0.638021 0.882407 0.643229 0.880556 0.646354 0.880556 0.650000 0.882407 0.651563 0.882407 0.657813 0.880556 0.660937 0.880556 0.662500 0.882407 0.668229 0.881481 0.669271 0.882407 0.670312 0.884259 0.671354 0.885185 0.681250 0.884259 0.682292 0.884259 0.683854 0.886111 0.689063 0.886111 0.691667 0.887963 0.698438 0.888889 0.700521 0.888889 0.708854 0.887963 0.710938 0.886111 0.716146 0.886111 0.719271 0.887963 0.726562 0.888889 0.738021 0.889815 0.743750 0.888889 0.747917 0.889815 0.751563 0.887963 0.753125 0.887963 0.761458 0.889815 0.762500 0.889815 0.768229 0.887963 0.769792 0.887963 0.773958 0.887963 0.776042 0.887963 0.779167 0.889815 0.784896 0.888889 0.786979 0.888889 0.791667 0.889815 0.812500 0.888889 0.822396 0.889815 0.823958 0.890741 0.843229 0.891667 0.846875 0.890741 0.849479 0.890741 0.852083 0.892593 0.855208 0.892593 0.857292 0.891667 0.858854 0.889815 0.859896 0.890741 0.861458 0.891667 0.876563 0.890741 0.877604 0.890741 0.884896 0.891667 0.894792 0.889815 0.899479 0.889815 0.905729 0.889815 0.908854 0.889815 0.909375 0.890741 0.912500 0.890741 0.915104 0.888889 0.916146 0.887037 0.916146 0.885185 0.915104 0.883333 0.916146 0.881481 0.916667 0.881481 0.917188 0.878704 0.915625 0.875926 0.917708 0.873148 0.918229 0.871296 0.917708 0.865741 0.918750 0.863889 0.918750 0.861111 0.918229 0.858333 0.917188 0.855556 0.916667 0.852778 0.916667 0.850000 0.915625 0.847222 0.915104 0.842593 0.914583 0.838889 0.915104 0.835185 0.915625 0.832407 0.915625 0.822222 0.915104 0.820370 0.913542 0.817593 0.913542 0.806481 0.915104 0.803704 0.914062 0.800926 0.914062 0.798148 0.914583 0.797222 0.914583 0.795370 0.914062 0.781481 0.913542 0.779630 0.913021 0.777778 0.911458 0.775926 0.911458 0.771296 0.910417 0.768519 0.911458 0.765741 0.911458 0.763889 0.910417 0.761111 0.909896 0.751852 0.910937 0.748148 0.910937 0.746296 0.910937 0.743519 0.913021 0.740741 0.913021 0.738889 0.912500 0.735185 0.913021 0.729630 0.914062 0.727778 0.914062 0.724074 0.913021 0.720370 0.913542 0.717593 0.911458 0.712963 0.910937 0.706481 0.910937 0.704630 0.911458 0.698148 0.907813 0.697222 0.906771 0.696296 0.904687 0.693519 0.903646 0.688889 0.904167 0.686111 0.906250 0.682407 0.906250 0.676852 0.905729 0.671296 0.904687 0.668519 0.904687 0.664815 0.903646 0.662037 0.903646 0.657407 0.904167 0.636111 0.902604 0.623148 0.902604 0.612037 0.902083 0.600000 0.901563 0.597222 0.900000 0.595370 0.899479 0.593519 0.899479 0.590741 0.898438 0.587963 0.900000 0.584259 0.901042 0.579630 0.901563 0.575000 0.901042 0.573148 0.899479 0.571296 0.898438 0.567593 0.897917 0.555556 0.898438 0.545370 0.897917 0.539815 0.897917 0.537963 0.898958 0.534259 0.898958 0.531481 0.898438 0.529630 0.897396 0.527778 0.896354 0.527778 0.894792 0.530556 0.893750 0.530556 0.893229 0.517593 0.892188 0.515741 0.893750 0.512037 0.893229 0.510185 0.893229 0.509259 0.892708 0.508333 0.890625 0.506481 0.890104 0.504630 0.893229 0.500926 0.894792 0.500926 0.896354 0.502778 0.897917 0.502778 0.900521 0.498148 0.901042 0.490741 0.900521 0.485185 0.901042 0.483333 0.902083 0.481481 0.902604 0.479630 0.902604 0.475926 0.901563 0.468519 0.901563 0.465741 0.902083 0.464815 0.901563 0.461111 0.901563 0.459259 0.902604 0.456481 0.901563 0.452778 0.901563 0.448148 0.901042 0.447222 0.901042 0.443519 0.902083 0.438889 0.900000 0.432407 0.900000 0.426852 0.899479 0.421296 0.898438 0.419444 0.898438 0.417593 0.897396 0.415741 0.894792 0.412037 0.893750 0.411111 0.893750 0.410185 0.894792 0.408333 0.909896 0.401852 0.910937 0.406481 0.910937 0.414815 0.911458 0.417593 0.912500 0.419444 0.913542 0.420370 0.915104 0.421296 0.914583 0.423148 0.913542 0.425000 0.913542 0.430556 0.915104 0.435185 0.915104 0.442593 0.914583 0.451852 0.914583 0.456481 0.915104 0.469444 0.915625 0.483333 0.917188 0.487963 0.916667 0.492593 0.917708 0.498148 0.917188 0.500926 0.917708 0.505556 0.918750 0.510185 0.918750 0.514815 0.919792 0.518519 0.920312 0.525000 0.919792 0.532407 0.919792 0.536111 0.920312 0.539815 0.921354 0.542593 0.920833 0.550926 0.921875 0.554630 0.921875 0.560185 0.922917 0.562037 0.923438 0.563889 0.922917 0.566667 0.923438 0.569444 0.923958 0.572222 0.925000 0.574074 0.925000 0.575926 0.924479 0.576852 0.923958 0.580556 0.923958 0.582407 0.924479 0.583333 0.925000 0.587037 0.925000 0.591667 0.924479 0.592593 0.924479 0.596296 0.925521 0.602778 0.925521 0.612037 0.926562 0.618519 0.927083 0.631481 0.926562 0.639815 0.927083 0.643519 0.928125 0.646296 0.928646 0.649074 0.928646 0.657407 0.929688 0.660185 0.929167 0.667593 0.929167 0.669444 0.929688 0.675000 0.930208 0.680556 0.930729 0.685185 0.931771 0.688889 0.931250 0.693519 0.931771 0.694444 0.931250 0.699074 0.932292 0.701852 0.932292 0.705556 0.932813 0.709259 0.934375 0.712037 0.935937 0.712963 0.934896 0.712963 0.933333 0.715741 0.933333 0.718519 0.934375 0.720370 0.934896 0.723148 0.934896 0.726852 0.934375 0.727778 0.934896 0.733333 0.934896 0.735185 0.934375 0.746296 0.935417 0.750000 0.934896 0.756481 0.934896 0.759259 0.936458 0.764815 0.935937 0.769444 0.936979 0.772222 0.936458 0.775000 0.936979 0.777778 0.938542 0.783333 0.938542 0.787037 0.937500 0.800926 0.937500 0.803704 0.939583 0.811111 0.939583 0.814815 0.939063 0.820370 0.940104 0.825926 0.940104 0.829630 0.939583 0.830556 0.939583 0.834259 0.940104 0.843519 0.941146 0.851852 0.941146 0.864815 0.941667 0.878704 0.942187 0.883333 0.943229 0.886111 0.943750 0.888889 0.945312 0.891667 0.946875 0.892593 0.948958 0.893519 0.953125 0.893519 0.954167 0.894444 0.956771 0.898148 0.957812 0.900000 0.957812 0.907407 0.956771 0.909259 0.955729 0.910185 0.954167 0.911111 0.951042 0.912037 0.948438 0.912037 0.945833 0.912963 0.944792 0.913889 0.944271 0.914815 0.943750 0.916667 0.943229 0.919444 0.943229 0.923148 0.943750 0.928704 0.943229 0.929630 0.943750 0.935185 0.943750 0.938889 0.942708 0.941667 0.941667 0.942593 0.939583 0.943519 0.937500 0.943519 0.934896 0.942593 0.932813 0.941667 0.928646 0.938889 0.926562 0.938889 0.925000 0.937963 0.922396 0.934259 0.920833 0.933333 0.920312 0.931481 0.919271 0.927778 0.918750 0.925000 0.918750 0.920370 0.918229 0.916667 0.916146 0.914815 0.914062 0.914815 0.911979 0.912963 0.901563 0.913889 0.900000 0.913889 0.894271 0.913889 0.892708 0.913889 0.873958 0.913889 0.872396 0.913889 0.868750 0.912963 0.866146 0.914815 0.857292 0.912963 0.853125 0.913889 0.851562 0.913889 0.841667 0.912037 0.840104 0.912037 0.825521 0.913889 0.823958 0.913889 0.815104 0.912037 0.805208 0.912963 0.802604 0.912963 0.794792 0.912963 0.792188 0.912963 0.782813 0.911111 0.775000 0.912037 0.765104 0.912037 0.748958 0.911111 0.745313 0.909259 0.739583 0.909259 0.738021 0.911111 0.736458 0.911111 0.726562 0.911111 0.722396 0.911111 0.718229 0.909259 0.710417 0.910185 0.708854 0.910185 0.705729 0.909259 0.703125 0.907407 0.697396 0.908333 0.695833 0.908333 0.678646 0.907407 0.662500 0.906481 0.653646 0.905556 0.648438 0.903704 0.626042 0.903704 0.621354 0.901852 0.606771 0.900926 0.604167 0.900926 0.603646 0.901852 0.601042 0.901852 0.585938 0.900000 0.571354 0.899074 0.570312 0.899074 0.566667 0.900000 0.545312 0.899074 0.526042 0.898148 0.507812 0.896296 0.502604 0.897222 0.500521 0.897222 0.496354 0.895370 0.489063 0.896296 0.486458 0.896296 0.470833 0.894444 0.453646 0.894444 0.441667 0.892593 0.428125 0.892593 0.421354 0.890741 0.395833 0.890741 0.387500 0.888889 0.363542 0.888889 0.355208 0.887037 0.343229 0.887037 0.335938 0.885185 0.314063 0.884259 0.307292 0.884259 0.304688 0.885185 0.303646 0.885185 0.297396 0.885185 0.296354 0.885185 0.290625 0.884259 0.284896 0.882407 0.281771 0.882407 0.276562 0.883333 0.267708 0.883333 0.264062 0.883333 0.261458 0.881481 0.254167 0.881481 0.252083 0.883333 0.251042 0.883333 0.250521 0.882407 0.248438 0.881481 0.240104 0.881481 0.236979 0.884259 0.235417 0.887037 0.234896 0.892593 0.234375 0.894444 0.232813 0.897222 0.232292 0.900000 0.231250 0.901852 0.230208 0.902778 0.228646 0.903704 0.227083 0.904630 0.225000 0.904630 0.222917 0.905556 0.221354 0.907407 0.216667 0.907407 0.215104 0.904630 0.214583 0.900000 0.214583 0.886111 0.214062 0.883333 0.211458 0.878704 0.210417 0.877778 0.204687 0.876852 0.203125 0.875926 0.202083 0.872222 0.202083 0.866667 0.202604 0.864815 0.203125 0.862963 0.203646 0.862037 0.204687 0.861111 0.210417 0.858333 0.211458 0.857407 0.213021 0.855556 0.215625 0.850926 0.216146 0.848148 0.217188 0.845370 0.217708 0.840741 0.217708 0.835185 0.218750 0.832407 0.218750 0.825926 0.219271 0.821296 0.220312 0.817593 0.220312 0.805556 0.221354 0.802778 0.221875 0.798148 0.221875 0.792593 0.222917 0.787963 0.223438 0.782407 0.223438 0.774074 0.223958 0.767593 0.225000 0.762963 0.225521 0.757407 0.226042 0.750926 0.226562 0.736111 0.227083 0.728704 0.227604 0.722222 0.228125 0.715741 0.228646 0.711111 0.229687 0.707407 0.229687 0.698148 0.230729 0.693519 0.231250 0.687963 0.231250 0.681481 0.232292 0.678704 0.232813 0.672222 0.232813 0.665741 0.233854 0.661111 0.233854 0.654630 0.234896 0.649074 0.234896 0.642593 0.235417 0.637963 0.236458 0.634259 0.236458 0.626852 0.237500 0.624074 0.237500 0.614815 0.238021 0.605556 0.239063 0.602778 0.239063 0.598148 0.240104 0.594444 0.240625 0.588889 0.240625 0.575926 0.241146 0.568519 0.241667 0.563889 0.242708 0.560185 0.243750 0.551852 0.243750 0.545370 0.244792 0.539815 0.244792 0.527778 0.245312 0.520370 0.245833 0.514815 0.246875 0.512037 0.247396 0.505556 0.247396 0.500000 0.248438 0.495370 0.248438 0.489815 0.250000 0.481481 0.250521 0.477778 0.250000 0.475000 0.251042 0.470370 0.251042 0.459259 0.252083 0.453704 0.252083 0.448148 0.253646 0.438889 0.254167 0.432407 0.254688 0.424074 0.254688 0.415741 0.255208 0.405556 0.256250 0.401852 0.256250 0.389815 0.257292 0.387037 0.256771 0.382407 0.257292 0.376852 0.258333 0.374074 0.258333 0.366667 0.258854 0.361111 0.259896 0.356481 0.259896 0.348148 0.260937 0.344444 0.260937 0.336111 0.262500 0.328704 0.262500 0.323148 0.263542 0.320370 0.264062 0.314815 0.264062 0.305556 0.264583 0.298148 0.265104 0.290741 0.265625 0.284259 0.266667 0.279630 0.266667 0.272222 0.267708 0.268519 0.268229 0.261111 0.268229 0.248148 0.268750 0.238889 0.269792 0.234259 0.270313 0.227778 0.270833 0.221296 0.270313 0.216667 0.270833 0.209259 0.271875 0.207407 0.272396 0.195370 0.273438 0.193519 0.273958 0.182407 0.275000 0.179630 0.275521 0.175000 0.275521 0.168519 0.276562 0.162037 0.276562 0.153704 0.277083 0.147222 0.278125 0.142593 0.278646 0.137963 0.279167 0.129630 0.279687 0.123148 0.279687 0.116667 0.280729 0.111111 0.281250 0.100926 0.281250 0.095370 0.280729 0.091667 0.276042 0.084259 0.273958 0.080556 0.273958 0.078704 0.272917 0.076852 0.272917 0.072222 0.273438 0.070370 0.274479 0.068519 0.275521 0.067593 0.277604 0.066667 0.280729 0.066667 0.282292 0.065741 0.283854 0.062963 0.284375 0.061111 0.284896 0.059259 0.284896 0.056481 0.285938 0.054630 0.286458 0.050000 0.286979 0.048148 0.287500 0.046296 0.289062 0.044444 0.291146 0.044444
1 0.684375 0.879630 0.686458 0.879630 0.685417 0.878704 0.684375 0.879630
1 0.892708 0.557407 0.893750 0.560185 0.894271 0.556481 0.892708 0.557407
1 0.892188 0.542593 0.891667 0.546296 0.893229 0.550000 0.895833 0.550000 0.895312 0.543519 0.894792 0.541667 0.892188 0.542593
1 0.270833 0.432407 0.271875 0.433333 0.274479 0.434259 0.274479 0.437037 0.273438 0.438889 0.275521 0.438889 0.276042 0.437037 0.276042 0.435185 0.274479 0.432407 0.273438 0.431481 0.270833 0.432407
1 0.588021 0.421296 0.587500 0.423148 0.588021 0.425926 0.588021 0.421296
1 0.892708 0.417593 0.893229 0.419444 0.894792 0.419444 0.894792 0.417593 0.892708 0.417593
1 0.588021 0.345370 0.589583 0.346296 0.590625 0.347222 0.591667 0.348148 0.591667 0.350000 0.592187 0.350926 0.592187 0.361111 0.593229 0.365741 0.592708 0.367593 0.592187 0.370370 0.591667 0.375926 0.592708 0.386111 0.592187 0.389815 0.593750 0.393519 0.594792 0.395370 0.597917 0.396296 0.599479 0.399074 0.600521 0.400000 0.604688 0.399074 0.606771 0.399074 0.610417 0.400000 0.611979 0.400926 0.619271 0.400926 0.622917 0.407407 0.622396 0.410185 0.622917 0.412963 0.623437 0.414815 0.622917 0.421296 0.621354 0.424074 0.621354 0.425926 0.619792 0.428704 0.610938 0.428704 0.608333 0.427778 0.607292 0.426852 0.606250 0.423148 0.604688 0.420370 0.603646 0.419444 0.602083 0.418519 0.598958 0.418519 0.597917 0.416667 0.596354 0.415741 0.592708 0.414815 0.588021 0.414815 0.586979 0.415741 0.585938 0.416667 0.583333 0.419444 0.582292 0.421296 0.583333 0.424074 0.583333 0.426852 0.582812 0.435185 0.583333 0.437037 0.584896 0.439815 0.588021 0.439815 0.589063 0.443519 0.589583 0.447222 0.589583 0.450000 0.588542 0.452778 0.588542 0.455556 0.590625 0.462037 0.590625 0.463889 0.589063 0.467593 0.589063 0.473148 0.586979 0.476852 0.586979 0.479630 0.579167 0.479630 0.579688 0.475926 0.577604 0.473148 0.578646 0.467593 0.579688 0.466667 0.580729 0.466667 0.582292 0.463889 0.579688 0.458333 0.578125 0.457407 0.577083 0.456481 0.578646 0.453704 0.579167 0.453704 0.579688 0.450926 0.579167 0.446296 0.577604 0.443519 0.576042 0.442593 0.578125 0.438889 0.576562 0.435185 0.575521 0.435185 0.575521 0.433333 0.574479 0.432407 0.575000 0.428704 0.574479 0.426852 0.573438 0.425000 0.572396 0.425000 0.571354 0.423148 0.570312 0.422222 0.568750 0.422222 0.567187 0.419444 0.566146 0.418519 0.561979 0.418519 0.561458 0.419444 0.557292 0.419444 0.555208 0.416667 0.554167 0.415741 0.547917 0.416667 0.546875 0.416667 0.546354 0.414815 0.545833 0.411111 0.546354 0.400926 0.547917 0.404630 0.548438 0.406481 0.549479 0.408333 0.550521 0.409259 0.552083 0.410185 0.553646 0.410185 0.555208 0.407407 0.556250 0.404630 0.555208 0.401852 0.557292 0.400926 0.559896 0.402778 0.561458 0.400926 0.558333 0.399074 0.557292 0.400926 0.555208 0.401852 0.552083 0.401852 0.548958 0.402778 0.547917 0.404630 0.546354 0.400926 0.546875 0.400000 0.546875 0.398148 0.547917 0.397222 0.549479 0.397222 0.551562 0.395370 0.554167 0.395370 0.556250 0.393519 0.558854 0.393519 0.559375 0.394444 0.561458 0.394444 0.570833 0.393519 0.572396 0.392593 0.575000 0.390741 0.576562 0.387963 0.576562 0.387037 0.578646 0.383333 0.579167 0.377778 0.578646 0.375000 0.577604 0.373148 0.578125 0.364815 0.578646 0.364815 0.579167 0.361111 0.578646 0.360185 0.578646 0.356481 0.579167 0.353704 0.580208 0.351852 0.579688 0.349074 0.580729 0.347222 0.581771 0.346296 0.583854 0.345370 0.588021 0.345370
1 0.879167 0.334259 0.878646 0.337037 0.877604 0.337963 0.876563 0.338889 0.878646 0.341667 0.880208 0.342593 0.881771 0.341667 0.880729 0.338889 0.880729 0.334259 0.879167 0.334259
2 0.892708 0.404630 0.892188 0.405556 0.890104 0.405556 0.889062 0.406481 0.887500 0.409259 0.885417 0.416667 0.884896 0.428704 0.885417 0.433333 0.886458 0.438889 0.886458 0.445370 0.887500 0.449074 0.888021 0.453704 0.888542 0.459259 0.888542 0.468519 0.889583 0.475000 0.890104 0.482407 0.890625 0.489815 0.890104 0.494444 0.891146 0.498148 0.893750 0.505556 0.895833 0.508333 0.896875 0.509259 0.897917 0.509259 0.898438 0.508333 0.900000 0.508333 0.901042 0.507407 0.902604 0.504630 0.902604 0.496296 0.902604 0.483333 0.902083 0.471296 0.901042 0.465741 0.901042 0.455556 0.900521 0.449074 0.899479 0.443519 0.899479 0.431481 0.898438 0.428704 0.897917 0.422222 0.897917 0.413889 0.896354 0.408333 0.894271 0.404630 0.892708 0.404630
