1 0.657813 0.722222 0.656771 0.729630 0.656771 0.731481 0.657813 0.733333 0.658333 0.731481 0.658854 0.729630 0.658333 0.725000 0.657813 0.722222
1 0.505208 0.645370 0.505208 0.648148 0.506250 0.647222 0.505208 0.645370
1 0.504687 0.639815 0.505208 0.642593 0.506250 0.640741 0.504687 0.639815
1 0.866146 0.445370 0.865104 0.448148 0.864583 0.450000 0.864583 0.453704 0.866146 0.455556 0.867708 0.452778 0.867708 0.450926 0.868750 0.449074 0.866146 0.445370
1 0.605208 0.363889 0.602604 0.365741 0.604167 0.368519 0.605208 0.369444 0.606250 0.369444 0.607292 0.368519 0.607812 0.364815 0.606250 0.363889 0.605208 0.363889
1 0.608854 0.348148 0.608333 0.350926 0.605208 0.350926 0.604688 0.351852 0.603125 0.351852 0.603646 0.353704 0.605729 0.356481 0.606771 0.355556 0.607812 0.354630 0.608333 0.353704 0.608854 0.348148
1 0.606250 0.335185 0.605729 0.337963 0.606771 0.337963 0.608854 0.341667 0.608854 0.335185 0.606250 0.335185
1 0.545833 0.313889 0.545312 0.318519 0.545312 0.320370 0.546875 0.321296 0.547917 0.320370 0.548438 0.318519 0.548438 0.316667 0.547396 0.312963 0.545833 0.313889
1 0.562500 0.284259 0.564063 0.287037 0.567708 0.287037 0.568750 0.289815 0.569271 0.291667 0.568750 0.295370 0.569792 0.299074 0.569792 0.300926 0.568750 0.303704 0.568750 0.309259 0.569792 0.312037 0.570312 0.314815 0.570312 0.318519 0.569792 0.319444 0.569792 0.322222 0.570312 0.325000 0.572396 0.331481 0.571875 0.334259 0.573438 0.337037 0.574479 0.337963 0.578125 0.337037 0.580208 0.340741 0.581250 0.341667 0.583333 0.342593 0.585938 0.344444 0.594271 0.343519 0.595313 0.343519 0.596875 0.344444 0.597917 0.345370 0.597917 0.348148 0.598958 0.350000 0.600000 0.350000 0.601042 0.350926 0.600521 0.355556 0.601562 0.358333 0.601562 0.360185 0.601562 0.364815 0.601562 0.366667 0.600000 0.373148 0.598958 0.374074 0.597917 0.374074 0.596354 0.375926 0.593229 0.375926 0.590625 0.375000 0.588021 0.373148 0.585417 0.373148 0.579688 0.363889 0.578646 0.362963 0.572917 0.362963 0.570833 0.361111 0.569792 0.362963 0.569271 0.362963 0.567708 0.365741 0.567708 0.370370 0.566146 0.369444 0.565104 0.367593 0.563542 0.367593 0.562500 0.369444 0.563542 0.370370 0.565104 0.370370 0.566146 0.369444 0.567708 0.370370 0.566146 0.374074 0.565625 0.375926 0.566667 0.378704 0.567187 0.384259 0.567187 0.388889 0.566667 0.393519 0.565104 0.397222 0.566146 0.400000 0.564063 0.401852 0.563021 0.403704 0.564063 0.406481 0.565104 0.406481 0.566667 0.405556 0.567187 0.403704 0.567187 0.407407 0.567708 0.408333 0.567708 0.415741 0.567187 0.419444 0.566146 0.422222 0.566146 0.425000 0.564063 0.428704 0.561979 0.428704 0.557292 0.427778 0.555208 0.425000 0.554688 0.423148 0.554688 0.421296 0.553646 0.420370 0.553125 0.418519 0.553125 0.412963 0.553646 0.410185 0.554688 0.408333 0.554688 0.404630 0.556250 0.403704 0.555729 0.400000 0.556771 0.397222 0.555208 0.393519 0.555729 0.389815 0.554688 0.387037 0.554688 0.384259 0.556771 0.383333 0.555729 0.380556 0.557292 0.376852 0.557292 0.375000 0.553646 0.374074 0.551042 0.371296 0.548958 0.371296 0.536458 0.372222 0.533333 0.369444 0.531250 0.369444 0.529687 0.372222 0.528646 0.371296 0.527604 0.368519 0.527083 0.368519 0.526042 0.366667 0.526563 0.362963 0.525521 0.360185 0.523958 0.359259 0.519271 0.359259 0.520833 0.356481 0.521354 0.357407 0.522396 0.357407 0.522917 0.354630 0.518750 0.354630 0.518229 0.350000 0.518750 0.348148 0.522396 0.351852 0.523438 0.351852 0.524479 0.350926 0.525521 0.349074 0.526042 0.345370 0.526042 0.341667 0.527083 0.340741 0.527083 0.337963 0.533333 0.337037 0.533854 0.336111 0.539583 0.337037 0.544271 0.337037 0.546354 0.334259 0.548438 0.336111 0.550000 0.337037 0.551562 0.336111 0.552604 0.334259 0.553646 0.334259 0.555208 0.331481 0.555729 0.329630 0.556250 0.327778 0.556250 0.325000 0.554688 0.321296 0.555729 0.318519 0.556250 0.312963 0.556250 0.306481 0.557292 0.300926 0.557292 0.293519 0.559375 0.286111 0.560417 0.284259 0.562500 0.284259
1 0.848958 0.205556 0.852083 0.205556 0.851042 0.205556 0.849479 0.202778 0.848958 0.205556
1 0.284896 0.025000 0.286979 0.025926 0.286458 0.024074 0.284896 0.025000
1 0.455729 0.021296 0.456250 0.023148 0.458333 0.022222 0.455729 0.021296
1 0.653125 0.019444 0.653125 0.022222 0.654687 0.023148 0.655729 0.021296 0.655729 0.018519 0.653125 0.019444
1 0.597396 0.018519 0.596354 0.020370 0.594271 0.022222 0.597396 0.023148 0.598958 0.023148 0.599479 0.022222 0.600521 0.022222 0.600000 0.018519 0.597396 0.018519
1 0.639062 0.018519 0.639583 0.022222 0.641146 0.021296 0.641667 0.018519 0.639062 0.018519
1 0.243750 0.000926 0.245312 0.000926 0.256771 0.000000 0.256771 0.001852 0.257812 0.003704 0.257812 0.005556 0.256771 0.007407 0.256771 0.009259 0.257292 0.012037 0.259375 0.015741 0.259896 0.018519 0.259896 0.025000 0.260937 0.027778 0.260937 0.031481 0.258854 0.037963 0.258854 0.040741 0.259375 0.049074 0.260417 0.050926 0.260417 0.053704 0.261458 0.056481 0.261458 0.062037 0.260937 0.077778 0.259896 0.081481 0.259896 0.090741 0.258854 0.095370 0.258333 0.103704 0.258854 0.115741 0.257812 0.119444 0.258333 0.129630 0.257292 0.134259 0.257292 0.147222 0.256771 0.158333 0.255729 0.161111 0.256250 0.171296 0.254688 0.176852 0.254688 0.180556 0.255208 0.181481 0.255208 0.185185 0.254167 0.187963 0.253646 0.191667 0.254167 0.215741 0.253646 0.220370 0.252083 0.228704 0.251563 0.233333 0.251042 0.242593 0.251042 0.245370 0.251563 0.250926 0.252604 0.253704 0.252604 0.258333 0.252083 0.261111 0.251042 0.263889 0.251042 0.273148 0.250521 0.283333 0.250000 0.287037 0.247917 0.296296 0.247396 0.300000 0.247396 0.303704 0.248438 0.306481 0.248438 0.311111 0.247917 0.313889 0.246875 0.316667 0.246354 0.320370 0.246875 0.325000 0.245833 0.329630 0.245833 0.339815 0.244792 0.344444 0.244271 0.348148 0.244792 0.352778 0.244271 0.353704 0.244271 0.356481 0.244792 0.362037 0.245833 0.364815 0.245833 0.366667 0.244792 0.368519 0.243750 0.370370 0.241146 0.370370 0.239583 0.374074 0.238542 0.375000 0.237500 0.375000 0.236979 0.377778 0.238021 0.378704 0.236458 0.380556 0.235417 0.382407 0.234896 0.382407 0.234375 0.383333 0.234375 0.384259 0.233333 0.386111 0.234896 0.390741 0.236458 0.393519 0.234896 0.395370 0.234896 0.397222 0.236458 0.400000 0.238542 0.400926 0.236458 0.403704 0.237500 0.405556 0.239063 0.405556 0.239583 0.408333 0.240625 0.410185 0.241667 0.411111 0.240104 0.411111 0.239063 0.409259 0.237500 0.409259 0.236458 0.411111 0.237500 0.412963 0.238542 0.413889 0.239063 0.415741 0.241667 0.416667 0.242708 0.417593 0.243750 0.420370 0.244792 0.421296 0.243750 0.422222 0.243229 0.423148 0.242708 0.425000 0.240625 0.432407 0.240104 0.435185 0.239583 0.437963 0.239583 0.451852 0.238542 0.455556 0.238021 0.460185 0.237500 0.465741 0.237500 0.467593 0.238542 0.475926 0.238542 0.480556 0.237500 0.484259 0.237500 0.490741 0.236458 0.496296 0.235937 0.502778 0.235937 0.511111 0.235417 0.519444 0.233854 0.529630 0.233333 0.538889 0.233333 0.550926 0.232292 0.553704 0.231771 0.557407 0.232292 0.560185 0.231250 0.566667 0.230729 0.578704 0.231250 0.587037 0.230729 0.588889 0.230208 0.591667 0.229687 0.596296 0.229167 0.604630 0.229167 0.617593 0.228125 0.621296 0.228125 0.629630 0.227604 0.636111 0.226562 0.639815 0.226042 0.647222 0.226042 0.660185 0.225521 0.664815 0.224479 0.669444 0.223958 0.675000 0.223958 0.687963 0.222396 0.705556 0.222396 0.717593 0.221875 0.731481 0.220833 0.737037 0.220833 0.743519 0.219792 0.748148 0.219271 0.758333 0.219271 0.771296 0.218229 0.775000 0.218750 0.781481 0.218750 0.783333 0.218229 0.790741 0.217188 0.798148 0.216667 0.805556 0.216667 0.807407 0.217708 0.810185 0.217708 0.816667 0.218750 0.818519 0.227083 0.818519 0.227604 0.819444 0.235937 0.818519 0.238021 0.818519 0.251042 0.820370 0.264062 0.818519 0.267188 0.818519 0.275521 0.818519 0.289583 0.820370 0.294271 0.819444 0.297917 0.821296 0.303646 0.821296 0.311458 0.819444 0.320312 0.820370 0.322396 0.820370 0.337500 0.820370 0.346354 0.820370 0.368750 0.819444 0.376042 0.821296 0.383333 0.822222 0.388542 0.820370 0.410938 0.820370 0.415104 0.821296 0.417187 0.823148 0.421354 0.822222 0.428646 0.823148 0.430729 0.821296 0.432812 0.820370 0.436458 0.820370 0.436979 0.821296 0.441667 0.820370 0.443229 0.820370 0.446354 0.822222 0.447917 0.822222 0.448437 0.821296 0.449479 0.821296 0.457292 0.822222 0.479167 0.822222 0.484375 0.822222 0.497917 0.821296 0.500000 0.823148 0.504687 0.822222 0.513021 0.823148 0.515625 0.821296 0.522917 0.821296 0.525521 0.824074 0.539062 0.825000 0.541146 0.825000 0.550521 0.824074 0.553125 0.825926 0.554167 0.825000 0.555208 0.825000 0.556771 0.823148 0.557813 0.823148 0.558854 0.825000 0.560417 0.825926 0.561979 0.825000 0.563021 0.823148 0.568229 0.824074 0.571354 0.824074 0.580729 0.824074 0.583854 0.823148 0.584896 0.823148 0.587500 0.825926 0.589583 0.825926 0.594271 0.825926 0.596354 0.825926 0.598958 0.825000 0.601042 0.823148 0.612500 0.823148 0.614583 0.821296 0.620313 0.821296 0.622917 0.823148 0.629167 0.824074 0.634896 0.825000 0.641146 0.825000 0.644792 0.824074 0.645312 0.823148 0.647917 0.823148 0.650000 0.825000 0.663021 0.825926 0.667708 0.825000 0.668750 0.825000 0.671354 0.826852 0.673438 0.826852 0.673958 0.825926 0.675521 0.825926 0.681771 0.825926 0.682813 0.825926 0.688021 0.827778 0.692187 0.827778 0.695312 0.825926 0.701562 0.825000 0.703125 0.825000 0.711979 0.826852 0.714063 0.826852 0.716146 0.824074 0.717187 0.824074 0.718750 0.826852 0.727604 0.826852 0.729167 0.828704 0.731771 0.828704 0.734896 0.827778 0.736979 0.825926 0.738542 0.825926 0.739583 0.826852 0.740625 0.828704 0.744271 0.828704 0.751563 0.827778 0.762500 0.828704 0.765104 0.826852 0.766667 0.826852 0.768750 0.828704 0.772917 0.828704 0.775000 0.826852 0.782292 0.825926 0.783333 0.825926 0.785417 0.827778 0.788542 0.827778 0.792708 0.825926 0.793750 0.825926 0.796875 0.827778 0.813021 0.827778 0.817708 0.827778 0.818229 0.826852 0.823438 0.827778 0.827083 0.827778 0.830208 0.825926 0.832292 0.825926 0.836979 0.825926 0.838542 0.825926 0.841667 0.828704 0.848437 0.825926 0.855729 0.825926 0.859896 0.825926 0.862500 0.828704 0.865625 0.827778 0.866667 0.827778 0.869792 0.828704 0.873437 0.827778 0.877083 0.825926 0.886979 0.825926 0.888021 0.824074 0.887500 0.816667 0.887500 0.815741 0.886458 0.813889 0.888542 0.812037 0.889062 0.809259 0.888021 0.807407 0.886979 0.807407 0.888542 0.803704 0.889062 0.800000 0.889583 0.796296 0.888542 0.789815 0.888021 0.787963 0.885417 0.781481 0.884896 0.779630 0.884896 0.775926 0.885938 0.773148 0.886458 0.755556 0.886458 0.753704 0.885938 0.752778 0.885938 0.750926 0.886458 0.750000 0.886458 0.747222 0.885938 0.736111 0.884896 0.734259 0.885417 0.722222 0.884375 0.708333 0.884375 0.702778 0.885417 0.700000 0.885417 0.697222 0.883854 0.692593 0.883854 0.687963 0.884896 0.685185 0.884375 0.681481 0.882812 0.678704 0.882292 0.675926 0.882812 0.674074 0.883333 0.674074 0.883854 0.673148 0.884375 0.671296 0.883854 0.664815 0.884375 0.659259 0.883854 0.658333 0.883333 0.652778 0.882812 0.652778 0.881771 0.650926 0.881771 0.649074 0.881771 0.646296 0.880729 0.645370 0.876563 0.644444 0.875521 0.643519 0.876563 0.633333 0.876563 0.631481 0.876563 0.628704 0.877083 0.628704 0.878125 0.626852 0.878646 0.624074 0.879167 0.615741 0.878125 0.612963 0.878125 0.609259 0.878646 0.608333 0.878646 0.604630 0.877604 0.602778 0.876563 0.601852 0.878125 0.600000 0.878646 0.597222 0.878646 0.594444 0.878125 0.593519 0.878646 0.588889 0.878646 0.587037 0.877604 0.581481 0.877083 0.574074 0.876563 0.561111 0.877083 0.557407 0.877083 0.544444 0.877083 0.542593 0.876042 0.535185 0.875000 0.519444 0.875000 0.501852 0.873437 0.496296 0.872917 0.494444 0.873958 0.491667 0.873958 0.489815 0.873958 0.477778 0.872396 0.471296 0.871875 0.468519 0.872396 0.463889 0.871354 0.459259 0.871354 0.450000 0.872917 0.449074 0.873958 0.447222 0.876563 0.445370 0.876563 0.444444 0.879687 0.442593 0.880729 0.437963 0.880729 0.435185 0.879687 0.433333 0.879167 0.431481 0.879167 0.428704 0.877604 0.425000 0.876563 0.421296 0.877604 0.415741 0.877604 0.413889 0.876563 0.411111 0.877083 0.404630 0.876042 0.399074 0.876042 0.386111 0.875000 0.383333 0.876042 0.379630 0.875000 0.376852 0.875000 0.371296 0.873958 0.369444 0.874479 0.367593 0.874479 0.365741 0.872396 0.362037 0.872917 0.358333 0.871354 0.355556 0.873437 0.351852 0.872396 0.350926 0.871875 0.350000 0.870313 0.346296 0.868750 0.346296 0.867188 0.343519 0.866146 0.340741 0.864583 0.337037 0.864062 0.333333 0.863021 0.331481 0.862500 0.329630 0.861979 0.326852 0.861979 0.323148 0.862500 0.322222 0.861979 0.317593 0.863021 0.310185 0.863021 0.305556 0.863021 0.293519 0.861979 0.289815 0.861458 0.284259 0.861458 0.279630 0.861979 0.269444 0.861458 0.262037 0.860938 0.254630 0.860417 0.250926 0.859896 0.249074 0.858854 0.247222 0.858333 0.245370 0.858333 0.242593 0.858854 0.236111 0.859896 0.227778 0.858854 0.224074 0.858333 0.217593 0.858854 0.213889 0.857812 0.211111 0.857812 0.209259 0.856250 0.206481 0.856250 0.195370 0.854688 0.194444 0.854688 0.199074 0.852604 0.200926 0.851562 0.200926 0.848958 0.197222 0.848958 0.195370 0.851042 0.192593 0.851042 0.190741 0.851562 0.186111 0.851562 0.184259 0.855208 0.183333 0.856250 0.181481 0.854688 0.177778 0.854688 0.170370 0.854167 0.168519 0.851562 0.164815 0.851562 0.160185 0.852604 0.157407 0.853125 0.147222 0.852604 0.140741 0.851042 0.136111 0.850521 0.133333 0.851042 0.129630 0.848958 0.125926 0.849479 0.122222 0.848958 0.117593 0.850000 0.115741 0.850000 0.112037 0.848958 0.109259 0.848958 0.104630 0.849479 0.097222 0.848437 0.081481 0.848437 0.057407 0.847917 0.055556 0.844792 0.050000 0.845833 0.047222 0.845833 0.045370 0.844271 0.041667 0.843750 0.037963 0.843750 0.034259 0.845313 0.032407 0.842187 0.027778 0.841146 0.027778 0.836458 0.030556 0.834896 0.033333 0.834375 0.031481 0.833333 0.029630 0.831771 0.029630 0.829167 0.026852 0.825000 0.025926 0.823438 0.025926 0.819792 0.026852 0.806250 0.025926 0.803646 0.023148 0.802604 0.023148 0.801042 0.025000 0.798958 0.025000 0.797917 0.023148 0.796354 0.023148 0.795312 0.022222 0.794792 0.020370 0.794792 0.018519 0.795833 0.020370 0.796875 0.020370 0.796354 0.015741 0.795312 0.013889 0.794271 0.012963 0.792188 0.012963 0.790104 0.016667 0.789062 0.016667 0.788021 0.018519 0.789062 0.020370 0.791146 0.020370 0.792188 0.018519 0.794792 0.018519 0.794792 0.020370 0.797396 0.015741 0.801042 0.016667 0.798438 0.013889 0.797396 0.015741 0.794792 0.020370 0.793229 0.020370 0.792188 0.022222 0.793229 0.024074 0.794271 0.024074 0.791667 0.025000 0.791146 0.024074 0.788021 0.024074 0.787500 0.023148 0.786979 0.022222 0.785417 0.021296 0.782813 0.022222 0.782813 0.021296 0.784375 0.019444 0.782292 0.017593 0.781771 0.019444 0.782813 0.021296 0.782813 0.022222 0.779687 0.025000 0.776563 0.022222 0.775000 0.022222 0.774479 0.020370 0.774479 0.020370 0.776563 0.019444 0.775000 0.017593 0.774479 0.020370 0.774479 0.020370 0.771875 0.020370 0.770833 0.019444 0.769271 0.016667 0.768229 0.016667 0.766667 0.015741 0.765625 0.013889 0.764583 0.015741 0.766667 0.015741 0.768229 0.016667 0.766667 0.019444 0.765104 0.020370 0.764062 0.022222 0.765625 0.025000 0.764583 0.025000 0.764062 0.024074 0.760417 0.024074 0.758854 0.021296 0.757292 0.021296 0.756250 0.020370 0.755729 0.019444 0.755729 0.018519 0.754167 0.021296 0.753125 0.023148 0.753125 0.024074 0.751042 0.025000 0.748958 0.022222 0.749479 0.016667 0.748437 0.014815 0.747396 0.013889 0.743750 0.013889 0.742708 0.015741 0.744792 0.016667 0.745833 0.017593 0.745833 0.019444 0.743750 0.020370 0.742708 0.019444 0.742188 0.017593 0.739583 0.017593 0.739583 0.015741 0.738542 0.014815 0.738021 0.013889 0.736979 0.013889 0.735938 0.015741 0.736979 0.016667 0.738542 0.016667 0.739583 0.015741 0.739583 0.017593 0.739062 0.018519 0.738542 0.019444 0.735938 0.020370 0.735938 0.018519 0.734896 0.017593 0.732812 0.018519 0.733854 0.020370 0.734896 0.019444 0.735938 0.018519 0.735938 0.020370 0.735938 0.021296 0.734896 0.023148 0.731771 0.022222 0.731250 0.020370 0.729688 0.020370 0.729688 0.018519 0.728646 0.016667 0.729167 0.015741 0.732292 0.015741 0.731250 0.013889 0.730208 0.013889 0.729167 0.015741 0.728646 0.016667 0.726042 0.016667 0.726042 0.021296 0.727083 0.022222 0.728125 0.022222 0.725521 0.022222 0.725000 0.021296 0.721875 0.021296 0.721875 0.020370 0.721354 0.016667 0.720313 0.015741 0.718229 0.015741 0.717187 0.013889 0.716146 0.013889 0.715104 0.015741 0.716146 0.016667 0.716667 0.017593 0.717708 0.017593 0.717708 0.020370 0.718750 0.022222 0.720833 0.022222 0.721875 0.020370 0.721875 0.021296 0.721354 0.022222 0.717708 0.022222 0.716146 0.021296 0.715625 0.018519 0.714583 0.016667 0.713021 0.016667 0.711979 0.018519 0.711458 0.022222 0.710417 0.024074 0.707812 0.023148 0.705208 0.023148 0.706250 0.020370 0.707292 0.018519 0.706250 0.016667 0.705208 0.015741 0.704167 0.013889 0.701562 0.013889 0.701042 0.015741 0.702083 0.017593 0.704167 0.017593 0.705208 0.015741 0.706250 0.016667 0.705208 0.018519 0.706250 0.020370 0.705208 0.023148 0.704167 0.022222 0.703125 0.020370 0.701042 0.019444 0.700000 0.017593 0.698438 0.018519 0.697396 0.021296 0.696875 0.024074 0.693750 0.022222 0.692708 0.021296 0.693750 0.019444 0.693229 0.015741 0.692187 0.014815 0.691146 0.013889 0.688021 0.013889 0.686979 0.015741 0.690104 0.017593 0.690625 0.020370 0.692708 0.021296 0.693750 0.022222 0.684375 0.022222 0.682813 0.025000 0.681771 0.025926 0.679167 0.024074 0.675521 0.025000 0.672917 0.021296 0.673958 0.015741 0.675521 0.016667 0.676562 0.014815 0.674479 0.013889 0.673958 0.015741 0.672917 0.021296 0.671875 0.020370 0.668750 0.025000 0.663542 0.022222 0.662500 0.020370 0.660937 0.020370 0.660417 0.019444 0.659375 0.018519 0.662500 0.017593 0.664062 0.020370 0.665625 0.018519 0.664583 0.015741 0.664583 0.014815 0.664062 0.013889 0.663021 0.012963 0.658854 0.012963 0.657813 0.011111 0.653646 0.011111 0.652083 0.009259 0.648958 0.009259 0.647396 0.012037 0.645833 0.005556 0.645833 0.004630 0.644792 0.002778 0.643229 0.002778 0.642188 0.006481 0.642188 0.009259 0.641667 0.012037 0.637500 0.012037 0.636458 0.012037 0.631250 0.013889 0.630208 0.013889 0.628125 0.011111 0.625000 0.010185 0.619792 0.010185 0.616146 0.011111 0.613542 0.013889 0.614062 0.016667 0.614583 0.018519 0.612500 0.022222 0.610938 0.021296 0.610938 0.017593 0.612500 0.014815 0.609896 0.012963 0.607812 0.012963 0.602604 0.014815 0.601562 0.014815 0.600000 0.012963 0.597396 0.012963 0.595833 0.015741 0.594792 0.015741 0.593750 0.013889 0.590104 0.013889 0.589583 0.016667 0.592708 0.017593 0.593229 0.019444 0.591146 0.019444 0.590104 0.018519 0.589583 0.016667 0.587500 0.016667 0.586979 0.013889 0.583854 0.012037 0.581771 0.010185 0.580729 0.010185 0.579688 0.012037 0.580729 0.013889 0.581771 0.013889 0.582292 0.016667 0.581250 0.016667 0.580729 0.019444 0.582812 0.020370 0.583854 0.018519 0.585938 0.018519 0.584896 0.020370 0.584375 0.020370 0.583854 0.022222 0.582812 0.022222 0.582292 0.023148 0.580729 0.023148 0.579688 0.025000 0.578646 0.025926 0.575521 0.025926 0.572917 0.025000 0.570833 0.024074 0.569271 0.022222 0.567187 0.021296 0.562500 0.021296 0.561458 0.020370 0.561458 0.018519 0.559896 0.022222 0.558854 0.024074 0.558333 0.025000 0.557813 0.025000 0.556250 0.025000 0.555208 0.025000 0.553646 0.023148 0.551562 0.023148 0.551042 0.024074 0.549479 0.024074 0.546354 0.023148 0.543750 0.025926 0.542708 0.025926 0.541146 0.024074 0.537500 0.024074 0.536458 0.025926 0.535417 0.023148 0.532292 0.022222 0.530729 0.023148 0.530208 0.025000 0.529167 0.025926 0.528646 0.024074 0.528125 0.023148 0.527083 0.022222 0.525000 0.022222 0.526563 0.021296 0.527604 0.019444 0.526563 0.016667 0.525000 0.016667 0.523958 0.018519 0.522917 0.016667 0.521875 0.013889 0.521354 0.015741 0.522917 0.016667 0.523958 0.018519 0.523958 0.019444 0.521875 0.020370 0.520833 0.019444 0.519271 0.016667 0.515625 0.022222 0.515625 0.024074 0.514062 0.021296 0.514062 0.018519 0.513542 0.016667 0.512500 0.014815 0.507812 0.015741 0.509375 0.016667 0.509375 0.019444 0.507812 0.020370 0.506771 0.019444 0.505208 0.016667 0.503646 0.018519 0.502083 0.016667 0.501042 0.013889 0.500000 0.015741 0.502083 0.016667 0.503646 0.018519 0.503646 0.020370 0.503125 0.022222 0.502083 0.024074 0.500521 0.024074 0.495833 0.023148 0.490104 0.024074 0.488021 0.016667 0.489063 0.014815 0.487500 0.012037 0.485938 0.013889 0.486979 0.016667 0.488021 0.016667 0.490104 0.024074 0.489063 0.025926 0.488021 0.026852 0.486458 0.026852 0.484896 0.025000 0.483854 0.025000 0.481771 0.026852 0.480208 0.026852 0.478125 0.025926 0.477083 0.024074 0.476042 0.025000 0.474479 0.025926 0.473438 0.025926 0.471354 0.023148 0.470313 0.022222 0.469271 0.023148 0.468750 0.023148 0.468229 0.025000 0.467187 0.025926 0.465104 0.025926 0.463542 0.023148 0.461979 0.023148 0.459896 0.018519 0.460938 0.018519 0.461979 0.016667 0.461979 0.014815 0.459896 0.011111 0.457292 0.010185 0.450000 0.009259 0.448437 0.010185 0.447396 0.012037 0.448958 0.014815 0.447917 0.018519 0.447917 0.020370 0.447396 0.022222 0.445833 0.025000 0.444792 0.023148 0.442708 0.022222 0.442188 0.020370 0.443750 0.018519 0.443229 0.016667 0.441667 0.015741 0.441146 0.015741 0.439063 0.013889 0.438542 0.015741 0.441146 0.015741 0.441667 0.015741 0.441146 0.018519 0.442188 0.020370 0.442708 0.022222 0.441146 0.023148 0.440104 0.025926 0.439063 0.026852 0.438021 0.025926 0.436979 0.025926 0.435937 0.024074 0.434896 0.024074 0.433333 0.025926 0.430729 0.025926 0.428646 0.024074 0.425521 0.025926 0.424479 0.025926 0.422917 0.024074 0.420833 0.024074 0.418229 0.025926 0.415625 0.023148 0.406771 0.023148 0.404167 0.016667 0.405729 0.014815 0.404167 0.012037 0.403125 0.013889 0.404167 0.016667 0.406771 0.023148 0.405208 0.025926 0.401562 0.025000 0.400521 0.025000 0.398438 0.026852 0.395313 0.026852 0.389062 0.025926 0.387500 0.025000 0.383333 0.025926 0.382292 0.025000 0.381250 0.023148 0.379688 0.023148 0.377604 0.025000 0.376042 0.025000 0.374479 0.023148 0.372917 0.022222 0.371354 0.023148 0.370312 0.025926 0.368229 0.025926 0.366146 0.022222 0.364063 0.025926 0.361458 0.025926 0.360417 0.024074 0.358854 0.023148 0.356250 0.025926 0.354167 0.025926 0.352604 0.024074 0.351562 0.024074 0.350000 0.025926 0.347917 0.025926 0.346354 0.024074 0.345313 0.023148 0.343750 0.024074 0.342708 0.025926 0.334375 0.025926 0.332813 0.023148 0.331250 0.022222 0.331250 0.020370 0.332292 0.018519 0.331250 0.016667 0.329688 0.015741 0.328646 0.013889 0.327083 0.013889 0.326042 0.015741 0.329688 0.015741 0.331250 0.016667 0.331250 0.020370 0.331250 0.022222 0.327604 0.021296 0.325521 0.019444 0.325521 0.018519 0.324479 0.016667 0.323437 0.018519 0.322917 0.021296 0.321875 0.022222 0.320833 0.023148 0.319792 0.023148 0.316667 0.022222 0.317188 0.020370 0.318229 0.017593 0.319271 0.015741 0.321354 0.016667 0.322396 0.014815 0.319792 0.013889 0.319271 0.015741 0.318229 0.017593 0.316146 0.018519 0.317188 0.020370 0.316667 0.022222 0.315104 0.023148 0.314063 0.025926 0.313021 0.023148 0.311979 0.022222 0.309896 0.022222 0.309375 0.020370 0.305729 0.020370 0.305729 0.021296 0.304688 0.023148 0.301563 0.022222 0.301042 0.020370 0.296354 0.020370 0.294271 0.025000 0.293229 0.025926 0.291146 0.022222 0.289583 0.022222 0.290625 0.022222 0.291667 0.020370 0.291667 0.017593 0.290625 0.015741 0.287500 0.016667 0.286979 0.019444 0.284896 0.019444 0.283854 0.016667 0.280208 0.014815 0.278125 0.014815 0.277083 0.016667 0.275000 0.016667 0.273438 0.014815 0.269792 0.014815 0.266146 0.016667 0.265104 0.016667 0.263542 0.012037 0.261458 0.008333 0.260937 0.006481 0.260937 0.004630 0.262500 0.003704 0.262500 0.002778 0.263542 0.000000 0.409896 0.000926 0.411979 0.000926 0.507812 0.000926 0.509375 0.000926 0.515104 0.001852 0.646354 0.000926 0.647917 0.000926 0.708854 0.000926 0.710938 0.000926 0.715625 0.000926 0.717708 0.000926 0.876042 0.000000 0.877083 0.003704 0.877604 0.008333 0.876563 0.008333 0.876042 0.009259 0.872396 0.009259 0.871354 0.010185 0.870313 0.012037 0.869792 0.018519 0.868750 0.021296 0.868750 0.025000 0.869792 0.027778 0.869271 0.036111 0.869271 0.038889 0.869792 0.049074 0.870833 0.059259 0.870833 0.069444 0.871875 0.074074 0.871875 0.079630 0.871354 0.080556 0.871354 0.085185 0.871875 0.093519 0.872396 0.102778 0.872917 0.109259 0.873437 0.114815 0.874479 0.118519 0.874479 0.127778 0.875521 0.133333 0.875000 0.139815 0.875521 0.144444 0.876563 0.148148 0.876563 0.150926 0.876042 0.156481 0.877083 0.162963 0.877083 0.172222 0.878125 0.176852 0.878646 0.185185 0.878125 0.187037 0.878125 0.188889 0.879167 0.195370 0.878646 0.200000 0.878646 0.202778 0.879687 0.209259 0.879167 0.212963 0.879687 0.215741 0.880729 0.223148 0.881250 0.225926 0.882812 0.228704 0.883333 0.230556 0.882812 0.232407 0.882292 0.235185 0.882292 0.237963 0.883333 0.239815 0.883333 0.241667 0.882812 0.252778 0.883333 0.266667 0.884375 0.270370 0.883854 0.277778 0.884896 0.285185 0.884896 0.293519 0.885938 0.296296 0.886458 0.302778 0.885938 0.310185 0.885938 0.316667 0.885938 0.318519 0.886458 0.325000 0.887500 0.327778 0.888021 0.330556 0.888021 0.338889 0.889062 0.344444 0.889062 0.349074 0.888542 0.350000 0.888542 0.354630 0.889583 0.358333 0.888542 0.367593 0.888542 0.369444 0.889583 0.372222 0.889583 0.375926 0.890625 0.378704 0.889583 0.381481 0.889583 0.385185 0.890104 0.387037 0.891667 0.389815 0.892708 0.389815 0.892708 0.391667 0.892188 0.398148 0.892708 0.403704 0.893750 0.406481 0.893229 0.413889 0.895312 0.416667 0.895833 0.420370 0.897396 0.421296 0.895833 0.420370 0.893750 0.420370 0.893229 0.424074 0.893750 0.425000 0.894271 0.429630 0.895312 0.432407 0.895833 0.433333 0.897396 0.434259 0.897396 0.436111 0.895833 0.439815 0.895833 0.448148 0.896354 0.459259 0.897396 0.462037 0.897396 0.467593 0.896875 0.475000 0.897396 0.486111 0.897917 0.488889 0.898958 0.491667 0.899479 0.493519 0.898958 0.495370 0.898438 0.498148 0.898958 0.503704 0.898438 0.507407 0.898438 0.514815 0.899479 0.522222 0.900000 0.534259 0.899479 0.541667 0.899479 0.543519 0.900521 0.550000 0.900000 0.555556 0.900000 0.557407 0.900521 0.562963 0.901042 0.565741 0.901042 0.575926 0.901563 0.591667 0.902604 0.594444 0.902604 0.597222 0.902083 0.598148 0.902083 0.600000 0.903125 0.604630 0.903125 0.617593 0.904687 0.623148 0.904167 0.626852 0.905208 0.634259 0.905208 0.648148 0.906771 0.655556 0.906250 0.660185 0.906250 0.662037 0.907292 0.666667 0.907292 0.674074 0.908333 0.676852 0.908333 0.682407 0.909375 0.684259 0.910937 0.684259 0.907813 0.687963 0.907292 0.689815 0.906771 0.697222 0.906771 0.700926 0.907813 0.706481 0.909896 0.712963 0.910417 0.715741 0.910417 0.723148 0.911458 0.725926 0.911458 0.732407 0.910417 0.736111 0.910417 0.746296 0.910937 0.750926 0.913021 0.754630 0.913021 0.758333 0.911458 0.764815 0.911458 0.779630 0.911979 0.781481 0.912500 0.783333 0.914062 0.786111 0.914062 0.788889 0.913021 0.791667 0.913021 0.794444 0.914062 0.798148 0.914583 0.800000 0.914583 0.806481 0.913542 0.811111 0.913542 0.814815 0.914583 0.816667 0.914583 0.822222 0.915104 0.824074 0.915625 0.825000 0.916146 0.825000 0.918750 0.828704 0.920833 0.829630 0.925000 0.829630 0.926562 0.830556 0.927604 0.835185 0.927604 0.839815 0.927083 0.841667 0.926042 0.842593 0.923958 0.843519 0.921354 0.843519 0.916667 0.845370 0.915104 0.846296 0.914062 0.848148 0.913542 0.851852 0.913542 0.866667 0.913021 0.871296 0.912500 0.873148 0.911979 0.874074 0.910937 0.875000 0.907813 0.875000 0.898438 0.871296 0.896354 0.870370 0.894271 0.869444 0.891667 0.864815 0.891667 0.862963 0.890625 0.861111 0.890104 0.859259 0.890104 0.849074 0.889062 0.847222 0.888021 0.846296 0.877083 0.845370 0.875521 0.845370 0.846354 0.847222 0.843750 0.847222 0.835417 0.847222 0.832292 0.847222 0.811458 0.846296 0.773438 0.846296 0.747917 0.847222 0.735417 0.847222 0.718750 0.845370 0.713021 0.845370 0.695312 0.846296 0.678646 0.844444 0.676562 0.844444 0.664583 0.845370 0.648958 0.843519 0.645312 0.843519 0.629687 0.844444 0.620833 0.842593 0.618229 0.842593 0.609896 0.843519 0.599479 0.843519 0.594792 0.843519 0.580729 0.841667 0.574479 0.841667 0.552604 0.841667 0.548438 0.841667 0.540104 0.841667 0.536458 0.842593 0.534896 0.842593 0.518229 0.842593 0.514583 0.842593 0.496875 0.840741 0.493229 0.840741 0.484375 0.840741 0.477604 0.841667 0.473958 0.841667 0.462500 0.841667 0.457813 0.841667 0.448958 0.841667 0.444792 0.841667 0.416146 0.839815 0.371875 0.838889 0.368229 0.838889 0.329688 0.838889 0.327083 0.838889 0.310417 0.840741 0.304167 0.838889 0.276042 0.837963 0.222917 0.837963 0.218229 0.838889 0.215625 0.839815 0.214062 0.842593 0.213542 0.845370 0.213542 0.848148 0.213021 0.850000 0.211979 0.851852 0.211979 0.854630 0.209375 0.859259 0.207292 0.859259 0.205208 0.861111 0.202604 0.861111 0.199479 0.865741 0.195312 0.865741 0.194271 0.863889 0.193750 0.862037 0.193229 0.859259 0.193229 0.857407 0.193750 0.856481 0.193750 0.854630 0.193750 0.846296 0.193750 0.841667 0.193229 0.839815 0.191667 0.837037 0.189583 0.836111 0.186458 0.836111 0.183333 0.835185 0.181771 0.834259 0.180729 0.832407 0.180208 0.830556 0.181250 0.826852 0.181771 0.825000 0.184375 0.824074 0.186458 0.823148 0.188542 0.822222 0.190104 0.821296 0.191667 0.820370 0.192708 0.819444 0.194271 0.816667 0.195312 0.813889 0.195833 0.807407 0.196354 0.800000 0.196354 0.789815 0.196875 0.782407 0.197917 0.775926 0.198437 0.769444 0.198437 0.757407 0.199479 0.750926 0.200000 0.740741 0.200000 0.725926 0.200521 0.722222 0.202083 0.716667 0.201563 0.710185 0.202083 0.695370 0.203125 0.692593 0.203125 0.682407 0.204167 0.677778 0.204167 0.667593 0.205729 0.659259 0.206250 0.653704 0.206771 0.647222 0.207292 0.634259 0.207292 0.621296 0.207813 0.612037 0.208854 0.608333 0.208854 0.600000 0.209896 0.591667 0.209896 0.582407 0.210417 0.575000 0.211979 0.562963 0.212500 0.555556 0.213021 0.546296 0.212500 0.543519 0.213021 0.534259 0.213542 0.526852 0.214062 0.518519 0.215625 0.507407 0.216146 0.498148 0.216146 0.489815 0.217188 0.482407 0.217188 0.472222 0.217708 0.462963 0.219271 0.450926 0.219792 0.442593 0.219792 0.434259 0.220312 0.425000 0.220833 0.419444 0.221354 0.412963 0.222396 0.410185 0.222396 0.396296 0.222917 0.387037 0.223438 0.379630 0.224479 0.376852 0.225000 0.370370 0.225000 0.367593 0.224479 0.353704 0.225521 0.347222 0.225521 0.338889 0.226042 0.333333 0.227083 0.328704 0.227083 0.319444 0.228646 0.294444 0.229687 0.278704 0.230729 0.271296 0.231250 0.262037 0.231250 0.250000 0.231771 0.236111 0.232292 0.229630 0.232813 0.224074 0.233854 0.219444 0.234375 0.212963 0.234375 0.200000 0.235417 0.189815 0.235417 0.178704 0.235937 0.171296 0.236979 0.166667 0.237500 0.161111 0.237500 0.147222 0.238021 0.138889 0.238542 0.130556 0.239583 0.123148 0.239583 0.110185 0.241146 0.096296 0.241146 0.084259 0.241667 0.072222 0.243229 0.065741 0.243750 0.054630 0.243750 0.051852 0.243229 0.042593 0.244271 0.039815 0.244271 0.030556 0.245312 0.022222 0.245312 0.020370 0.244792 0.019444 0.244792 0.016667 0.242708 0.012037 0.242188 0.011111 0.241146 0.010185 0.240104 0.010185 0.237500 0.011111 0.236979 0.007407 0.235937 0.005556 0.236458 0.003704 0.237500 0.002778 0.239063 0.002778 0.239583 0.000000 0.243750 0.000926
0 0.875521 0.779630 0.873437 0.780556 0.872396 0.781481 0.871354 0.782407 0.870833 0.783333 0.870833 0.784259 0.869792 0.786111 0.869271 0.787963 0.868750 0.791667 0.868750 0.798148 0.869271 0.800926 0.870313 0.803704 0.871354 0.805556 0.871875 0.805556 0.873437 0.808333 0.875000 0.810185 0.876042 0.811111 0.877604 0.812037 0.880729 0.812037 0.883333 0.811111 0.884896 0.810185 0.886979 0.808333 0.887500 0.806481 0.888542 0.802778 0.889062 0.796296 0.888542 0.791667 0.886458 0.784259 0.884896 0.782407 0.883854 0.781481 0.882292 0.780556 0.880729 0.779630 0.875521 0.779630
0 0.664583 0.709259 0.663021 0.710185 0.661979 0.711111 0.660417 0.713889 0.659375 0.718519 0.659375 0.729630 0.659896 0.732407 0.661458 0.737963 0.663021 0.739815 0.664062 0.740741 0.665625 0.741667 0.667188 0.741667 0.667708 0.742593 0.668750 0.742593 0.671354 0.741667 0.674479 0.738889 0.675521 0.737963 0.676042 0.737037 0.676042 0.736111 0.677083 0.734259 0.677604 0.732407 0.678125 0.730556 0.678125 0.722222 0.677604 0.719444 0.676562 0.716667 0.675000 0.712963 0.673438 0.712037 0.671875 0.710185 0.669792 0.709259 0.664583 0.709259
0 0.872396 0.646296 0.870313 0.647222 0.867188 0.650000 0.865625 0.652778 0.865104 0.655556 0.865104 0.667593 0.866146 0.670370 0.867188 0.672222 0.867708 0.672222 0.869271 0.675000 0.870313 0.675926 0.872396 0.676852 0.875521 0.677778 0.877083 0.677778 0.877604 0.676852 0.879687 0.676852 0.880729 0.675926 0.881250 0.675000 0.883333 0.670370 0.883854 0.667593 0.883854 0.655556 0.883333 0.653704 0.880729 0.649074 0.879687 0.648148 0.877083 0.646296 0.872396 0.646296
0 0.541667 0.389815 0.540104 0.390741 0.538021 0.393519 0.537500 0.396296 0.536458 0.399074 0.535937 0.401852 0.535937 0.410185 0.536458 0.414815 0.536979 0.416667 0.538542 0.419444 0.539583 0.420370 0.540625 0.421296 0.542188 0.422222 0.546354 0.422222 0.547917 0.421296 0.549479 0.419444 0.551562 0.419444 0.553125 0.415741 0.553125 0.413889 0.554167 0.411111 0.554167 0.407407 0.553646 0.400926 0.553125 0.399074 0.552083 0.396296 0.551042 0.393519 0.549479 0.392593 0.547917 0.390741 0.546354 0.389815 0.541667 0.389815
0 0.571875 0.364815 0.570312 0.365741 0.568750 0.368519 0.568229 0.375000 0.567708 0.384259 0.568229 0.391667 0.568750 0.394444 0.569271 0.396296 0.572396 0.398148 0.575521 0.398148 0.578125 0.397222 0.580208 0.394444 0.581771 0.391667 0.582292 0.389815 0.583854 0.383333 0.583854 0.375000 0.583854 0.373148 0.582292 0.368519 0.581771 0.367593 0.580729 0.366667 0.579688 0.365741 0.577604 0.364815 0.571875 0.364815
0 0.711458 0.357407 0.709896 0.358333 0.707292 0.362037 0.706771 0.362963 0.706771 0.363889 0.705729 0.365741 0.705208 0.368519 0.704688 0.371296 0.704688 0.380556 0.705208 0.384259 0.705729 0.386111 0.707812 0.387963 0.709375 0.389815 0.715104 0.389815 0.716667 0.388889 0.717708 0.387963 0.720313 0.383333 0.720833 0.381481 0.720833 0.377778 0.721875 0.374074 0.721875 0.367593 0.720313 0.362037 0.718229 0.358333 0.717187 0.357407 0.711458 0.357407
0 0.458333 0.330556 0.456771 0.331481 0.455208 0.332407 0.454167 0.333333 0.452083 0.337037 0.451562 0.339815 0.451042 0.342593 0.450521 0.346296 0.450521 0.350926 0.451042 0.353704 0.451562 0.355556 0.452604 0.358333 0.453646 0.360185 0.455208 0.362037 0.456250 0.362963 0.459375 0.362963 0.461458 0.362037 0.462500 0.361111 0.463542 0.360185 0.466146 0.355556 0.466667 0.353704 0.467187 0.351852 0.467187 0.337963 0.466146 0.336111 0.466146 0.335185 0.465625 0.334259 0.465104 0.334259 0.464062 0.332407 0.463021 0.331481 0.461458 0.330556 0.458333 0.330556
0 0.431771 0.229630 0.430729 0.230556 0.428646 0.234259 0.428125 0.236111 0.427604 0.237963 0.427083 0.240741 0.426563 0.244444 0.426563 0.256481 0.427083 0.259259 0.427604 0.261111 0.429167 0.263889 0.430208 0.264815 0.431250 0.265741 0.436458 0.265741 0.438021 0.264815 0.439063 0.263889 0.440104 0.262037 0.441146 0.259259 0.441667 0.257407 0.442188 0.255556 0.442708 0.250000 0.442708 0.239815 0.442188 0.237037 0.441667 0.235185 0.441146 0.233333 0.440625 0.232407 0.440104 0.232407 0.439063 0.230556 0.437500 0.229630 0.431771 0.229630
0 0.525000 0.124074 0.523958 0.124074 0.522917 0.125000 0.521875 0.125926 0.519792 0.129630 0.518750 0.132407 0.518229 0.135185 0.517708 0.140741 0.517708 0.148148 0.518229 0.154630 0.518750 0.156481 0.521875 0.162037 0.522917 0.162963 0.526563 0.162963 0.528646 0.162037 0.529687 0.161111 0.530208 0.160185 0.531771 0.156481 0.532292 0.154630 0.532813 0.152778 0.533333 0.146296 0.533333 0.138889 0.533333 0.136111 0.532813 0.132407 0.532292 0.130556 0.531771 0.128704 0.529687 0.125000 0.528646 0.124074 0.526042 0.123148 0.525000 0.124074
0 0.265625 0.026852 0.264583 0.027778 0.263021 0.030556 0.262500 0.032407 0.261979 0.034259 0.261458 0.039815 0.260417 0.041667 0.259896 0.043519 0.259896 0.050000 0.260417 0.052778 0.263021 0.057407 0.263542 0.062037 0.264062 0.063889 0.265104 0.065741 0.267708 0.066667 0.269792 0.066667 0.271875 0.065741 0.272917 0.064815 0.273958 0.062963 0.275521 0.057407 0.276042 0.053704 0.276042 0.048148 0.275521 0.037037 0.275000 0.035185 0.273958 0.032407 0.271875 0.028704 0.270833 0.027778 0.269792 0.026852 0.265625 0.026852
3 0.564063 0.287963 0.567187 0.288889 0.568750 0.291667 0.569271 0.293519 0.568750 0.313889 0.568750 0.318519 0.568750 0.326852 0.568750 0.330556 0.569792 0.337037 0.569792 0.345370 0.570312 0.347222 0.575521 0.348148 0.574479 0.350000 0.573438 0.350926 0.572396 0.351852 0.573438 0.353704 0.574479 0.353704 0.575521 0.351852 0.574479 0.350000 0.575521 0.348148 0.579167 0.346296 0.584375 0.345370 0.590625 0.345370 0.596354 0.346296 0.598958 0.347222 0.600000 0.349074 0.600521 0.350926 0.600521 0.366667 0.600000 0.369444 0.598958 0.371296 0.598958 0.372222 0.595313 0.373148 0.592187 0.372222 0.587500 0.370370 0.582292 0.367593 0.581250 0.366667 0.579688 0.363889 0.578125 0.362963 0.571354 0.360185 0.570312 0.362037 0.569792 0.363889 0.568750 0.368519 0.568229 0.371296 0.567708 0.375926 0.567187 0.398148 0.567708 0.406481 0.567708 0.411111 0.567187 0.418519 0.566667 0.421296 0.566146 0.423148 0.565625 0.425000 0.565104 0.425926 0.564063 0.426852 0.556771 0.426852 0.555208 0.424074 0.554688 0.422222 0.554167 0.417593 0.554688 0.413889 0.554167 0.400000 0.555729 0.387963 0.555729 0.377778 0.555208 0.372222 0.553646 0.369444 0.552083 0.369444 0.550000 0.367593 0.548438 0.369444 0.546354 0.370370 0.539062 0.369444 0.536979 0.367593 0.534896 0.366667 0.531250 0.367593 0.528646 0.367593 0.527083 0.366667 0.526042 0.365741 0.525521 0.364815 0.525000 0.362963 0.524479 0.359259 0.524479 0.348148 0.525000 0.344444 0.525521 0.342593 0.526563 0.340741 0.528125 0.339815 0.530729 0.339815 0.539583 0.340741 0.543750 0.341667 0.546354 0.343519 0.548958 0.344444 0.553646 0.344444 0.555208 0.341667 0.555729 0.339815 0.556250 0.337963 0.556771 0.332407 0.556771 0.307407 0.557292 0.296296 0.557813 0.293519 0.558333 0.291667 0.558854 0.289815 0.559896 0.287963 0.564063 0.287963
2 0.237500 0.365741 0.236979 0.367593 0.236979 0.369444 0.235937 0.372222 0.235417 0.381481 0.234896 0.396296 0.235417 0.407407 0.234896 0.414815 0.235417 0.418519 0.236458 0.423148 0.236979 0.425000 0.238021 0.426852 0.240104 0.428704 0.241146 0.428704 0.242708 0.425926 0.243229 0.424074 0.243750 0.421296 0.243750 0.414815 0.244792 0.408333 0.245312 0.399074 0.245833 0.389815 0.245833 0.379630 0.245312 0.375926 0.244792 0.373148 0.242188 0.367593 0.241667 0.366667 0.240625 0.365741 0.237500 0.365741
