0 0.889062 0.841667 0.887500 0.842593 0.883854 0.848148 0.882812 0.851852 0.883333 0.858333 0.884896 0.862037 0.886458 0.865741 0.886979 0.866667 0.888542 0.869444 0.889583 0.869444 0.890104 0.870370 0.893229 0.871296 0.894271 0.871296 0.896875 0.870370 0.897917 0.869444 0.899479 0.867593 0.900521 0.865741 0.901042 0.863889 0.901042 0.862037 0.902604 0.858333 0.903125 0.855556 0.902604 0.853704 0.901563 0.851852 0.901563 0.850000 0.901042 0.848148 0.900521 0.847222 0.897396 0.842593 0.895833 0.841667 0.894271 0.840741 0.891146 0.839815 0.889062 0.841667
0 0.372396 0.723148 0.370833 0.724074 0.369792 0.725000 0.368750 0.725926 0.368229 0.726852 0.366146 0.731481 0.365625 0.733333 0.365625 0.745370 0.366146 0.747222 0.367188 0.749074 0.368229 0.750926 0.369792 0.752778 0.371354 0.753704 0.372917 0.754630 0.377604 0.754630 0.378646 0.753704 0.379688 0.752778 0.381771 0.749074 0.383333 0.744444 0.383333 0.730556 0.380208 0.725000 0.379167 0.724074 0.377604 0.723148 0.372396 0.723148
0 0.834896 0.637963 0.832292 0.638889 0.829688 0.639815 0.827604 0.641667 0.826562 0.643519 0.826042 0.646296 0.824479 0.649074 0.824479 0.657407 0.825000 0.659259 0.825521 0.661111 0.827083 0.663889 0.827083 0.664815 0.828125 0.666667 0.829167 0.667593 0.830208 0.668519 0.833854 0.669444 0.834896 0.669444 0.839063 0.668519 0.840625 0.667593 0.841667 0.666667 0.842708 0.664815 0.844271 0.659259 0.844792 0.653704 0.843750 0.650926 0.843750 0.649074 0.842708 0.645370 0.842187 0.643519 0.840625 0.642593 0.839583 0.640741 0.838542 0.639815 0.836979 0.638889 0.834896 0.637963
0 0.559896 0.461111 0.558854 0.462037 0.557813 0.462963 0.555729 0.466667 0.555208 0.468519 0.554688 0.470370 0.554167 0.473148 0.554167 0.476852 0.554688 0.480556 0.555208 0.482407 0.556250 0.485185 0.557813 0.487963 0.558854 0.488889 0.559896 0.489815 0.562500 0.490741 0.565104 0.490741 0.567187 0.489815 0.568750 0.487037 0.569271 0.485185 0.569792 0.483333 0.570312 0.480556 0.570312 0.473148 0.571875 0.469444 0.570312 0.465741 0.568229 0.462963 0.567187 0.462037 0.565625 0.461111 0.559896 0.461111
0 0.712500 0.379630 0.709375 0.382407 0.708333 0.384259 0.707812 0.386111 0.707292 0.386111 0.706250 0.389815 0.706250 0.398148 0.706771 0.400000 0.709896 0.406481 0.711458 0.407407 0.713021 0.408333 0.716667 0.408333 0.718229 0.407407 0.720833 0.404630 0.722396 0.401852 0.722917 0.401852 0.723958 0.400000 0.723958 0.387037 0.723437 0.385185 0.721875 0.382407 0.720833 0.381481 0.719792 0.380556 0.718229 0.379630 0.712500 0.379630
0 0.267708 0.375000 0.265625 0.376852 0.264583 0.378704 0.264062 0.380556 0.263542 0.382407 0.263021 0.385185 0.262500 0.388889 0.262500 0.391667 0.263021 0.395370 0.263542 0.397222 0.266146 0.401852 0.267188 0.402778 0.268229 0.403704 0.269792 0.404630 0.274479 0.404630 0.275521 0.403704 0.276562 0.402778 0.278646 0.400000 0.279167 0.399074 0.279687 0.397222 0.280208 0.393519 0.280208 0.384259 0.279167 0.380556 0.278125 0.378704 0.277604 0.378704 0.276042 0.375926 0.273958 0.375000 0.267708 0.375000
0 0.431250 0.177778 0.428646 0.180556 0.427083 0.183333 0.426563 0.185185 0.426042 0.187963 0.426042 0.195370 0.426563 0.199074 0.427083 0.200926 0.427604 0.202778 0.429167 0.205556 0.430208 0.206481 0.431250 0.207407 0.435417 0.208333 0.437500 0.207407 0.439063 0.206481 0.441146 0.202778 0.441667 0.200926 0.442188 0.199074 0.442188 0.188889 0.441667 0.187037 0.441146 0.185185 0.439063 0.180556 0.438021 0.179630 0.436979 0.178704 0.435417 0.177778 0.431250 0.177778
0 0.269792 0.164815 0.267708 0.165741 0.266667 0.167593 0.266146 0.167593 0.265625 0.168519 0.264583 0.172222 0.264062 0.175000 0.264583 0.184259 0.265104 0.187963 0.267188 0.191667 0.268229 0.192593 0.269792 0.193519 0.271875 0.194444 0.274479 0.194444 0.276562 0.193519 0.277604 0.192593 0.278646 0.191667 0.280208 0.188889 0.280729 0.185185 0.281250 0.182407 0.281250 0.178704 0.280729 0.174074 0.280208 0.172222 0.279687 0.170370 0.278125 0.167593 0.277083 0.166667 0.276042 0.165741 0.273438 0.164815 0.269792 0.164815
0 0.367188 0.157407 0.365104 0.158333 0.364063 0.159259 0.363021 0.160185 0.362500 0.161111 0.362500 0.162037 0.361458 0.163889 0.359896 0.168519 0.359896 0.175000 0.360417 0.176852 0.361979 0.181481 0.363021 0.183333 0.364583 0.185185 0.365625 0.186111 0.368750 0.187037 0.369792 0.187037 0.372396 0.186111 0.373437 0.185185 0.374479 0.184259 0.375521 0.182407 0.376042 0.182407 0.377083 0.178704 0.377083 0.166667 0.376563 0.164815 0.373958 0.160185 0.372917 0.159259 0.370312 0.157407 0.367188 0.157407
0 0.330729 0.120370 0.329167 0.121296 0.327083 0.123148 0.326042 0.125926 0.325521 0.127778 0.325000 0.129630 0.324479 0.133333 0.324479 0.137963 0.325000 0.140741 0.326042 0.143519 0.329167 0.149074 0.330208 0.150000 0.333854 0.150926 0.334896 0.150926 0.335417 0.150000 0.336979 0.150000 0.338021 0.149074 0.339583 0.146296 0.340625 0.143519 0.341146 0.140741 0.341146 0.132407 0.340625 0.130556 0.340104 0.128704 0.339062 0.126852 0.338542 0.124074 0.338021 0.123148 0.336979 0.122222 0.335417 0.121296 0.333333 0.120370 0.330729 0.120370
0 0.274479 0.097222 0.272396 0.098148 0.270313 0.101852 0.268750 0.107407 0.268750 0.110185 0.270313 0.118519 0.270833 0.120370 0.271875 0.123148 0.272917 0.123148 0.273438 0.124074 0.276042 0.125000 0.279687 0.125926 0.282292 0.125000 0.283333 0.124074 0.284896 0.121296 0.286458 0.115741 0.285938 0.107407 0.285417 0.105556 0.284375 0.102778 0.282813 0.100000 0.281771 0.099074 0.280729 0.098148 0.278646 0.097222 0.274479 0.097222
3 0.578125 0.353704 0.576562 0.355556 0.576562 0.358333 0.576042 0.359259 0.575521 0.365741 0.575521 0.401852 0.575000 0.406481 0.573958 0.408333 0.572917 0.409259 0.568229 0.409259 0.560417 0.407407 0.547917 0.406481 0.546354 0.406481 0.545833 0.407407 0.543750 0.407407 0.542708 0.409259 0.542188 0.412037 0.542188 0.422222 0.542708 0.427778 0.543229 0.429630 0.544271 0.431481 0.548438 0.432407 0.561458 0.432407 0.570833 0.433333 0.572917 0.435185 0.573958 0.437037 0.574479 0.439815 0.573958 0.446296 0.574479 0.459259 0.576042 0.462963 0.576042 0.464815 0.575521 0.465741 0.574479 0.473148 0.573958 0.479630 0.573958 0.487037 0.574479 0.488889 0.575000 0.489815 0.576042 0.490741 0.578125 0.491667 0.583333 0.491667 0.583854 0.490741 0.585417 0.490741 0.586458 0.487963 0.586979 0.484259 0.586979 0.477778 0.586979 0.459259 0.588021 0.454630 0.588021 0.450926 0.587500 0.437963 0.588021 0.436111 0.590104 0.434259 0.594792 0.434259 0.598958 0.436111 0.605729 0.436111 0.611979 0.437963 0.617188 0.437963 0.619271 0.437037 0.620313 0.435185 0.620833 0.433333 0.621354 0.431481 0.621354 0.414815 0.619792 0.412037 0.609375 0.411111 0.597917 0.411111 0.590625 0.410185 0.589583 0.409259 0.589063 0.408333 0.588542 0.406481 0.588021 0.400000 0.588021 0.383333 0.588542 0.359259 0.588021 0.356481 0.586979 0.354630 0.585417 0.353704 0.578125 0.353704
2 0.250521 0.437963 0.250000 0.438889 0.247917 0.439815 0.247396 0.442593 0.247917 0.448148 0.247917 0.450000 0.247396 0.460185 0.248438 0.462963 0.246875 0.465741 0.246354 0.468519 0.244792 0.470370 0.244271 0.472222 0.244271 0.480556 0.244792 0.481481 0.244792 0.484259 0.246354 0.485185 0.248438 0.488889 0.248958 0.490741 0.249479 0.492593 0.250000 0.495370 0.250521 0.495370 0.251563 0.497222 0.254688 0.496296 0.255208 0.494444 0.255729 0.489815 0.256250 0.484259 0.256771 0.477778 0.256771 0.470370 0.257812 0.462963 0.257292 0.449074 0.255729 0.445370 0.255729 0.443519 0.255208 0.441667 0.254688 0.440741 0.254167 0.440741 0.253125 0.438889 0.251563 0.437963 0.250521 0.437963
1 0.926042 0.441667 0.929167 0.442593 0.928646 0.440741 0.926042 0.441667
1 0.883854 0.020370 0.885417 0.021296 0.886458 0.022222 0.886979 0.023148 0.886979 0.024074 0.888021 0.025926 0.888542 0.028704 0.888542 0.031481 0.889062 0.034259 0.891146 0.040741 0.892708 0.043519 0.894271 0.044444 0.901042 0.044444 0.902604 0.045370 0.904167 0.046296 0.904687 0.048148 0.904687 0.050926 0.903646 0.052778 0.903125 0.052778 0.902083 0.054630 0.902083 0.055556 0.900521 0.058333 0.897917 0.059259 0.896875 0.061111 0.896875 0.063889 0.895312 0.066667 0.895312 0.068519 0.895833 0.074074 0.894271 0.078704 0.894271 0.081481 0.895312 0.086111 0.896354 0.087963 0.896875 0.089815 0.896875 0.091667 0.895833 0.094444 0.897396 0.098148 0.897396 0.100926 0.896354 0.108333 0.896354 0.110185 0.897396 0.113889 0.897917 0.125000 0.897917 0.136111 0.898958 0.142593 0.899479 0.150000 0.899479 0.160185 0.900000 0.169444 0.901563 0.175926 0.901563 0.180556 0.902083 0.184259 0.903125 0.187037 0.903646 0.199074 0.904687 0.202778 0.904687 0.213889 0.905208 0.222222 0.905729 0.230556 0.906771 0.234259 0.906771 0.248148 0.907292 0.254630 0.908333 0.262037 0.908854 0.265741 0.909896 0.268519 0.910417 0.271296 0.910417 0.273148 0.909896 0.278704 0.910937 0.285185 0.910417 0.288889 0.911458 0.295370 0.911458 0.311111 0.911979 0.318519 0.913542 0.331481 0.913542 0.338889 0.914583 0.344444 0.914583 0.351852 0.915625 0.355556 0.915625 0.362963 0.905208 0.365741 0.903125 0.364815 0.902604 0.366667 0.898438 0.368519 0.897917 0.366667 0.896875 0.364815 0.895312 0.364815 0.893750 0.363889 0.893229 0.359259 0.892188 0.358333 0.891667 0.356481 0.891667 0.350000 0.891146 0.344444 0.889583 0.341667 0.889062 0.338889 0.888542 0.336111 0.888021 0.334259 0.889062 0.332407 0.889062 0.330556 0.888021 0.327778 0.889062 0.325000 0.889583 0.317593 0.889583 0.309259 0.889062 0.306481 0.887500 0.300926 0.887500 0.295370 0.885938 0.287037 0.886458 0.279630 0.885938 0.267593 0.884896 0.265741 0.884375 0.262963 0.884375 0.260185 0.883333 0.256481 0.882812 0.256481 0.881250 0.254630 0.883854 0.253704 0.884375 0.251852 0.884896 0.242593 0.884896 0.238889 0.884375 0.237037 0.883854 0.235185 0.882292 0.234259 0.881250 0.232407 0.881250 0.230556 0.879687 0.228704 0.879167 0.225926 0.878125 0.224074 0.877083 0.223148 0.878125 0.223148 0.879167 0.221296 0.879167 0.219444 0.878125 0.217593 0.876563 0.216667 0.878646 0.212963 0.879167 0.211111 0.879167 0.209259 0.880729 0.206481 0.880729 0.198148 0.880208 0.195370 0.878125 0.187963 0.878125 0.185185 0.876563 0.183333 0.876563 0.180556 0.877604 0.178704 0.876042 0.175000 0.876563 0.173148 0.877083 0.170370 0.877083 0.167593 0.876042 0.164815 0.876042 0.162963 0.876563 0.162037 0.877083 0.158333 0.877083 0.155556 0.876563 0.150000 0.875521 0.147222 0.876042 0.143519 0.875521 0.136111 0.874479 0.133333 0.874479 0.125926 0.872917 0.121296 0.872396 0.107407 0.872917 0.102778 0.871875 0.099074 0.871354 0.095370 0.871354 0.091667 0.870313 0.087963 0.870313 0.081481 0.869792 0.079630 0.857812 0.077778 0.843750 0.076852 0.840104 0.076852 0.832292 0.077778 0.827604 0.076852 0.824479 0.075000 0.819792 0.075926 0.817187 0.073148 0.813021 0.075000 0.807292 0.075000 0.804167 0.076852 0.796875 0.077778 0.788021 0.077778 0.783854 0.075000 0.780729 0.075000 0.780208 0.075926 0.777604 0.075926 0.777083 0.075000 0.773958 0.075000 0.768750 0.076852 0.757292 0.075926 0.754167 0.075926 0.751563 0.077778 0.745833 0.078704 0.741667 0.077778 0.738021 0.079630 0.736458 0.079630 0.720313 0.078704 0.716667 0.077778 0.715104 0.075926 0.714063 0.075926 0.712500 0.075926 0.710938 0.076852 0.709896 0.077778 0.705208 0.076852 0.701042 0.079630 0.692708 0.079630 0.692187 0.078704 0.684375 0.078704 0.671354 0.080556 0.658333 0.081481 0.657292 0.081481 0.641667 0.081481 0.637500 0.080556 0.609896 0.082407 0.604688 0.081481 0.601562 0.081481 0.598958 0.083333 0.595833 0.081481 0.594792 0.081481 0.589583 0.083333 0.588021 0.083333 0.583333 0.082407 0.558333 0.083333 0.552083 0.085185 0.530729 0.084259 0.517708 0.084259 0.510417 0.086111 0.473958 0.086111 0.470313 0.087963 0.466146 0.087963 0.464062 0.089815 0.461458 0.089815 0.459896 0.087963 0.458854 0.088889 0.457813 0.090741 0.456771 0.091667 0.455729 0.091667 0.453125 0.090741 0.450521 0.089815 0.450000 0.088889 0.448437 0.088889 0.436458 0.088889 0.434375 0.088889 0.423958 0.088889 0.419792 0.088889 0.409896 0.089815 0.405729 0.091667 0.400521 0.091667 0.393229 0.090741 0.390625 0.092593 0.389062 0.092593 0.385937 0.091667 0.382812 0.093519 0.376042 0.093519 0.371354 0.091667 0.364063 0.092593 0.359896 0.091667 0.358333 0.091667 0.350000 0.093519 0.346354 0.092593 0.344271 0.092593 0.342187 0.095370 0.339583 0.095370 0.336979 0.093519 0.318750 0.092593 0.309896 0.092593 0.301563 0.094444 0.290104 0.095370 0.285938 0.095370 0.285417 0.092593 0.283854 0.089815 0.278646 0.089815 0.277604 0.087963 0.276562 0.085185 0.276562 0.084259 0.274479 0.084259 0.273438 0.086111 0.273438 0.087037 0.271875 0.089815 0.271354 0.091667 0.271354 0.098148 0.269792 0.101852 0.269271 0.103704 0.269271 0.115741 0.269792 0.117593 0.271354 0.120370 0.271875 0.122222 0.270833 0.125926 0.271875 0.129630 0.270833 0.132407 0.270313 0.136111 0.270313 0.144444 0.269271 0.149074 0.269792 0.155556 0.269792 0.157407 0.268750 0.159259 0.266146 0.159259 0.265625 0.160185 0.264583 0.161111 0.265625 0.162037 0.266146 0.162963 0.269792 0.162963 0.274479 0.164815 0.271875 0.164815 0.268750 0.165741 0.267708 0.166667 0.266667 0.167593 0.265625 0.169444 0.265104 0.171296 0.265625 0.177778 0.265104 0.183333 0.265625 0.186111 0.266146 0.187963 0.267708 0.192593 0.268750 0.195370 0.267188 0.199074 0.267708 0.202778 0.267188 0.213889 0.266146 0.219444 0.265625 0.226852 0.266146 0.237963 0.266146 0.244444 0.265104 0.250000 0.264583 0.256481 0.265104 0.264815 0.264583 0.271296 0.265104 0.275000 0.264062 0.277778 0.264583 0.281481 0.264583 0.283333 0.263021 0.287963 0.263542 0.302778 0.262500 0.306481 0.262500 0.311111 0.261458 0.313889 0.261458 0.325000 0.260417 0.328704 0.259896 0.334259 0.259375 0.340741 0.258854 0.355556 0.259375 0.370370 0.259375 0.373148 0.258333 0.375926 0.259896 0.379630 0.259896 0.380556 0.260937 0.382407 0.261979 0.382407 0.261979 0.385185 0.261458 0.386111 0.261979 0.389815 0.258333 0.390741 0.256771 0.393519 0.257292 0.401852 0.256771 0.407407 0.255729 0.411111 0.255729 0.423148 0.254688 0.428704 0.254688 0.435185 0.253646 0.437037 0.252604 0.437963 0.251042 0.438889 0.252083 0.441667 0.250521 0.442593 0.249479 0.443519 0.248438 0.445370 0.248438 0.447222 0.247917 0.449074 0.244271 0.454630 0.244271 0.457407 0.245312 0.459259 0.245312 0.461111 0.244792 0.462963 0.243750 0.464815 0.243229 0.466667 0.244792 0.469444 0.243750 0.472222 0.243750 0.475000 0.244271 0.476852 0.245833 0.479630 0.246354 0.479630 0.247396 0.481481 0.247396 0.482407 0.248958 0.484259 0.249479 0.487037 0.251042 0.489815 0.251563 0.489815 0.253125 0.492593 0.253646 0.494444 0.253646 0.498148 0.252604 0.502778 0.252083 0.509259 0.251042 0.521296 0.250521 0.528704 0.251563 0.531481 0.251563 0.534259 0.250000 0.541667 0.249479 0.549074 0.249479 0.550926 0.250000 0.551852 0.250000 0.553704 0.248958 0.556481 0.248958 0.561111 0.247917 0.565741 0.247396 0.575000 0.247396 0.585185 0.246875 0.591667 0.245833 0.595370 0.245312 0.607407 0.244792 0.624074 0.244792 0.625926 0.245312 0.631481 0.244792 0.641667 0.244271 0.649074 0.243229 0.653704 0.242708 0.661111 0.242188 0.668519 0.241667 0.676852 0.241667 0.678704 0.242188 0.683333 0.241146 0.688889 0.241146 0.694444 0.240104 0.700000 0.240104 0.718519 0.239063 0.724074 0.238542 0.731481 0.238542 0.736111 0.239063 0.737037 0.239063 0.741667 0.238542 0.751852 0.237500 0.760185 0.237500 0.769444 0.236458 0.775000 0.237500 0.782407 0.236979 0.788889 0.235417 0.793519 0.235937 0.796296 0.235937 0.806481 0.235937 0.813889 0.235417 0.817593 0.234375 0.820370 0.233854 0.826852 0.233854 0.841667 0.233333 0.850926 0.232292 0.858333 0.232813 0.867593 0.231771 0.873148 0.231250 0.882407 0.231250 0.888889 0.231771 0.892593 0.232292 0.895370 0.232813 0.897222 0.233333 0.899074 0.234896 0.901852 0.237500 0.902778 0.239583 0.902778 0.256771 0.901852 0.277604 0.901852 0.287500 0.901852 0.306771 0.901852 0.309375 0.901852 0.309896 0.902778 0.311979 0.902778 0.312500 0.901852 0.314583 0.901852 0.331771 0.901852 0.342708 0.901852 0.369271 0.901852 0.382292 0.901852 0.384375 0.901852 0.404167 0.901852 0.420833 0.903704 0.422396 0.903704 0.426042 0.902778 0.431250 0.904630 0.433854 0.904630 0.444792 0.902778 0.453646 0.902778 0.462500 0.904630 0.470313 0.904630 0.478646 0.902778 0.481771 0.902778 0.486979 0.904630 0.489063 0.904630 0.496354 0.904630 0.497917 0.904630 0.509375 0.903704 0.535937 0.905556 0.536979 0.905556 0.545833 0.903704 0.551562 0.903704 0.565104 0.905556 0.573438 0.904630 0.580208 0.904630 0.591667 0.904630 0.592708 0.904630 0.604688 0.904630 0.606771 0.904630 0.613021 0.905556 0.613542 0.904630 0.619271 0.904630 0.629687 0.906481 0.664583 0.906481 0.688021 0.905556 0.690104 0.905556 0.702083 0.905556 0.711458 0.907407 0.717187 0.907407 0.733333 0.907407 0.734375 0.907407 0.743750 0.905556 0.753125 0.905556 0.756771 0.903704 0.760417 0.903704 0.766667 0.905556 0.784896 0.906481 0.790625 0.906481 0.806771 0.904630 0.807813 0.904630 0.814583 0.904630 0.819792 0.905556 0.821875 0.905556 0.825000 0.903704 0.847917 0.903704 0.852083 0.901852 0.856250 0.901852 0.863542 0.903704 0.873437 0.903704 0.896354 0.901852 0.900521 0.902778 0.902604 0.901852 0.904167 0.899074 0.906771 0.900000 0.908333 0.900000 0.914583 0.899074 0.915625 0.898148 0.917188 0.895370 0.918750 0.894444 0.919271 0.892593 0.919271 0.889815 0.918229 0.886111 0.918229 0.883333 0.919271 0.879630 0.918750 0.870370 0.919271 0.865741 0.918750 0.861111 0.916667 0.857407 0.916146 0.854630 0.915104 0.851852 0.915625 0.850000 0.915625 0.848148 0.916667 0.846296 0.916667 0.843519 0.916146 0.838889 0.916667 0.835185 0.917708 0.832407 0.917188 0.814815 0.917708 0.804630 0.917708 0.802778 0.917708 0.796296 0.917188 0.791667 0.916146 0.788889 0.916667 0.776852 0.916667 0.774074 0.916146 0.763889 0.915104 0.761111 0.915104 0.750926 0.914583 0.742593 0.914062 0.735185 0.913021 0.731481 0.913021 0.714815 0.911979 0.702778 0.913021 0.700000 0.913021 0.698148 0.912500 0.697222 0.911979 0.693519 0.911979 0.681481 0.910937 0.678704 0.910937 0.674074 0.908854 0.671296 0.907813 0.668519 0.907292 0.662037 0.907292 0.656481 0.908333 0.643519 0.908333 0.639815 0.906771 0.635185 0.906771 0.630556 0.906771 0.621296 0.907292 0.608333 0.906771 0.598148 0.905208 0.592593 0.904167 0.588889 0.904167 0.586111 0.905208 0.582407 0.904687 0.578704 0.904687 0.576852 0.905729 0.574074 0.905208 0.568519 0.904167 0.565741 0.904167 0.549074 0.904167 0.541667 0.903125 0.536111 0.903125 0.530556 0.902604 0.527778 0.902083 0.525926 0.901042 0.524074 0.900521 0.522222 0.900000 0.516667 0.900000 0.514815 0.900521 0.512963 0.901563 0.511111 0.902083 0.508333 0.902083 0.505556 0.902604 0.503704 0.904167 0.500926 0.904167 0.497222 0.904167 0.496296 0.905208 0.494444 0.904167 0.491667 0.904167 0.489815 0.904687 0.484259 0.903125 0.479630 0.902604 0.475926 0.902604 0.470370 0.900000 0.466667 0.902604 0.462963 0.902604 0.460185 0.903646 0.458333 0.904167 0.458333 0.905208 0.456481 0.903125 0.452778 0.904167 0.449074 0.903125 0.448148 0.902083 0.446296 0.902083 0.445370 0.901042 0.443519 0.896354 0.443519 0.894271 0.447222 0.894271 0.449074 0.893750 0.450926 0.893229 0.448148 0.891667 0.445370 0.892188 0.440741 0.891667 0.439815 0.891667 0.435185 0.893229 0.432407 0.894792 0.432407 0.896875 0.434259 0.897917 0.434259 0.901042 0.430556 0.902083 0.428704 0.902083 0.426852 0.901563 0.425926 0.901563 0.424074 0.902604 0.421296 0.901563 0.418519 0.901563 0.412963 0.900521 0.411111 0.899479 0.411111 0.900521 0.411111 0.902604 0.407407 0.900521 0.406481 0.898958 0.405556 0.897396 0.403704 0.895833 0.403704 0.895312 0.404630 0.893750 0.404630 0.893750 0.401852 0.893229 0.399074 0.892188 0.397222 0.893229 0.394444 0.893229 0.386111 0.892708 0.378704 0.891667 0.376852 0.891146 0.376852 0.893229 0.374074 0.895312 0.370370 0.897396 0.370370 0.898438 0.368519 0.902604 0.366667 0.903646 0.368519 0.904687 0.367593 0.905208 0.365741 0.915625 0.362963 0.917188 0.371296 0.917708 0.375926 0.917188 0.379630 0.918229 0.383333 0.918229 0.386111 0.917708 0.395370 0.918229 0.400000 0.919271 0.404630 0.919271 0.411111 0.920833 0.419444 0.920833 0.425926 0.922396 0.428704 0.922396 0.430556 0.922396 0.432407 0.922396 0.434259 0.923438 0.435185 0.922396 0.437037 0.921875 0.437037 0.921875 0.439815 0.923958 0.441667 0.922396 0.444444 0.922396 0.447222 0.922917 0.455556 0.925000 0.459259 0.927083 0.460185 0.926042 0.460185 0.924479 0.462963 0.925521 0.463889 0.926562 0.465741 0.926562 0.469444 0.925521 0.471296 0.925521 0.478704 0.924479 0.484259 0.925521 0.491667 0.925521 0.500000 0.911979 0.499074 0.910937 0.493519 0.911979 0.491667 0.910417 0.489815 0.909896 0.491667 0.910937 0.493519 0.911979 0.499074 0.909896 0.500000 0.909896 0.501852 0.910417 0.503704 0.911979 0.499074 0.925521 0.500000 0.926042 0.510185 0.927083 0.515741 0.927604 0.521296 0.927604 0.524074 0.927083 0.530556 0.928125 0.537037 0.928646 0.548148 0.928646 0.563889 0.929167 0.568519 0.929688 0.574074 0.930729 0.577778 0.930729 0.588889 0.931771 0.593519 0.932292 0.602778 0.932292 0.620370 0.933333 0.625000 0.933333 0.636111 0.933854 0.646296 0.934375 0.650926 0.935417 0.654630 0.935417 0.657407 0.934896 0.658333 0.934896 0.662037 0.935937 0.667593 0.936458 0.669444 0.937500 0.671296 0.937500 0.673148 0.936979 0.683333 0.937500 0.692593 0.938542 0.696296 0.938542 0.703704 0.937500 0.706481 0.937500 0.711111 0.938021 0.719444 0.939063 0.722222 0.939583 0.726852 0.940104 0.738889 0.940104 0.741667 0.939583 0.758333 0.940625 0.769444 0.940104 0.779630 0.940625 0.796296 0.941667 0.800926 0.942187 0.811111 0.941667 0.820370 0.942708 0.829630 0.942708 0.831481 0.942187 0.832407 0.942187 0.835185 0.943229 0.838889 0.943229 0.842593 0.944271 0.845370 0.943750 0.867593 0.944792 0.872222 0.944792 0.879630 0.945833 0.882407 0.945833 0.892593 0.946875 0.897222 0.946875 0.904630 0.948438 0.907407 0.957292 0.907407 0.959375 0.908333 0.960938 0.911111 0.961458 0.913889 0.961458 0.917593 0.959896 0.920370 0.958333 0.921296 0.953646 0.921296 0.949479 0.922222 0.948438 0.923148 0.946875 0.925926 0.946354 0.927778 0.946354 0.930556 0.946875 0.931481 0.946875 0.933333 0.946354 0.944444 0.945833 0.950926 0.944792 0.952778 0.943750 0.953704 0.938542 0.953704 0.935937 0.952778 0.934375 0.950000 0.933333 0.949074 0.930729 0.947222 0.929167 0.946296 0.927604 0.946296 0.925521 0.945370 0.923438 0.941667 0.922396 0.938889 0.921875 0.936111 0.921875 0.933333 0.921354 0.929630 0.919792 0.926852 0.918750 0.925926 0.901042 0.926852 0.898438 0.925926 0.896875 0.925926 0.885938 0.927778 0.873437 0.928704 0.871875 0.928704 0.866146 0.927778 0.853125 0.929630 0.851042 0.929630 0.845313 0.929630 0.844271 0.929630 0.840104 0.928704 0.831250 0.930556 0.821875 0.929630 0.819271 0.929630 0.815104 0.929630 0.812500 0.929630 0.796875 0.931481 0.795312 0.931481 0.779687 0.931481 0.776042 0.931481 0.756771 0.931481 0.742188 0.931481 0.724479 0.930556 0.698438 0.932407 0.693229 0.932407 0.682813 0.930556 0.680208 0.930556 0.665625 0.930556 0.661458 0.931481 0.654687 0.931481 0.653646 0.931481 0.598437 0.929630 0.586458 0.930556 0.581771 0.930556 0.573958 0.930556 0.516146 0.928704 0.513542 0.928704 0.513021 0.929630 0.510938 0.929630 0.502083 0.929630 0.501042 0.929630 0.494792 0.929630 0.480729 0.927778 0.474479 0.927778 0.471875 0.927778 0.471354 0.928704 0.468750 0.928704 0.442188 0.928704 0.433333 0.927778 0.429167 0.927778 0.421875 0.928704 0.383854 0.926852 0.382812 0.926852 0.377604 0.926852 0.375521 0.926852 0.371875 0.927778 0.315625 0.925926 0.312500 0.925926 0.306771 0.926852 0.282813 0.926852 0.235937 0.925000 0.233854 0.925000 0.232292 0.925926 0.231250 0.926852 0.229687 0.929630 0.229167 0.931481 0.223958 0.928704 0.222917 0.927778 0.222396 0.926852 0.219792 0.926852 0.218750 0.928704 0.220312 0.931481 0.221354 0.930556 0.222396 0.930556 0.222917 0.929630 0.223958 0.928704 0.229167 0.931481 0.229167 0.936111 0.228646 0.938889 0.226562 0.942593 0.225000 0.944444 0.223958 0.945370 0.222917 0.946296 0.219792 0.948148 0.218229 0.949074 0.216146 0.952778 0.214583 0.953704 0.209896 0.953704 0.208854 0.946296 0.209375 0.938889 0.208854 0.932407 0.208854 0.927778 0.207813 0.925926 0.207813 0.925000 0.207292 0.924074 0.206250 0.923148 0.203125 0.922222 0.198958 0.922222 0.195833 0.920370 0.195312 0.918519 0.194792 0.916667 0.194792 0.913889 0.195833 0.910185 0.196875 0.909259 0.202083 0.907407 0.203646 0.906481 0.204687 0.905556 0.205729 0.904630 0.208854 0.899074 0.209896 0.896296 0.210417 0.893519 0.210938 0.888889 0.211458 0.881481 0.211979 0.874074 0.212500 0.858333 0.211979 0.855556 0.213021 0.846296 0.213542 0.817593 0.214062 0.809259 0.215104 0.803704 0.215625 0.797222 0.215625 0.795370 0.215104 0.784259 0.215104 0.780556 0.216146 0.775926 0.216667 0.770370 0.217708 0.758333 0.218229 0.749074 0.218229 0.736111 0.218750 0.725926 0.219792 0.720370 0.220312 0.714815 0.220312 0.694444 0.221354 0.689815 0.221354 0.680556 0.222396 0.675000 0.222396 0.667593 0.223438 0.662037 0.223438 0.647222 0.224479 0.638889 0.224479 0.627778 0.225521 0.624074 0.226042 0.617593 0.226042 0.605556 0.227083 0.596296 0.227604 0.571296 0.228125 0.562963 0.229167 0.555556 0.229167 0.547222 0.230208 0.540741 0.230208 0.528704 0.230729 0.518519 0.231771 0.512963 0.231771 0.499074 0.232292 0.487037 0.233333 0.484259 0.233854 0.475926 0.234375 0.468519 0.234375 0.456481 0.234896 0.449074 0.235937 0.445370 0.236458 0.440741 0.236458 0.418519 0.237500 0.410185 0.237500 0.400926 0.238542 0.387037 0.239583 0.380556 0.239583 0.378704 0.239063 0.377778 0.239063 0.375926 0.240104 0.372222 0.239583 0.368519 0.240104 0.354630 0.241146 0.345370 0.241146 0.336111 0.242188 0.328704 0.242708 0.318519 0.242708 0.305556 0.243750 0.297222 0.244271 0.289815 0.244271 0.287963 0.243750 0.287037 0.243750 0.285185 0.244792 0.275926 0.244792 0.274074 0.244271 0.267593 0.244271 0.264815 0.245312 0.262037 0.245312 0.259259 0.245312 0.250926 0.246354 0.245370 0.246875 0.237037 0.246875 0.222222 0.248958 0.204630 0.249479 0.191667 0.249479 0.180556 0.250000 0.170370 0.251042 0.164815 0.251042 0.153704 0.251563 0.144444 0.252083 0.137037 0.253646 0.127778 0.254167 0.109259 0.254167 0.091667 0.252604 0.088889 0.251042 0.087963 0.250521 0.085185 0.246875 0.078704 0.246354 0.076852 0.245833 0.073148 0.244792 0.072222 0.244271 0.072222 0.242708 0.070370 0.246354 0.063889 0.248438 0.062963 0.252604 0.061111 0.254167 0.060185 0.257292 0.054630 0.257812 0.052778 0.257812 0.044444 0.258333 0.041667 0.258854 0.039815 0.260417 0.037963 0.261458 0.037037 0.262500 0.037037 0.264062 0.037963 0.265104 0.038889 0.265625 0.040741 0.265625 0.044444 0.266667 0.049074 0.266667 0.053704 0.267708 0.055556 0.270313 0.058333 0.271354 0.059259 0.304688 0.059259 0.321354 0.058333 0.333333 0.056481 0.351042 0.055556 0.352604 0.055556 0.357812 0.056481 0.377083 0.055556 0.393750 0.053704 0.399479 0.054630 0.418229 0.052778 0.434375 0.053704 0.437500 0.053704 0.451042 0.051852 0.473438 0.050926 0.484375 0.051852 0.498958 0.050000 0.504687 0.050926 0.505729 0.050926 0.526042 0.050000 0.543229 0.048148 0.547917 0.049074 0.548438 0.048148 0.553125 0.049074 0.563021 0.047222 0.564583 0.047222 0.568750 0.048148 0.573958 0.046296 0.580729 0.047222 0.582812 0.047222 0.585938 0.046296 0.586458 0.047222 0.589063 0.047222 0.594792 0.047222 0.604167 0.045370 0.607812 0.046296 0.609896 0.046296 0.636979 0.045370 0.657292 0.044444 0.668750 0.042593 0.685417 0.041667 0.687500 0.041667 0.694792 0.042593 0.712500 0.040741 0.713542 0.040741 0.728646 0.040741 0.732812 0.041667 0.734896 0.041667 0.740625 0.039815 0.742188 0.039815 0.748437 0.040741 0.761979 0.040741 0.770833 0.040741 0.776563 0.040741 0.789062 0.040741 0.791146 0.040741 0.801562 0.039815 0.823438 0.039815 0.830729 0.040741 0.832292 0.040741 0.844271 0.040741 0.849479 0.040741 0.850000 0.039815 0.854688 0.039815 0.866667 0.040741 0.869792 0.040741 0.874479 0.032407 0.876563 0.030556 0.877604 0.028704 0.878125 0.026852 0.878125 0.025000 0.879687 0.022222 0.880729 0.021296 0.882292 0.020370 0.883854 0.020370
1 0.910417 0.848148 0.909375 0.849074 0.910417 0.850000 0.913021 0.848148 0.911458 0.847222 0.910417 0.848148
1 0.823958 0.640741 0.823958 0.644444 0.825000 0.643519 0.825000 0.640741 0.823958 0.640741
1 0.892708 0.503704 0.892188 0.506481 0.890625 0.508333 0.892708 0.509259 0.893750 0.511111 0.893750 0.512963 0.892708 0.514815 0.893750 0.517593 0.894271 0.515741 0.894271 0.513889 0.893750 0.512037 0.895312 0.507407 0.894271 0.502778 0.892708 0.503704
1 0.573438 0.478704 0.572917 0.480556 0.573438 0.483333 0.574479 0.487037 0.576562 0.483333 0.576562 0.479630 0.576042 0.477778 0.575000 0.475926 0.573438 0.478704
1 0.890104 0.452778 0.891146 0.453704 0.892708 0.451852 0.890104 0.452778
1 0.716146 0.410185 0.715625 0.411111 0.714063 0.411111 0.715625 0.411111 0.716146 0.412037 0.717187 0.412037 0.718229 0.411111 0.717187 0.410185 0.716146 0.410185
1 0.612500 0.408333 0.613542 0.408333 0.614062 0.409259 0.617188 0.409259 0.618229 0.407407 0.612500 0.408333
1 0.707812 0.392593 0.706771 0.393519 0.706250 0.399074 0.706771 0.400926 0.708333 0.400926 0.708854 0.401852 0.710417 0.401852 0.711458 0.400000 0.710417 0.397222 0.711458 0.393519 0.710417 0.392593 0.707812 0.392593
1 0.582812 0.354630 0.584375 0.357407 0.585938 0.358333 0.586979 0.360185 0.587500 0.362963 0.589063 0.365741 0.591667 0.365741 0.591667 0.369444 0.590104 0.371296 0.589063 0.375000 0.589063 0.376852 0.590104 0.378704 0.591146 0.378704 0.592187 0.379630 0.591667 0.381481 0.589063 0.385185 0.588021 0.387963 0.587500 0.389815 0.587500 0.393519 0.588021 0.397222 0.590104 0.398148 0.591667 0.399074 0.592187 0.403704 0.593229 0.405556 0.594792 0.407407 0.596354 0.407407 0.600000 0.406481 0.604688 0.407407 0.607812 0.410185 0.610417 0.410185 0.610938 0.412963 0.610417 0.416667 0.611458 0.418519 0.612500 0.419444 0.615625 0.417593 0.616667 0.418519 0.617708 0.418519 0.620313 0.421296 0.618229 0.425000 0.619792 0.426852 0.620313 0.428704 0.618229 0.428704 0.618229 0.427778 0.617188 0.425926 0.616146 0.425926 0.615104 0.426852 0.614583 0.429630 0.615104 0.431481 0.616146 0.433333 0.619792 0.434259 0.620313 0.436111 0.620313 0.438889 0.619271 0.439815 0.603646 0.438889 0.600000 0.439815 0.598437 0.439815 0.596875 0.438889 0.594271 0.436111 0.592708 0.433333 0.591667 0.433333 0.589583 0.429630 0.588542 0.428704 0.585417 0.428704 0.585938 0.425000 0.586979 0.424074 0.588021 0.423148 0.589063 0.421296 0.588542 0.419444 0.584375 0.418519 0.581250 0.420370 0.577604 0.419444 0.576562 0.421296 0.578125 0.425000 0.579688 0.423148 0.581771 0.423148 0.583854 0.425000 0.585938 0.425000 0.585417 0.428704 0.580729 0.429630 0.579688 0.430556 0.579688 0.433333 0.582292 0.435185 0.584375 0.438889 0.583333 0.441667 0.585938 0.445370 0.586458 0.446296 0.586458 0.447222 0.587500 0.449074 0.587500 0.452778 0.586458 0.457407 0.586979 0.462037 0.586979 0.463889 0.585938 0.468519 0.585938 0.470370 0.586979 0.475000 0.586979 0.477778 0.585417 0.481481 0.584896 0.488889 0.584896 0.491667 0.585417 0.492593 0.585417 0.494444 0.576562 0.494444 0.578646 0.493519 0.579688 0.492593 0.580729 0.490741 0.581250 0.488889 0.581771 0.488889 0.582812 0.487037 0.581250 0.484259 0.582292 0.481481 0.579688 0.478704 0.579167 0.477778 0.578646 0.475000 0.576562 0.474074 0.575521 0.473148 0.574479 0.472222 0.574479 0.468519 0.576562 0.466667 0.577083 0.464815 0.579688 0.462963 0.577604 0.462037 0.577083 0.464815 0.576562 0.466667 0.574479 0.465741 0.572917 0.462963 0.573958 0.456481 0.573958 0.439815 0.573438 0.436111 0.567708 0.435185 0.564583 0.432407 0.561458 0.431481 0.556250 0.431481 0.555208 0.429630 0.554167 0.428704 0.553646 0.426852 0.552083 0.429630 0.551042 0.430556 0.550000 0.431481 0.545833 0.431481 0.545312 0.429630 0.545833 0.424074 0.546875 0.423148 0.548438 0.423148 0.548958 0.424074 0.550521 0.424074 0.552604 0.423148 0.553646 0.422222 0.554688 0.418519 0.558333 0.416667 0.560417 0.418519 0.561458 0.416667 0.561979 0.416667 0.563021 0.414815 0.561979 0.412963 0.558854 0.412963 0.557813 0.413889 0.558333 0.411111 0.557292 0.409259 0.556250 0.410185 0.555208 0.411111 0.556771 0.413889 0.557813 0.413889 0.558854 0.412963 0.558333 0.416667 0.554688 0.418519 0.553646 0.417593 0.553125 0.416667 0.550000 0.416667 0.546875 0.415741 0.545833 0.414815 0.545312 0.408333 0.547917 0.406481 0.570833 0.406481 0.571875 0.405556 0.572917 0.403704 0.573958 0.397222 0.573958 0.395370 0.573438 0.391667 0.573958 0.385185 0.573438 0.375926 0.574479 0.371296 0.574479 0.368519 0.573958 0.367593 0.573958 0.363889 0.574479 0.361111 0.575521 0.362037 0.576562 0.363889 0.577604 0.364815 0.578646 0.364815 0.579688 0.363889 0.575521 0.362037 0.574479 0.361111 0.576042 0.358333 0.577604 0.358333 0.579167 0.357407 0.580729 0.354630 0.582812 0.354630
1 0.876563 0.285185 0.876563 0.287037 0.877604 0.287037 0.878646 0.286111 0.877604 0.285185 0.876563 0.285185
2 0.900000 0.402778 0.896875 0.403704 0.895833 0.404630 0.894271 0.407407 0.893750 0.409259 0.893229 0.412037 0.892708 0.414815 0.892188 0.421296 0.894271 0.439815 0.894271 0.449074 0.894792 0.454630 0.895833 0.459259 0.895833 0.463889 0.896354 0.468519 0.896875 0.471296 0.897917 0.475926 0.898958 0.477778 0.899479 0.479630 0.899479 0.484259 0.900521 0.487037 0.901042 0.490741 0.900521 0.499074 0.901042 0.501852 0.902083 0.504630 0.902083 0.510185 0.903125 0.512037 0.904167 0.512963 0.906250 0.512037 0.907813 0.511111 0.909896 0.509259 0.910937 0.507407 0.911458 0.505556 0.911458 0.503704 0.911458 0.497222 0.910937 0.490741 0.909375 0.486111 0.908854 0.483333 0.908854 0.479630 0.908333 0.478704 0.908333 0.475926 0.909375 0.470370 0.909375 0.468519 0.908854 0.462037 0.908854 0.460185 0.907292 0.456481 0.906771 0.450926 0.906250 0.443519 0.906250 0.440741 0.906771 0.433333 0.905729 0.430556 0.905208 0.426852 0.905208 0.410185 0.904687 0.406481 0.904167 0.404630 0.903125 0.403704 0.901563 0.403704 0.901042 0.402778 0.900000 0.402778
