2 0.151042 0.362037 0.149479 0.362963 0.147917 0.364815 0.146875 0.366667 0.147396 0.383333 0.146354 0.390741 0.146354 0.399074 0.145833 0.401852 0.144792 0.403704 0.144271 0.411111 0.144271 0.417593 0.145313 0.420370 0.147396 0.424074 0.151562 0.428704 0.152604 0.429630 0.155208 0.429630 0.156250 0.427778 0.156771 0.425000 0.158333 0.411111 0.158333 0.397222 0.158854 0.387037 0.159375 0.386111 0.159375 0.377778 0.158854 0.375000 0.158333 0.373148 0.157812 0.371296 0.156250 0.366667 0.154688 0.363889 0.153125 0.362963 0.151042 0.362037
1 0.699479 0.849074 0.695833 0.850926 0.694792 0.851852 0.695312 0.853704 0.701562 0.853704 0.702083 0.852778 0.703125 0.851852 0.702083 0.850926 0.700521 0.850926 0.699479 0.849074
1 0.365625 0.628704 0.366146 0.630556 0.366146 0.625926 0.365625 0.628704
1 0.821354 0.528704 0.821354 0.530556 0.822917 0.533333 0.824479 0.534259 0.825521 0.533333 0.825521 0.531481 0.825000 0.529630 0.821354 0.528704
1 0.504167 0.411111 0.506250 0.412963 0.506250 0.416667 0.510417 0.417593 0.509375 0.418519 0.508854 0.419444 0.506250 0.419444 0.506250 0.421296 0.505208 0.423148 0.503646 0.423148 0.502604 0.421296 0.501563 0.421296 0.501563 0.423148 0.502604 0.425000 0.501563 0.426852 0.501563 0.428704 0.504167 0.427778 0.505208 0.427778 0.509896 0.427778 0.510417 0.425926 0.511458 0.425926 0.512500 0.425000 0.511458 0.422222 0.511979 0.417593 0.510938 0.416667 0.510938 0.414815 0.510417 0.412963 0.508854 0.412963 0.506771 0.412037 0.505208 0.410185 0.504167 0.411111
1 0.153125 0.400926 0.154688 0.401852 0.155729 0.400926 0.153125 0.400926
1 0.508333 0.377778 0.506250 0.382407 0.504167 0.383333 0.505729 0.383333 0.506771 0.384259 0.506771 0.388889 0.505729 0.389815 0.503646 0.389815 0.501563 0.393519 0.503646 0.397222 0.504167 0.398148 0.506771 0.401852 0.509896 0.401852 0.510938 0.400926 0.510938 0.399074 0.512500 0.396296 0.513021 0.396296 0.514583 0.393519 0.514062 0.390741 0.513542 0.388889 0.512500 0.387963 0.511458 0.387963 0.510417 0.386111 0.512500 0.383333 0.510417 0.381481 0.508333 0.377778
1 0.549479 0.365741 0.550000 0.367593 0.551042 0.365741 0.549479 0.365741
1 0.514583 0.358333 0.515104 0.360185 0.516667 0.358333 0.514583 0.358333
1 0.553125 0.350000 0.549479 0.350926 0.548958 0.351852 0.547917 0.351852 0.551042 0.351852 0.552083 0.352778 0.553646 0.355556 0.553125 0.350000
1 0.504687 0.347222 0.503125 0.350000 0.501563 0.350926 0.500521 0.350000 0.499479 0.348148 0.494271 0.349074 0.489583 0.348148 0.489583 0.350000 0.491667 0.350000 0.492708 0.350926 0.492708 0.353704 0.490625 0.353704 0.489583 0.354630 0.488542 0.357407 0.486979 0.357407 0.485938 0.354630 0.486979 0.352778 0.488542 0.351852 0.487500 0.350926 0.486458 0.350926 0.484896 0.348148 0.483333 0.348148 0.481771 0.350926 0.479687 0.350926 0.478646 0.352778 0.477604 0.353704 0.476042 0.353704 0.476042 0.356481 0.474479 0.358333 0.476562 0.358333 0.480208 0.361111 0.484375 0.361111 0.490104 0.360185 0.491146 0.362037 0.493750 0.360185 0.495312 0.360185 0.497917 0.362963 0.499479 0.362963 0.500521 0.364815 0.500521 0.366667 0.499479 0.368519 0.496875 0.368519 0.494792 0.365741 0.493229 0.365741 0.490104 0.366667 0.485938 0.365741 0.482812 0.366667 0.478646 0.368519 0.478125 0.369444 0.476562 0.369444 0.479167 0.369444 0.481771 0.371296 0.487500 0.372222 0.493750 0.372222 0.494792 0.372222 0.497917 0.370370 0.501563 0.367593 0.502604 0.370370 0.504167 0.370370 0.505208 0.371296 0.505729 0.372222 0.505729 0.373148 0.506771 0.375000 0.508854 0.375000 0.509896 0.375000 0.511979 0.372222 0.517188 0.372222 0.519792 0.372222 0.521354 0.374074 0.523958 0.374074 0.526042 0.372222 0.530208 0.374074 0.538542 0.375000 0.540104 0.375000 0.542188 0.374074 0.544271 0.372222 0.544792 0.369444 0.546354 0.369444 0.545312 0.369444 0.544271 0.368519 0.543750 0.367593 0.543750 0.366667 0.542188 0.365741 0.540625 0.362963 0.540104 0.360185 0.538542 0.360185 0.537500 0.361111 0.535937 0.363889 0.533854 0.361111 0.531250 0.361111 0.530208 0.360185 0.529687 0.359259 0.529167 0.358333 0.529687 0.353704 0.531250 0.356481 0.533854 0.356481 0.535417 0.354630 0.536458 0.354630 0.538021 0.357407 0.540625 0.356481 0.540625 0.354630 0.541667 0.352778 0.542708 0.351852 0.545833 0.351852 0.536979 0.350926 0.535937 0.350926 0.532292 0.352778 0.529687 0.351852 0.527604 0.350926 0.526563 0.349074 0.523958 0.349074 0.522396 0.350926 0.521354 0.350926 0.520312 0.351852 0.520833 0.353704 0.522396 0.356481 0.519792 0.357407 0.519792 0.359259 0.520833 0.361111 0.521354 0.361111 0.521875 0.363889 0.521354 0.365741 0.518229 0.366667 0.515625 0.363889 0.514583 0.363889 0.513542 0.364815 0.511979 0.367593 0.510417 0.363889 0.509375 0.362963 0.507812 0.362963 0.506771 0.364815 0.506771 0.365741 0.505729 0.367593 0.502604 0.366667 0.502604 0.364815 0.501563 0.362037 0.503125 0.358333 0.503646 0.357407 0.504687 0.356481 0.506771 0.355556 0.506771 0.354630 0.507292 0.353704 0.509375 0.351852 0.508333 0.350926 0.506250 0.350000 0.505729 0.347222 0.504687 0.347222
1 0.514062 0.330556 0.511979 0.332407 0.510938 0.334259 0.510417 0.337963 0.510938 0.342593 0.509896 0.344444 0.506771 0.345370 0.508854 0.345370 0.510417 0.346296 0.511458 0.349074 0.513021 0.349074 0.514062 0.350000 0.515104 0.351852 0.516146 0.351852 0.516146 0.349074 0.515104 0.347222 0.513542 0.346296 0.511458 0.345370 0.512500 0.343519 0.513021 0.339815 0.513021 0.333333 0.514062 0.331481 0.515625 0.331481 0.514062 0.330556
1 0.511979 0.306481 0.511458 0.308333 0.510417 0.310185 0.510417 0.313889 0.508854 0.316667 0.506771 0.316667 0.509896 0.317593 0.511458 0.319444 0.512500 0.319444 0.514062 0.317593 0.513021 0.314815 0.513021 0.312037 0.511979 0.309259 0.511979 0.306481
1 0.806771 0.237963 0.807292 0.242593 0.806771 0.248148 0.810937 0.248148 0.810937 0.246296 0.810417 0.245370 0.810417 0.243519 0.810937 0.242593 0.810417 0.239815 0.808333 0.238889 0.806771 0.237963
1 0.360938 0.004630 0.362500 0.006481 0.363021 0.004630 0.360938 0.004630
1 0.409375 0.004630 0.412500 0.005556 0.411979 0.003704 0.409375 0.004630
1 0.369792 0.003704 0.368750 0.004630 0.370312 0.005556 0.370833 0.004630 0.371875 0.004630 0.369792 0.003704
1 0.183333 0.000000 0.183333 0.001852 0.183854 0.002778 0.183854 0.005556 0.184375 0.006481 0.184375 0.008333 0.183333 0.013889 0.183333 0.019444 0.182292 0.022222 0.182812 0.032407 0.182292 0.036111 0.180729 0.043519 0.180208 0.050000 0.179688 0.056481 0.180208 0.062963 0.179688 0.068519 0.179167 0.075000 0.177083 0.087037 0.176563 0.092593 0.177083 0.098148 0.176563 0.104630 0.176042 0.107407 0.174479 0.112963 0.173958 0.119444 0.173958 0.131481 0.172917 0.137037 0.173437 0.144444 0.172396 0.147222 0.171875 0.151852 0.172396 0.157407 0.171354 0.160185 0.170833 0.165741 0.170313 0.173148 0.170313 0.179630 0.170833 0.188889 0.169792 0.193519 0.169792 0.199074 0.168750 0.201852 0.169271 0.212963 0.168750 0.214815 0.167708 0.220370 0.167187 0.224074 0.166667 0.232407 0.166146 0.241667 0.165625 0.250000 0.166146 0.254630 0.165104 0.259259 0.164062 0.261111 0.163542 0.265741 0.163542 0.272222 0.162500 0.277778 0.162500 0.298148 0.160938 0.304630 0.160938 0.313889 0.159896 0.320370 0.159896 0.327778 0.157812 0.343519 0.158333 0.350926 0.158333 0.352778 0.157812 0.357407 0.157292 0.361111 0.156771 0.362963 0.156250 0.364815 0.155208 0.367593 0.154167 0.369444 0.156250 0.371296 0.157292 0.373148 0.157812 0.375000 0.157812 0.376852 0.156250 0.375000 0.154167 0.375000 0.155729 0.377778 0.155208 0.381481 0.153646 0.381481 0.152604 0.383333 0.154167 0.385185 0.155208 0.387037 0.153125 0.387963 0.152604 0.387963 0.150521 0.385185 0.150000 0.387037 0.152604 0.387963 0.153125 0.387963 0.154167 0.392593 0.156250 0.393519 0.152604 0.394444 0.151562 0.395370 0.150521 0.396296 0.148958 0.399074 0.148438 0.402778 0.147396 0.402778 0.147396 0.409259 0.146354 0.411111 0.148438 0.411111 0.147396 0.409259 0.147396 0.402778 0.149479 0.403704 0.151042 0.403704 0.152083 0.405556 0.153646 0.406481 0.155208 0.406481 0.155729 0.408333 0.154688 0.409259 0.153646 0.409259 0.152604 0.411111 0.154688 0.413889 0.153125 0.416667 0.153125 0.418519 0.154167 0.420370 0.155208 0.421296 0.153125 0.425000 0.154688 0.428704 0.153125 0.431481 0.152604 0.437037 0.152604 0.442593 0.151562 0.446296 0.151042 0.450000 0.150521 0.458333 0.151042 0.465741 0.150000 0.470370 0.149479 0.480556 0.150000 0.485185 0.149479 0.490741 0.148958 0.493519 0.147917 0.496296 0.147396 0.500000 0.146875 0.508333 0.146354 0.521296 0.146354 0.536111 0.145313 0.540741 0.144792 0.549074 0.144792 0.561111 0.143750 0.565741 0.143750 0.574074 0.142708 0.580556 0.142187 0.589815 0.142187 0.608333 0.141146 0.612037 0.140625 0.617593 0.140625 0.631481 0.139583 0.639815 0.140625 0.643519 0.140104 0.645370 0.139063 0.651852 0.139063 0.660185 0.138542 0.664815 0.137500 0.668519 0.136979 0.677778 0.136979 0.688889 0.135937 0.696296 0.135417 0.704630 0.135417 0.720370 0.134896 0.726852 0.134375 0.734259 0.133333 0.737037 0.133333 0.738889 0.133854 0.745370 0.133333 0.758333 0.132292 0.763889 0.132292 0.787963 0.131250 0.793519 0.130729 0.802778 0.130208 0.817593 0.130208 0.819444 0.130729 0.828704 0.129688 0.833333 0.129167 0.841667 0.129688 0.849074 0.130208 0.855556 0.131250 0.857407 0.133333 0.859259 0.135417 0.860185 0.138021 0.860185 0.140104 0.862963 0.141146 0.862963 0.143229 0.861111 0.145313 0.861111 0.151562 0.862037 0.160417 0.862037 0.163542 0.861111 0.165104 0.861111 0.168229 0.862963 0.179167 0.861111 0.193229 0.861111 0.195833 0.862963 0.206771 0.861111 0.216146 0.861111 0.222917 0.862963 0.224479 0.862963 0.234375 0.862037 0.237500 0.860185 0.241667 0.860185 0.250521 0.862037 0.252604 0.862037 0.264062 0.860185 0.281250 0.860185 0.292187 0.862037 0.295312 0.862037 0.295833 0.861111 0.298958 0.862037 0.300521 0.862037 0.303646 0.861111 0.306250 0.859259 0.307812 0.859259 0.312500 0.859259 0.315104 0.859259 0.326562 0.860185 0.327083 0.859259 0.338021 0.860185 0.340625 0.858333 0.342708 0.858333 0.347917 0.858333 0.349479 0.858333 0.353125 0.859259 0.355208 0.857407 0.357812 0.857407 0.364063 0.859259 0.367708 0.859259 0.375000 0.857407 0.382812 0.856481 0.389583 0.857407 0.393229 0.859259 0.396354 0.858333 0.397917 0.858333 0.403125 0.858333 0.405208 0.858333 0.406771 0.860185 0.408333 0.860185 0.409896 0.858333 0.410938 0.857407 0.414583 0.859259 0.422917 0.858333 0.430729 0.856481 0.440625 0.855556 0.443750 0.855556 0.449479 0.857407 0.455208 0.855556 0.460417 0.855556 0.467187 0.856481 0.475521 0.856481 0.480729 0.856481 0.480208 0.853704 0.480208 0.851852 0.481771 0.851852 0.482812 0.853704 0.486458 0.853704 0.493750 0.851852 0.496354 0.853704 0.500000 0.853704 0.501563 0.851852 0.502604 0.851852 0.506771 0.851852 0.509375 0.851852 0.511979 0.853704 0.514062 0.851852 0.518229 0.852778 0.521354 0.851852 0.522396 0.851852 0.524479 0.852778 0.525000 0.853704 0.526042 0.853704 0.528646 0.850926 0.536458 0.850926 0.538542 0.851852 0.539062 0.852778 0.540104 0.852778 0.542188 0.849074 0.551562 0.848148 0.555208 0.848148 0.556771 0.850000 0.557813 0.850000 0.563021 0.849074 0.564063 0.850000 0.565625 0.852778 0.569271 0.852778 0.578646 0.851852 0.580208 0.853704 0.582812 0.853704 0.583854 0.851852 0.584896 0.850926 0.585938 0.850926 0.587500 0.851852 0.590104 0.850000 0.591146 0.849074 0.594792 0.848148 0.596875 0.850000 0.600521 0.850000 0.602083 0.848148 0.605208 0.849074 0.608333 0.850926 0.609375 0.850926 0.610938 0.849074 0.618229 0.850000 0.622396 0.849074 0.623958 0.849074 0.627604 0.850000 0.635938 0.850000 0.636979 0.850000 0.639062 0.848148 0.641667 0.848148 0.652604 0.850000 0.655208 0.850000 0.657813 0.848148 0.664062 0.848148 0.672917 0.848148 0.675000 0.849074 0.676562 0.850000 0.677083 0.851852 0.677604 0.852778 0.678646 0.853704 0.679688 0.852778 0.681250 0.850000 0.682813 0.850000 0.684375 0.850926 0.684375 0.853704 0.682292 0.855556 0.683854 0.856481 0.685417 0.859259 0.686979 0.857407 0.689063 0.856481 0.691146 0.857407 0.692187 0.859259 0.693229 0.859259 0.694271 0.857407 0.695833 0.856481 0.697396 0.857407 0.698438 0.859259 0.699479 0.860185 0.701042 0.857407 0.702083 0.856481 0.704167 0.856481 0.704688 0.857407 0.706250 0.859259 0.707292 0.857407 0.708333 0.854630 0.708333 0.852778 0.708854 0.850926 0.709896 0.850000 0.711979 0.849074 0.715625 0.850000 0.714063 0.853704 0.713021 0.853704 0.711979 0.855556 0.717187 0.855556 0.714063 0.853704 0.715625 0.850000 0.717708 0.850000 0.728646 0.850000 0.732292 0.850000 0.733854 0.848148 0.742188 0.848148 0.743750 0.849074 0.745313 0.850000 0.745833 0.852778 0.741146 0.852778 0.739583 0.855556 0.740625 0.856481 0.741146 0.857407 0.744792 0.857407 0.746354 0.856481 0.746875 0.854630 0.749479 0.854630 0.749479 0.855556 0.753646 0.855556 0.752604 0.853704 0.750000 0.853704 0.749479 0.855556 0.749479 0.854630 0.750000 0.850000 0.747396 0.849074 0.754687 0.848148 0.758333 0.850000 0.760417 0.851852 0.763021 0.851852 0.761979 0.850000 0.760417 0.851852 0.758333 0.850000 0.765104 0.848148 0.768750 0.849074 0.771875 0.850000 0.773958 0.850926 0.775000 0.852778 0.776563 0.852778 0.778125 0.850000 0.779687 0.849074 0.795312 0.848148 0.798958 0.849074 0.801042 0.849074 0.805208 0.848148 0.806771 0.850000 0.809896 0.848148 0.811458 0.848148 0.815625 0.849074 0.826562 0.849074 0.829688 0.849074 0.834375 0.848148 0.835417 0.846296 0.836458 0.843519 0.836979 0.841667 0.837500 0.837963 0.837500 0.835185 0.836458 0.831481 0.836458 0.826852 0.837500 0.822222 0.838021 0.820370 0.839583 0.817593 0.839063 0.812037 0.838542 0.809259 0.838021 0.806481 0.836458 0.803704 0.834375 0.802778 0.835938 0.800000 0.836458 0.796296 0.834896 0.790741 0.835417 0.786111 0.834896 0.784259 0.834896 0.782407 0.835938 0.779630 0.836458 0.773148 0.835938 0.765741 0.836979 0.758333 0.836979 0.751852 0.836458 0.737037 0.835417 0.728704 0.835938 0.724074 0.835417 0.688889 0.834896 0.681481 0.833854 0.677778 0.833854 0.674074 0.833333 0.670370 0.832812 0.669444 0.832812 0.667593 0.833854 0.664815 0.833854 0.653704 0.832812 0.650926 0.832292 0.648148 0.832292 0.644444 0.832292 0.642593 0.832292 0.638889 0.832292 0.620370 0.832812 0.616667 0.832292 0.611111 0.831250 0.607407 0.831250 0.604630 0.831771 0.599074 0.831771 0.590741 0.831771 0.587037 0.831250 0.581481 0.830208 0.578704 0.830729 0.575000 0.829688 0.565741 0.829688 0.562963 0.830208 0.557407 0.829167 0.553704 0.829167 0.528704 0.828125 0.525000 0.828646 0.521296 0.828125 0.520370 0.828125 0.517593 0.828646 0.516667 0.828646 0.513889 0.827083 0.509259 0.827083 0.507407 0.828125 0.505556 0.827604 0.499074 0.826042 0.498148 0.824479 0.496296 0.823438 0.492593 0.823438 0.490741 0.821875 0.487963 0.823438 0.482407 0.822917 0.478704 0.820833 0.475926 0.820833 0.472222 0.822396 0.471296 0.823438 0.469444 0.820833 0.465741 0.820312 0.463889 0.820833 0.461111 0.822396 0.458333 0.823438 0.458333 0.823958 0.457407 0.825000 0.457407 0.826042 0.458333 0.827083 0.462963 0.827604 0.466667 0.828646 0.464815 0.829688 0.462037 0.829688 0.459259 0.830729 0.457407 0.831250 0.457407 0.832292 0.455556 0.832812 0.452778 0.833333 0.447222 0.835417 0.444444 0.835417 0.440741 0.834375 0.438889 0.834375 0.437037 0.833854 0.435185 0.833333 0.434259 0.831250 0.431481 0.831771 0.428704 0.830729 0.426852 0.830208 0.426852 0.829167 0.425000 0.829167 0.421296 0.830729 0.418519 0.830729 0.414815 0.832292 0.410185 0.833333 0.408333 0.834375 0.407407 0.831771 0.403704 0.831771 0.401852 0.830208 0.399074 0.829167 0.398148 0.828125 0.397222 0.827083 0.397222 0.823438 0.398148 0.820833 0.393519 0.822396 0.393519 0.822917 0.392593 0.824479 0.392593 0.826562 0.393519 0.828125 0.396296 0.830729 0.396296 0.831771 0.395370 0.830729 0.390741 0.830729 0.388889 0.831250 0.387963 0.831250 0.386111 0.829688 0.383333 0.830208 0.377778 0.829688 0.373148 0.828125 0.370370 0.829167 0.367593 0.830208 0.368519 0.831250 0.368519 0.832292 0.366667 0.831250 0.363889 0.830208 0.362963 0.828646 0.362963 0.827083 0.362963 0.828125 0.364815 0.828125 0.365741 0.829167 0.367593 0.828125 0.370370 0.827083 0.369444 0.826042 0.369444 0.825000 0.367593 0.821875 0.368519 0.820312 0.366667 0.820833 0.363889 0.822396 0.362037 0.820833 0.360185 0.820833 0.357407 0.822396 0.355556 0.821354 0.354630 0.820833 0.353704 0.820312 0.351852 0.821354 0.349074 0.821354 0.345370 0.820833 0.340741 0.819792 0.336111 0.819271 0.329630 0.818750 0.322222 0.819271 0.312037 0.819271 0.305556 0.818229 0.293519 0.819271 0.289815 0.819271 0.287963 0.818750 0.279630 0.818229 0.276852 0.817187 0.274074 0.816667 0.272222 0.817708 0.269444 0.817708 0.267593 0.817187 0.263889 0.817187 0.258333 0.818229 0.255556 0.818229 0.252778 0.817708 0.249074 0.816667 0.246296 0.816667 0.243519 0.817708 0.240741 0.816667 0.237963 0.816667 0.233333 0.815625 0.230556 0.816146 0.224074 0.815104 0.220370 0.815104 0.218519 0.815625 0.217593 0.815625 0.215741 0.814583 0.205556 0.815104 0.196296 0.814583 0.191667 0.813542 0.189815 0.813542 0.186111 0.814583 0.183333 0.814583 0.181481 0.810937 0.180556 0.809896 0.179630 0.808854 0.178704 0.808854 0.175926 0.808854 0.169444 0.809896 0.166667 0.810417 0.166667 0.811979 0.163889 0.811979 0.161111 0.811458 0.159259 0.810417 0.157407 0.809375 0.157407 0.808333 0.155556 0.808333 0.154630 0.806771 0.151852 0.805729 0.147222 0.806250 0.145370 0.806771 0.140741 0.808333 0.137963 0.808854 0.136111 0.808333 0.132407 0.808854 0.131481 0.808854 0.129630 0.807292 0.126852 0.806771 0.124074 0.806771 0.121296 0.807813 0.103704 0.807292 0.099074 0.807813 0.094444 0.806771 0.091667 0.806771 0.087037 0.807813 0.082407 0.807813 0.074074 0.806771 0.064815 0.806771 0.062963 0.807292 0.056481 0.805208 0.050000 0.805208 0.048148 0.806250 0.043519 0.803646 0.037963 0.801562 0.037963 0.800000 0.035185 0.798958 0.037037 0.798958 0.038889 0.796875 0.039815 0.794792 0.037963 0.793750 0.037963 0.792708 0.037037 0.791667 0.036111 0.790625 0.033333 0.790625 0.032407 0.788021 0.030556 0.786458 0.027778 0.784896 0.027778 0.778646 0.028704 0.773438 0.026852 0.772396 0.026852 0.769271 0.028704 0.768229 0.028704 0.763542 0.027778 0.761979 0.029630 0.759896 0.027778 0.759375 0.020370 0.759896 0.019444 0.762500 0.018519 0.757812 0.017593 0.757292 0.019444 0.759375 0.020370 0.759896 0.027778 0.756771 0.027778 0.755208 0.029630 0.753646 0.029630 0.753125 0.028704 0.751042 0.028704 0.748437 0.026852 0.741667 0.025926 0.740625 0.025926 0.738021 0.027778 0.724479 0.026852 0.720833 0.025926 0.716667 0.025000 0.717708 0.023148 0.717708 0.021296 0.714063 0.020370 0.712500 0.022222 0.710938 0.025000 0.709896 0.025926 0.707292 0.023148 0.703646 0.024074 0.702604 0.024074 0.700521 0.022222 0.698958 0.022222 0.696875 0.025000 0.695312 0.025000 0.693750 0.023148 0.688021 0.023148 0.686458 0.022222 0.682813 0.024074 0.681250 0.024074 0.679688 0.022222 0.677083 0.022222 0.675521 0.024074 0.674479 0.024074 0.672396 0.022222 0.663542 0.022222 0.659896 0.020370 0.653646 0.020370 0.651563 0.018519 0.649479 0.017593 0.645312 0.017593 0.642188 0.019444 0.639583 0.019444 0.638021 0.017593 0.635417 0.017593 0.633333 0.019444 0.631250 0.019444 0.626042 0.018519 0.623437 0.015741 0.618750 0.014815 0.617708 0.013889 0.617708 0.012037 0.616667 0.010185 0.615625 0.010185 0.614583 0.012037 0.614583 0.013889 0.611979 0.015741 0.609375 0.016667 0.606250 0.017593 0.596875 0.016667 0.592708 0.016667 0.585938 0.017593 0.581250 0.014815 0.555729 0.014815 0.553646 0.012963 0.550000 0.014815 0.546354 0.014815 0.545833 0.013889 0.541146 0.012963 0.522917 0.013889 0.521875 0.013889 0.513542 0.012963 0.504687 0.012037 0.501042 0.010185 0.496354 0.010185 0.485938 0.010185 0.482812 0.010185 0.481250 0.012037 0.480208 0.012037 0.478125 0.010185 0.466667 0.009259 0.456771 0.010185 0.451562 0.010185 0.445833 0.009259 0.441667 0.008333 0.440104 0.006481 0.436979 0.005556 0.431771 0.004630 0.433333 0.003704 0.434375 0.001852 0.434375 0.000000 0.437500 0.000000 0.438542 0.002778 0.464062 0.000000 0.465104 0.002778 0.470313 0.002778 0.473438 0.003704 0.475521 0.005556 0.479167 0.006481 0.480729 0.006481 0.483854 0.003704 0.485938 0.003704 0.488542 0.002778 0.489583 0.000000 0.506250 0.000926 0.509896 0.000926 0.534896 0.000926 0.538021 0.000926 0.563021 0.000926 0.566146 0.000926 0.572396 0.000000 0.572917 0.001852 0.575000 0.002778 0.577604 0.004630 0.579688 0.002778 0.580729 0.000000 0.582292 0.000000 0.582812 0.001852 0.583854 0.001852 0.602604 0.000000 0.604167 0.002778 0.608333 0.001852 0.609896 0.001852 0.614062 0.002778 0.616667 0.005556 0.618229 0.005556 0.618750 0.006481 0.619792 0.006481 0.620833 0.005556 0.622396 0.002778 0.627083 0.002778 0.628125 0.000000 0.632812 0.000926 0.634375 0.000926 0.659375 0.000000 0.659896 0.001852 0.660417 0.001852 0.661979 0.001852 0.662500 0.001852 0.663021 0.000000 0.839583 0.000000 0.840625 0.003704 0.840625 0.006481 0.840104 0.009259 0.839583 0.011111 0.839063 0.012037 0.838021 0.012963 0.837500 0.012963 0.835417 0.015741 0.832812 0.016667 0.831771 0.017593 0.830729 0.018519 0.830208 0.019444 0.830208 0.020370 0.829167 0.022222 0.828646 0.028704 0.829167 0.033333 0.828646 0.042593 0.829688 0.055556 0.829688 0.069444 0.830208 0.082407 0.831250 0.089815 0.831250 0.101852 0.831771 0.105556 0.832812 0.109259 0.833333 0.113889 0.833854 0.118519 0.833854 0.129630 0.834375 0.132407 0.834375 0.146296 0.834896 0.155556 0.835938 0.162963 0.835938 0.177778 0.836979 0.187037 0.836979 0.203704 0.837500 0.213889 0.838542 0.219444 0.838542 0.226852 0.839583 0.231481 0.840104 0.238889 0.839583 0.250000 0.839583 0.256481 0.840625 0.261111 0.841146 0.267593 0.841146 0.280556 0.842187 0.289815 0.841667 0.293519 0.842187 0.300926 0.843229 0.310185 0.843750 0.321296 0.844271 0.337037 0.844271 0.355556 0.845313 0.362037 0.845833 0.367593 0.845833 0.372222 0.845313 0.383333 0.847396 0.387037 0.846875 0.390741 0.847917 0.399074 0.848437 0.407407 0.847396 0.411111 0.847917 0.417593 0.848437 0.420370 0.849479 0.421296 0.847917 0.424074 0.847917 0.425926 0.848958 0.427778 0.849479 0.433333 0.850000 0.446296 0.849479 0.452778 0.850521 0.462963 0.850000 0.467593 0.851042 0.476852 0.851042 0.496296 0.851562 0.505556 0.852604 0.510185 0.853125 0.522222 0.853125 0.526852 0.852604 0.527778 0.852604 0.533333 0.853125 0.543519 0.854167 0.549074 0.854167 0.556481 0.855208 0.559259 0.854688 0.563889 0.855208 0.566667 0.855208 0.579630 0.855208 0.581481 0.854688 0.582407 0.854688 0.585185 0.855729 0.594444 0.855208 0.601852 0.856250 0.607407 0.856771 0.615741 0.857292 0.636111 0.856771 0.639815 0.857812 0.645370 0.857292 0.653704 0.858333 0.662037 0.858854 0.680556 0.858854 0.700926 0.859375 0.714815 0.859896 0.728704 0.860938 0.733333 0.860938 0.757407 0.861458 0.763889 0.862500 0.769444 0.862500 0.774074 0.861979 0.787963 0.863021 0.795370 0.863542 0.802778 0.863542 0.804630 0.863021 0.805556 0.863021 0.807407 0.864062 0.816667 0.864583 0.837963 0.864062 0.839815 0.864062 0.841667 0.864583 0.845370 0.865104 0.848148 0.865625 0.850000 0.867188 0.852778 0.868229 0.853704 0.870313 0.854630 0.874479 0.854630 0.876563 0.855556 0.877604 0.856481 0.879167 0.859259 0.879167 0.861111 0.879167 0.866667 0.878646 0.868519 0.877604 0.870370 0.876563 0.871296 0.872396 0.871296 0.870313 0.872222 0.869271 0.873148 0.865625 0.879630 0.865104 0.884259 0.865104 0.897222 0.864583 0.899074 0.862500 0.902778 0.861458 0.902778 0.858333 0.900926 0.855729 0.900926 0.854688 0.900000 0.853646 0.898148 0.851042 0.897222 0.849479 0.894444 0.848437 0.894444 0.846875 0.891667 0.845833 0.891667 0.844792 0.890741 0.842708 0.887037 0.842708 0.885185 0.843750 0.879630 0.843229 0.876852 0.842187 0.875000 0.839063 0.875926 0.838021 0.875926 0.835417 0.874074 0.833854 0.874074 0.811458 0.875926 0.801562 0.875000 0.796875 0.875926 0.792188 0.875000 0.786458 0.875000 0.735938 0.876852 0.731771 0.875926 0.729688 0.875926 0.719792 0.875926 0.714583 0.875926 0.692187 0.875926 0.679167 0.876852 0.677083 0.876852 0.676562 0.875926 0.674479 0.875926 0.661979 0.875926 0.659896 0.875926 0.647917 0.876852 0.636458 0.876852 0.633854 0.875000 0.632812 0.875000 0.616667 0.876852 0.608854 0.875926 0.603125 0.875926 0.592708 0.875926 0.591146 0.875926 0.583854 0.877778 0.580208 0.877778 0.579688 0.876852 0.576562 0.876852 0.565104 0.876852 0.562500 0.876852 0.542188 0.877778 0.538021 0.876852 0.537500 0.875926 0.534375 0.875926 0.529167 0.878704 0.517708 0.879630 0.502083 0.880556 0.501042 0.880556 0.485417 0.880556 0.483854 0.880556 0.476042 0.879630 0.456250 0.879630 0.448958 0.879630 0.443750 0.881481 0.419792 0.882407 0.416146 0.882407 0.405208 0.882407 0.403125 0.882407 0.389583 0.882407 0.386458 0.882407 0.385937 0.881481 0.382292 0.881481 0.366667 0.883333 0.365104 0.883333 0.359375 0.883333 0.353646 0.882407 0.340104 0.884259 0.334375 0.884259 0.325521 0.883333 0.311979 0.885185 0.306250 0.885185 0.300521 0.883333 0.285938 0.885185 0.275000 0.884259 0.270313 0.884259 0.263021 0.884259 0.258333 0.884259 0.246875 0.884259 0.242708 0.884259 0.242188 0.885185 0.238021 0.884259 0.236458 0.884259 0.233333 0.885185 0.232813 0.884259 0.229687 0.884259 0.220312 0.884259 0.214583 0.885185 0.210938 0.885185 0.186979 0.885185 0.184896 0.885185 0.178125 0.883333 0.174479 0.883333 0.152083 0.883333 0.145313 0.884259 0.142187 0.884259 0.141667 0.883333 0.138542 0.883333 0.130729 0.884259 0.129167 0.885185 0.128125 0.886111 0.127604 0.887037 0.127604 0.887963 0.126562 0.889815 0.126562 0.899074 0.125521 0.900926 0.125000 0.900926 0.123438 0.903704 0.122396 0.904630 0.120833 0.904630 0.117708 0.907407 0.115104 0.911111 0.112500 0.912963 0.110417 0.913889 0.107813 0.914815 0.105208 0.914815 0.103646 0.912037 0.103125 0.910185 0.102604 0.898148 0.103125 0.893519 0.102604 0.887037 0.100521 0.883333 0.099479 0.882407 0.098437 0.881481 0.095312 0.881481 0.092708 0.880556 0.091146 0.879630 0.090104 0.878704 0.088542 0.876852 0.088542 0.872222 0.090104 0.869444 0.094792 0.865741 0.096354 0.864815 0.098437 0.864815 0.100000 0.863889 0.101562 0.862037 0.103125 0.859259 0.103646 0.857407 0.103646 0.849074 0.104688 0.842593 0.104688 0.834259 0.105729 0.830556 0.105729 0.820370 0.107292 0.803704 0.107292 0.785185 0.107813 0.776852 0.108854 0.768519 0.109375 0.757407 0.109896 0.745370 0.109896 0.727778 0.110937 0.719444 0.110937 0.707407 0.111458 0.696296 0.111979 0.686111 0.112500 0.681481 0.113542 0.677778 0.113542 0.670370 0.114062 0.664815 0.115104 0.661111 0.115625 0.653704 0.116146 0.644444 0.116667 0.634259 0.116667 0.620370 0.117188 0.612037 0.118229 0.605556 0.118750 0.599074 0.118750 0.588889 0.119792 0.579630 0.119792 0.570370 0.120833 0.561111 0.120833 0.550000 0.121354 0.540741 0.122396 0.532407 0.121875 0.528704 0.122917 0.524074 0.122917 0.512963 0.123958 0.505556 0.123958 0.495370 0.124479 0.487037 0.125521 0.481481 0.126042 0.474074 0.126042 0.465741 0.127083 0.462037 0.127604 0.456481 0.128125 0.450000 0.128125 0.442593 0.129167 0.435185 0.129688 0.427778 0.130208 0.419444 0.130729 0.411111 0.131250 0.401852 0.131250 0.387037 0.131771 0.372222 0.132292 0.362963 0.132812 0.361111 0.133854 0.359259 0.134375 0.356481 0.134375 0.348148 0.135417 0.344444 0.135417 0.333333 0.135937 0.326852 0.137500 0.315741 0.138021 0.307407 0.139063 0.292593 0.139063 0.283333 0.139583 0.275000 0.140104 0.268519 0.141146 0.265741 0.141667 0.262037 0.142187 0.258333 0.142187 0.244444 0.142708 0.237963 0.143750 0.231481 0.145313 0.210185 0.145833 0.200000 0.145833 0.187037 0.146354 0.182407 0.147396 0.177778 0.147396 0.171296 0.148438 0.164815 0.148438 0.157407 0.149479 0.150926 0.149479 0.142593 0.151042 0.132407 0.151562 0.125926 0.151562 0.118519 0.153646 0.102778 0.154167 0.096296 0.154167 0.087963 0.154688 0.081481 0.155729 0.075926 0.156250 0.069444 0.156250 0.061111 0.157812 0.049074 0.157812 0.041667 0.158333 0.036111 0.158854 0.031481 0.159896 0.027778 0.160417 0.023148 0.160417 0.014815 0.160938 0.007407 0.161979 0.003704 0.161979 0.000000 0.183333 0.000000
2 0.825000 0.357407 0.823438 0.358333 0.822396 0.359259 0.820833 0.362037 0.820312 0.365741 0.819792 0.369444 0.819271 0.374074 0.819792 0.386111 0.819271 0.390741 0.820312 0.397222 0.820312 0.411111 0.821875 0.418519 0.822396 0.430556 0.822396 0.442593 0.822917 0.452778 0.823438 0.456481 0.823958 0.459259 0.827083 0.464815 0.831771 0.464815 0.832812 0.463889 0.834375 0.461111 0.835417 0.458333 0.835417 0.445370 0.833854 0.439815 0.833854 0.427778 0.832812 0.425000 0.832812 0.417593 0.833333 0.412963 0.832292 0.399074 0.832292 0.369444 0.831771 0.361111 0.831250 0.359259 0.830208 0.357407 0.825000 0.357407
3 0.507292 0.291667 0.506250 0.292593 0.505729 0.294444 0.505208 0.296296 0.504687 0.300000 0.504167 0.307407 0.503646 0.320370 0.503646 0.332407 0.503125 0.345370 0.502604 0.347222 0.501563 0.349074 0.495312 0.349074 0.491667 0.347222 0.485417 0.347222 0.481771 0.345370 0.472396 0.345370 0.471354 0.346296 0.470313 0.347222 0.469271 0.351852 0.469271 0.363889 0.470313 0.367593 0.470313 0.369444 0.471354 0.369444 0.473438 0.371296 0.479687 0.372222 0.495312 0.372222 0.497917 0.372222 0.499479 0.373148 0.501563 0.376852 0.502083 0.381481 0.502083 0.389815 0.501563 0.390741 0.502083 0.400000 0.502083 0.401852 0.501563 0.402778 0.501042 0.406481 0.500000 0.416667 0.500000 0.425926 0.501042 0.430556 0.501563 0.432407 0.502604 0.434259 0.503646 0.435185 0.506250 0.436111 0.510417 0.436111 0.511979 0.435185 0.513542 0.432407 0.514062 0.428704 0.514583 0.420370 0.515104 0.411111 0.515625 0.399074 0.515625 0.378704 0.517708 0.375000 0.518750 0.374074 0.519792 0.374074 0.521354 0.375000 0.523958 0.376852 0.528646 0.376852 0.532813 0.377778 0.539583 0.381481 0.543229 0.382407 0.546354 0.382407 0.548438 0.378704 0.549479 0.375926 0.550000 0.374074 0.550521 0.368519 0.550521 0.361111 0.549479 0.355556 0.548438 0.354630 0.545312 0.353704 0.536979 0.352778 0.532813 0.353704 0.529687 0.351852 0.520833 0.351852 0.518750 0.353704 0.517708 0.351852 0.517188 0.350000 0.516667 0.346296 0.516667 0.326852 0.516667 0.313889 0.517188 0.296296 0.516667 0.294444 0.515625 0.292593 0.514583 0.291667 0.507292 0.291667
0 0.320833 0.797222 0.319271 0.798148 0.317188 0.799074 0.314583 0.803704 0.314063 0.805556 0.313542 0.808333 0.313542 0.819444 0.314063 0.822222 0.316146 0.826852 0.317188 0.828704 0.319792 0.828704 0.320312 0.829630 0.322396 0.829630 0.325000 0.828704 0.326562 0.827778 0.327604 0.826852 0.328646 0.825000 0.329167 0.822222 0.331250 0.818519 0.331771 0.813889 0.331771 0.808333 0.331250 0.804630 0.328125 0.799074 0.326562 0.798148 0.325000 0.797222 0.320833 0.797222
0 0.807813 0.785185 0.806771 0.786111 0.803125 0.793519 0.802604 0.799074 0.802604 0.806481 0.803125 0.809259 0.803646 0.812037 0.804167 0.813889 0.806250 0.817593 0.810417 0.821296 0.814063 0.821296 0.817187 0.820370 0.819792 0.816667 0.820312 0.816667 0.820833 0.815741 0.821354 0.813889 0.821875 0.810185 0.822396 0.806481 0.822396 0.800000 0.821875 0.797222 0.821354 0.794444 0.820833 0.792593 0.819271 0.791667 0.816667 0.787037 0.815104 0.786111 0.813542 0.785185 0.807813 0.785185
0 0.535417 0.677778 0.533333 0.678704 0.532292 0.679630 0.530729 0.682407 0.529167 0.686111 0.528646 0.688889 0.528646 0.700000 0.529167 0.703704 0.530729 0.707407 0.532813 0.711111 0.535417 0.712963 0.539062 0.712963 0.540625 0.712037 0.541667 0.711111 0.542708 0.710185 0.545312 0.705556 0.545833 0.703704 0.546354 0.701852 0.546875 0.695370 0.546875 0.688889 0.546354 0.687037 0.545312 0.684259 0.543229 0.680556 0.541667 0.679630 0.540104 0.677778 0.535417 0.677778
0 0.375000 0.616667 0.372917 0.617593 0.371354 0.618519 0.370312 0.619444 0.369271 0.621296 0.367708 0.626852 0.367188 0.629630 0.367188 0.633333 0.366667 0.634259 0.366667 0.637037 0.367188 0.639815 0.368750 0.645370 0.370312 0.648148 0.371875 0.649074 0.373437 0.650000 0.377604 0.650000 0.379167 0.649074 0.380208 0.648148 0.382812 0.644444 0.383333 0.643519 0.383854 0.641667 0.384375 0.639815 0.384896 0.637037 0.385417 0.633333 0.384896 0.626852 0.384375 0.624074 0.383854 0.622222 0.383333 0.621296 0.382812 0.621296 0.381771 0.619444 0.380729 0.618519 0.379688 0.617593 0.377083 0.616667 0.375000 0.616667
0 0.753646 0.585185 0.752604 0.586111 0.751563 0.587037 0.749479 0.590741 0.747917 0.595370 0.747396 0.597222 0.747396 0.609259 0.747917 0.612037 0.750000 0.616667 0.750521 0.619444 0.751563 0.621296 0.753646 0.622222 0.758854 0.622222 0.760417 0.621296 0.761979 0.620370 0.763021 0.619444 0.763542 0.618519 0.765104 0.615741 0.765625 0.612963 0.766146 0.610185 0.766667 0.606481 0.766667 0.600926 0.766146 0.597222 0.765625 0.594444 0.765104 0.592593 0.763021 0.588889 0.761458 0.587037 0.760417 0.586111 0.758854 0.585185 0.753646 0.585185
0 0.487500 0.400926 0.484375 0.403704 0.482292 0.407407 0.481771 0.409259 0.481250 0.412037 0.481250 0.416667 0.480729 0.417593 0.480729 0.421296 0.481250 0.423148 0.481771 0.425000 0.482812 0.427778 0.484896 0.431481 0.485938 0.432407 0.486979 0.433333 0.492188 0.433333 0.493750 0.432407 0.494792 0.431481 0.498437 0.425926 0.499479 0.417593 0.499479 0.412963 0.498958 0.411111 0.497396 0.407407 0.494792 0.402778 0.493750 0.401852 0.492188 0.400926 0.487500 0.400926
0 0.632292 0.337037 0.629167 0.337963 0.628125 0.338889 0.626563 0.340741 0.626042 0.343519 0.624479 0.348148 0.623958 0.350926 0.623958 0.359259 0.625521 0.362963 0.625521 0.365741 0.626563 0.370370 0.628125 0.371296 0.629687 0.372222 0.633333 0.372222 0.635417 0.371296 0.636979 0.370370 0.638021 0.368519 0.640625 0.362963 0.641146 0.361111 0.641667 0.358333 0.641667 0.347222 0.640104 0.341667 0.639062 0.340741 0.637500 0.338889 0.636458 0.337963 0.634375 0.337963 0.633854 0.337037 0.632292 0.337037
0 0.596875 0.292593 0.595313 0.293519 0.593750 0.295370 0.591667 0.299074 0.591146 0.301852 0.590104 0.306481 0.590104 0.313889 0.590625 0.316667 0.591146 0.318519 0.591667 0.320370 0.595313 0.326852 0.596354 0.327778 0.599479 0.327778 0.602083 0.325926 0.603646 0.324074 0.606250 0.319444 0.606771 0.317593 0.607292 0.314815 0.607292 0.302778 0.606771 0.300000 0.605729 0.296296 0.604167 0.294444 0.602604 0.292593 0.596875 0.292593
0 0.354687 0.095370 0.352083 0.096296 0.350521 0.098148 0.350000 0.100000 0.348958 0.102778 0.348438 0.104630 0.348438 0.113889 0.348958 0.114815 0.348958 0.119444 0.350000 0.121296 0.351562 0.125000 0.352083 0.125926 0.353125 0.126852 0.356250 0.129630 0.359375 0.129630 0.361458 0.128704 0.362500 0.127778 0.363542 0.126852 0.366146 0.122222 0.366146 0.106481 0.365104 0.103704 0.364063 0.100926 0.362500 0.098148 0.358854 0.095370 0.354687 0.095370
0 0.492188 0.077778 0.490625 0.078704 0.489063 0.080556 0.488021 0.083333 0.487500 0.085185 0.486979 0.088889 0.486979 0.100926 0.487500 0.105556 0.489583 0.110185 0.490625 0.112037 0.491667 0.112963 0.493750 0.113889 0.496354 0.113889 0.498437 0.112963 0.499479 0.112037 0.501042 0.110185 0.502083 0.108333 0.502604 0.106481 0.503125 0.103704 0.504167 0.095370 0.504167 0.091667 0.503646 0.088889 0.503125 0.086111 0.502604 0.084259 0.501563 0.082407 0.501563 0.081481 0.501042 0.080556 0.498437 0.077778 0.492188 0.077778
0 0.335417 0.016667 0.333854 0.017593 0.332813 0.018519 0.332292 0.019444 0.332292 0.020370 0.331250 0.022222 0.330729 0.025000 0.330208 0.032407 0.330729 0.038889 0.331250 0.041667 0.331771 0.043519 0.332813 0.046296 0.333854 0.049074 0.334896 0.050926 0.336458 0.051852 0.339062 0.052778 0.343229 0.051852 0.345313 0.050000 0.345833 0.047222 0.347917 0.039815 0.348438 0.037037 0.348438 0.034259 0.347917 0.031481 0.347396 0.028704 0.345313 0.021296 0.343750 0.019444 0.342187 0.017593 0.340104 0.016667 0.335417 0.016667
