0 0.846875 0.863889 0.845313 0.864815 0.844271 0.865741 0.843750 0.866667 0.843750 0.867593 0.842708 0.869444 0.842708 0.876852 0.841667 0.878704 0.841667 0.880556 0.842187 0.882407 0.842708 0.884259 0.844792 0.888889 0.844792 0.889815 0.846875 0.891667 0.848437 0.893519 0.852604 0.894444 0.856250 0.893519 0.858333 0.890741 0.858854 0.889815 0.859375 0.887963 0.859896 0.886111 0.859896 0.884259 0.860417 0.882407 0.859896 0.875926 0.859375 0.874074 0.856771 0.869444 0.855729 0.867593 0.855729 0.865741 0.853125 0.865741 0.851562 0.863889 0.846875 0.863889
0 0.372396 0.855556 0.370312 0.858333 0.367708 0.862963 0.366146 0.868519 0.366146 0.876852 0.367188 0.879630 0.368750 0.883333 0.370312 0.884259 0.371875 0.886111 0.377604 0.886111 0.378646 0.885185 0.379688 0.884259 0.381250 0.881481 0.382812 0.877778 0.383333 0.875926 0.383854 0.874074 0.383854 0.863889 0.383333 0.862037 0.381771 0.859259 0.380208 0.857407 0.379167 0.856481 0.377083 0.855556 0.372396 0.855556
0 0.575000 0.748148 0.573438 0.749074 0.571354 0.750926 0.570312 0.752778 0.569271 0.755556 0.568750 0.757407 0.568229 0.761111 0.568229 0.767593 0.568750 0.770370 0.569271 0.772222 0.569792 0.774074 0.572396 0.778704 0.573438 0.779630 0.574479 0.780556 0.578125 0.781481 0.580729 0.780556 0.581771 0.779630 0.582812 0.778704 0.584896 0.775000 0.585417 0.773148 0.585938 0.767593 0.585938 0.759259 0.585417 0.757407 0.584896 0.755556 0.582292 0.750926 0.581250 0.750000 0.579688 0.749074 0.578125 0.748148 0.575000 0.748148
0 0.424479 0.686111 0.422917 0.687037 0.421354 0.687037 0.420312 0.687963 0.419271 0.688889 0.417708 0.691667 0.417187 0.693519 0.416667 0.696296 0.416146 0.700000 0.416146 0.703704 0.416667 0.706481 0.417187 0.709259 0.418229 0.712963 0.420312 0.715741 0.421354 0.716667 0.428125 0.716667 0.430208 0.713889 0.432292 0.710185 0.432812 0.707407 0.433333 0.703704 0.433333 0.696296 0.432812 0.693519 0.432292 0.691667 0.430729 0.688889 0.429167 0.687037 0.426042 0.686111 0.424479 0.686111
0 0.792708 0.662963 0.791146 0.663889 0.789583 0.664815 0.788542 0.665741 0.785937 0.668519 0.784896 0.671296 0.784896 0.679630 0.785417 0.684259 0.785937 0.686111 0.786458 0.687963 0.788542 0.691667 0.789583 0.692593 0.791146 0.693519 0.793229 0.694444 0.796354 0.694444 0.798438 0.693519 0.800000 0.692593 0.802083 0.688889 0.803125 0.686111 0.803646 0.683333 0.803646 0.675000 0.803125 0.673148 0.802083 0.670370 0.798958 0.664815 0.797396 0.663889 0.794792 0.662963 0.792708 0.662963
0 0.528646 0.482407 0.527083 0.483333 0.526042 0.484259 0.525000 0.485185 0.522917 0.488889 0.522396 0.490741 0.522396 0.500926 0.522917 0.502778 0.523438 0.504630 0.525000 0.508333 0.525521 0.509259 0.526563 0.510185 0.527604 0.511111 0.532813 0.511111 0.535417 0.510185 0.537500 0.508333 0.538021 0.506481 0.538542 0.504630 0.539062 0.501852 0.539583 0.499074 0.539583 0.493519 0.537500 0.487037 0.535937 0.484259 0.534896 0.483333 0.532813 0.482407 0.528646 0.482407
0 0.667708 0.419444 0.667188 0.420370 0.665625 0.420370 0.664062 0.421296 0.663021 0.422222 0.660937 0.425926 0.660417 0.427778 0.659896 0.429630 0.659375 0.435185 0.660937 0.443519 0.661979 0.445370 0.665104 0.448148 0.668229 0.449074 0.670833 0.448148 0.673438 0.446296 0.674479 0.445370 0.675521 0.443519 0.677083 0.437963 0.677604 0.435185 0.677604 0.431481 0.676042 0.425926 0.674479 0.423148 0.672917 0.421296 0.671354 0.420370 0.668750 0.419444 0.667708 0.419444
0 0.632812 0.377778 0.630729 0.378704 0.629687 0.379630 0.628125 0.381481 0.626563 0.384259 0.626042 0.388889 0.626042 0.397222 0.626563 0.399074 0.628125 0.401852 0.628125 0.402778 0.629167 0.404630 0.630729 0.405556 0.632812 0.406481 0.635417 0.406481 0.638021 0.405556 0.639062 0.404630 0.642188 0.399074 0.642708 0.397222 0.643229 0.394444 0.643229 0.388889 0.642708 0.386111 0.642188 0.384259 0.640104 0.380556 0.639062 0.379630 0.637500 0.378704 0.634896 0.377778 0.632812 0.377778
0 0.407292 0.204630 0.405208 0.205556 0.404167 0.206481 0.402083 0.210185 0.401562 0.212037 0.401042 0.214815 0.401042 0.221296 0.401562 0.224074 0.402083 0.225926 0.403125 0.227778 0.403125 0.229630 0.404167 0.231481 0.407292 0.234259 0.410938 0.234259 0.413021 0.233333 0.414583 0.232407 0.415625 0.230556 0.416146 0.228704 0.416667 0.225000 0.417708 0.223148 0.417187 0.220370 0.417708 0.216667 0.417187 0.214815 0.415625 0.210185 0.414062 0.207407 0.413021 0.206481 0.411979 0.205556 0.408854 0.204630 0.407292 0.204630
0 0.532292 0.181481 0.530208 0.183333 0.529167 0.185185 0.528646 0.187037 0.528125 0.188889 0.528125 0.191667 0.527604 0.194444 0.527083 0.196296 0.527604 0.202778 0.529167 0.206481 0.531250 0.209259 0.532813 0.210185 0.536979 0.210185 0.538542 0.209259 0.539583 0.208333 0.542708 0.202778 0.543229 0.199074 0.543229 0.190741 0.542708 0.188889 0.539583 0.183333 0.538542 0.182407 0.536458 0.181481 0.532292 0.181481
0 0.389583 0.135185 0.387500 0.137037 0.386458 0.138889 0.385937 0.140741 0.385417 0.142593 0.384896 0.147222 0.385417 0.152778 0.385937 0.155556 0.386458 0.157407 0.386979 0.159259 0.388542 0.162037 0.389583 0.162963 0.390625 0.163889 0.394792 0.163889 0.396354 0.162963 0.397396 0.162037 0.398438 0.160185 0.399479 0.157407 0.400000 0.154630 0.400521 0.150926 0.400521 0.147222 0.399479 0.142593 0.397917 0.137963 0.396875 0.136111 0.395313 0.135185 0.389583 0.135185
3 0.546875 0.378704 0.545833 0.379630 0.545312 0.380556 0.544792 0.382407 0.544271 0.388889 0.544271 0.407407 0.543750 0.419444 0.543229 0.428704 0.541667 0.431481 0.540104 0.432407 0.535417 0.432407 0.525521 0.431481 0.518750 0.429630 0.514583 0.429630 0.513021 0.430556 0.511979 0.431481 0.511458 0.433333 0.510938 0.438889 0.510938 0.445370 0.511979 0.450000 0.511979 0.452778 0.513021 0.453704 0.514583 0.454630 0.520833 0.455556 0.528125 0.456481 0.539583 0.455556 0.540625 0.456481 0.542708 0.460185 0.542188 0.465741 0.542708 0.469444 0.542708 0.471296 0.542188 0.485185 0.541146 0.493519 0.541667 0.497222 0.541146 0.508333 0.542188 0.512037 0.543229 0.512963 0.548958 0.513889 0.550521 0.513889 0.552083 0.512963 0.553125 0.512037 0.553125 0.510185 0.553646 0.509259 0.553646 0.492593 0.554688 0.483333 0.554167 0.469444 0.554167 0.462963 0.554688 0.461111 0.556771 0.457407 0.557813 0.456481 0.560937 0.456481 0.564583 0.459259 0.572396 0.459259 0.580729 0.462037 0.584375 0.462037 0.585417 0.461111 0.586979 0.458333 0.587500 0.456481 0.588021 0.454630 0.588021 0.443519 0.587500 0.439815 0.586458 0.437963 0.585417 0.437037 0.582292 0.436111 0.572396 0.435185 0.561458 0.436111 0.558854 0.436111 0.557292 0.435185 0.556250 0.433333 0.555729 0.431481 0.555208 0.427778 0.556250 0.419444 0.555729 0.413889 0.556771 0.407407 0.556771 0.403704 0.556250 0.395370 0.556771 0.394444 0.556771 0.386111 0.556250 0.382407 0.554688 0.379630 0.551562 0.378704 0.546875 0.378704
2 0.222917 0.453704 0.222396 0.455556 0.221875 0.462963 0.221354 0.478704 0.221875 0.489815 0.221875 0.491667 0.221354 0.501852 0.222396 0.506481 0.222917 0.508333 0.223438 0.509259 0.223958 0.509259 0.227083 0.512963 0.228646 0.510185 0.229167 0.508333 0.229687 0.506481 0.229687 0.500926 0.230729 0.498148 0.231250 0.491667 0.232292 0.475926 0.232813 0.466667 0.232292 0.462963 0.231771 0.460185 0.230729 0.456481 0.229687 0.454630 0.228646 0.453704 0.227604 0.452778 0.222917 0.453704
1 0.853646 0.061111 0.853646 0.062037 0.854688 0.063889 0.855208 0.065741 0.855208 0.072222 0.856250 0.076852 0.857812 0.079630 0.862500 0.079630 0.866667 0.082407 0.868229 0.084259 0.869792 0.087037 0.869792 0.089815 0.869271 0.091667 0.867708 0.092593 0.866146 0.095370 0.866146 0.096296 0.864583 0.099074 0.864062 0.099074 0.862500 0.101852 0.863542 0.104630 0.862500 0.107407 0.860938 0.107407 0.859375 0.108333 0.858854 0.127778 0.859896 0.131481 0.859896 0.137963 0.860417 0.143519 0.861458 0.147222 0.863021 0.160185 0.863542 0.174074 0.863021 0.177778 0.863542 0.191667 0.864583 0.197222 0.864583 0.204630 0.865625 0.208333 0.866146 0.220370 0.865625 0.225000 0.865625 0.227778 0.866667 0.231481 0.867188 0.236111 0.867188 0.241667 0.868750 0.244444 0.867708 0.247222 0.869271 0.253704 0.868750 0.261111 0.868750 0.262963 0.869792 0.267593 0.869792 0.284259 0.870313 0.295370 0.871354 0.303704 0.871354 0.320370 0.871875 0.325000 0.872396 0.328704 0.873437 0.331481 0.873437 0.337037 0.874479 0.340741 0.875000 0.349074 0.875000 0.362037 0.876042 0.368519 0.875521 0.375926 0.875521 0.379630 0.876563 0.384259 0.877083 0.389815 0.877604 0.397222 0.877604 0.412037 0.878646 0.417593 0.878646 0.420370 0.878125 0.425926 0.879167 0.429630 0.879167 0.440741 0.879687 0.446296 0.880208 0.449074 0.881771 0.454630 0.881771 0.457407 0.882812 0.460185 0.882292 0.469444 0.882812 0.475000 0.884375 0.478704 0.884375 0.480556 0.882812 0.482407 0.882292 0.485185 0.882292 0.487963 0.883854 0.493519 0.884375 0.501852 0.884896 0.512037 0.883854 0.517593 0.883854 0.520370 0.884375 0.521296 0.884375 0.523148 0.883854 0.524074 0.883854 0.525926 0.883854 0.532407 0.884896 0.535185 0.885417 0.538889 0.885417 0.544444 0.886458 0.550000 0.886458 0.562963 0.887500 0.567593 0.886979 0.572222 0.887500 0.583333 0.888542 0.590741 0.889062 0.598148 0.888542 0.601852 0.889062 0.609259 0.890104 0.617593 0.890625 0.625926 0.890104 0.632407 0.890625 0.641667 0.891146 0.650926 0.892188 0.653704 0.892188 0.662963 0.893229 0.666667 0.893750 0.676852 0.893750 0.682407 0.893750 0.691667 0.893229 0.698148 0.893229 0.702778 0.893750 0.713889 0.894792 0.716667 0.895312 0.720370 0.895833 0.724074 0.895312 0.726852 0.896354 0.729630 0.896354 0.731481 0.895833 0.736111 0.896354 0.750000 0.897396 0.754630 0.896875 0.775000 0.897396 0.786111 0.898438 0.795370 0.898438 0.811111 0.899479 0.813889 0.898958 0.820370 0.900000 0.851852 0.899479 0.860185 0.899479 0.863889 0.900000 0.864815 0.900000 0.869444 0.901042 0.872222 0.900521 0.876852 0.901563 0.883333 0.901042 0.893519 0.902083 0.898148 0.902083 0.908333 0.902604 0.917593 0.903125 0.925000 0.903646 0.927778 0.905208 0.930556 0.906250 0.931481 0.907292 0.932407 0.910417 0.933333 0.915104 0.933333 0.917188 0.934259 0.918229 0.935185 0.919271 0.940741 0.919271 0.942593 0.918229 0.945370 0.917188 0.946296 0.915104 0.947222 0.912500 0.948148 0.908333 0.948148 0.906250 0.949074 0.904687 0.951852 0.903125 0.955556 0.903125 0.957407 0.904167 0.959259 0.904167 0.962037 0.903646 0.970370 0.902604 0.975000 0.902083 0.976852 0.901563 0.977778 0.900521 0.978704 0.899479 0.978704 0.898958 0.977778 0.897396 0.977778 0.895833 0.975926 0.894271 0.975000 0.890104 0.974074 0.888021 0.973148 0.885417 0.971296 0.883854 0.970370 0.881771 0.966667 0.881771 0.962963 0.880208 0.960185 0.880208 0.956481 0.879687 0.954630 0.877604 0.950926 0.876042 0.950000 0.874479 0.948148 0.868229 0.948148 0.859896 0.950000 0.850000 0.950926 0.846354 0.950926 0.839063 0.950000 0.828125 0.950000 0.826562 0.950000 0.820833 0.951852 0.810417 0.950926 0.807813 0.952778 0.805729 0.952778 0.800521 0.950926 0.788021 0.950926 0.781250 0.951852 0.777083 0.951852 0.766667 0.951852 0.763542 0.951852 0.753125 0.951852 0.750521 0.951852 0.746875 0.950000 0.739062 0.950926 0.736458 0.950926 0.731250 0.950000 0.720833 0.950926 0.720313 0.950000 0.710417 0.950926 0.709375 0.950926 0.705729 0.949074 0.698958 0.950000 0.695312 0.950000 0.683854 0.948148 0.671875 0.949074 0.670833 0.949074 0.651042 0.947222 0.618229 0.947222 0.595313 0.946296 0.578125 0.944444 0.574479 0.944444 0.561458 0.945370 0.532292 0.944444 0.507812 0.942593 0.502604 0.943519 0.501042 0.943519 0.477083 0.943519 0.468229 0.941667 0.464062 0.942593 0.462500 0.942593 0.451042 0.940741 0.439063 0.939815 0.438021 0.939815 0.422396 0.940741 0.413021 0.938889 0.409896 0.938889 0.388542 0.939815 0.368750 0.937963 0.363021 0.938889 0.355729 0.937037 0.353125 0.937037 0.346875 0.937963 0.346354 0.937037 0.340104 0.937037 0.331771 0.937963 0.322396 0.937963 0.320833 0.937963 0.316146 0.936111 0.301563 0.935185 0.299479 0.935185 0.289062 0.936111 0.275521 0.934259 0.269271 0.935185 0.267708 0.935185 0.259375 0.933333 0.245833 0.932407 0.200521 0.932407 0.199479 0.933333 0.198437 0.934259 0.197396 0.936111 0.197917 0.941667 0.196875 0.945370 0.195833 0.947222 0.194271 0.949074 0.192708 0.950926 0.191667 0.950926 0.189583 0.953704 0.188542 0.954630 0.185417 0.955556 0.183854 0.957407 0.182292 0.958333 0.179688 0.959259 0.178646 0.959259 0.177604 0.958333 0.177083 0.957407 0.177083 0.956481 0.176042 0.954630 0.175521 0.952778 0.175521 0.950926 0.176042 0.950000 0.176042 0.948148 0.175521 0.947222 0.175521 0.945370 0.176042 0.940741 0.175521 0.939815 0.175521 0.935185 0.172396 0.929630 0.171354 0.928704 0.169792 0.927778 0.165104 0.926852 0.164062 0.925926 0.163021 0.924074 0.163021 0.917593 0.163542 0.915741 0.164583 0.913889 0.168750 0.912037 0.173958 0.912037 0.176042 0.910185 0.176042 0.909259 0.177083 0.907407 0.177604 0.905556 0.178125 0.901852 0.178125 0.890741 0.179167 0.885185 0.179167 0.879630 0.180729 0.868519 0.181250 0.860185 0.181771 0.851852 0.181250 0.848148 0.181771 0.838889 0.184375 0.814815 0.184896 0.804630 0.184896 0.790741 0.185417 0.785185 0.186458 0.779630 0.186458 0.770370 0.187500 0.762963 0.187500 0.752778 0.188542 0.748148 0.188021 0.742593 0.188021 0.739815 0.189062 0.735185 0.189062 0.724074 0.190104 0.721296 0.190625 0.715741 0.190625 0.709259 0.191667 0.702778 0.191667 0.695370 0.192708 0.689815 0.192188 0.686111 0.193750 0.674074 0.193750 0.667593 0.194271 0.663889 0.195833 0.656481 0.195833 0.646296 0.195833 0.639815 0.196875 0.637963 0.197396 0.631481 0.197917 0.625926 0.198437 0.618519 0.198437 0.606481 0.198958 0.594444 0.200000 0.588889 0.200000 0.581481 0.200521 0.576852 0.201042 0.571296 0.202083 0.567593 0.202083 0.556481 0.202604 0.550000 0.203125 0.542593 0.204167 0.539815 0.203646 0.530556 0.203646 0.528704 0.204687 0.526852 0.204687 0.515741 0.206250 0.507407 0.206250 0.500926 0.207292 0.495370 0.207292 0.489815 0.208333 0.479630 0.218750 0.481481 0.218750 0.485185 0.219792 0.490741 0.220312 0.493519 0.222917 0.497222 0.224479 0.503704 0.226042 0.504630 0.227604 0.508333 0.227604 0.514815 0.226042 0.519444 0.225521 0.523148 0.225521 0.537963 0.224479 0.543519 0.223958 0.550926 0.223958 0.558333 0.222917 0.564815 0.222396 0.569444 0.222917 0.573148 0.222917 0.575000 0.221875 0.577778 0.221875 0.581481 0.220833 0.584259 0.220833 0.597222 0.220312 0.602778 0.219271 0.605556 0.219792 0.612963 0.219271 0.617593 0.218229 0.622222 0.218229 0.632407 0.217188 0.636111 0.216667 0.641667 0.216667 0.648148 0.215625 0.650926 0.215625 0.662963 0.215104 0.671296 0.214062 0.675926 0.214062 0.686111 0.213542 0.693519 0.213021 0.699074 0.211979 0.703704 0.211458 0.711111 0.211458 0.722222 0.210417 0.732407 0.210938 0.738889 0.210938 0.741667 0.208854 0.754630 0.208854 0.769444 0.208333 0.775926 0.207292 0.778704 0.207292 0.781481 0.207292 0.790741 0.205729 0.801852 0.205729 0.810185 0.204687 0.813889 0.204167 0.823148 0.204167 0.841667 0.203646 0.850000 0.202604 0.855556 0.202083 0.861111 0.201563 0.870370 0.201563 0.886111 0.200521 0.889815 0.201042 0.894444 0.200000 0.897222 0.200000 0.901852 0.198958 0.903704 0.198958 0.905556 0.200000 0.907407 0.201563 0.908333 0.209896 0.907407 0.213021 0.909259 0.238542 0.909259 0.254688 0.911111 0.265104 0.910185 0.268229 0.912037 0.272396 0.912963 0.276042 0.912963 0.276562 0.912037 0.280208 0.912037 0.305208 0.913889 0.311458 0.912963 0.316146 0.912963 0.338542 0.913889 0.347917 0.915741 0.349479 0.915741 0.358333 0.915741 0.359896 0.915741 0.364583 0.915741 0.366667 0.915741 0.377083 0.915741 0.382812 0.914815 0.383854 0.914815 0.395833 0.914815 0.397917 0.914815 0.400521 0.916667 0.409896 0.915741 0.412500 0.915741 0.413021 0.916667 0.415104 0.916667 0.420833 0.915741 0.435417 0.917593 0.440104 0.916667 0.466667 0.918519 0.472396 0.918519 0.472917 0.917593 0.479167 0.917593 0.485938 0.919444 0.496354 0.919444 0.512500 0.918519 0.524479 0.920370 0.565625 0.920370 0.580729 0.922222 0.585417 0.922222 0.593750 0.921296 0.609375 0.923148 0.615625 0.921296 0.620313 0.921296 0.628125 0.923148 0.630729 0.923148 0.634375 0.922222 0.642708 0.924074 0.644792 0.924074 0.649479 0.923148 0.657813 0.924074 0.660937 0.922222 0.668229 0.923148 0.671354 0.925000 0.672917 0.925000 0.675521 0.924074 0.681771 0.925000 0.684375 0.926852 0.687500 0.926852 0.696875 0.925926 0.708333 0.927778 0.713542 0.927778 0.718750 0.926852 0.722917 0.925000 0.723958 0.925000 0.727083 0.926852 0.731250 0.925926 0.736979 0.925926 0.740625 0.927778 0.742708 0.927778 0.747396 0.927778 0.750521 0.927778 0.781250 0.926852 0.782813 0.928704 0.791146 0.926852 0.800521 0.925926 0.809375 0.926852 0.814063 0.926852 0.814583 0.925926 0.819792 0.925926 0.822396 0.926852 0.823958 0.928704 0.826042 0.928704 0.826562 0.927778 0.828646 0.927778 0.833333 0.928704 0.834896 0.926852 0.840625 0.927778 0.841146 0.926852 0.847396 0.927778 0.850521 0.927778 0.858854 0.926852 0.861458 0.925000 0.864062 0.925000 0.869271 0.925926 0.871875 0.925000 0.873958 0.924074 0.876042 0.923148 0.877083 0.922222 0.877604 0.921296 0.878125 0.919444 0.878125 0.916667 0.877083 0.914815 0.877083 0.911111 0.878125 0.908333 0.878125 0.904630 0.878125 0.902778 0.878125 0.899074 0.877604 0.890741 0.877083 0.888889 0.876563 0.887037 0.875000 0.883333 0.872917 0.880556 0.872396 0.878704 0.873958 0.877778 0.874479 0.876852 0.875000 0.875000 0.875000 0.868519 0.876042 0.865741 0.876563 0.862963 0.876042 0.842593 0.876042 0.836111 0.876563 0.818519 0.875521 0.813889 0.875521 0.787963 0.875000 0.777778 0.873958 0.775000 0.873437 0.768519 0.873958 0.764815 0.872917 0.746296 0.873437 0.740741 0.872917 0.735185 0.871875 0.731481 0.871354 0.720370 0.870833 0.705556 0.870833 0.701852 0.871875 0.699074 0.871354 0.696296 0.870313 0.692593 0.870313 0.679630 0.869792 0.674074 0.868229 0.671296 0.869792 0.668519 0.869792 0.665741 0.868750 0.663889 0.866667 0.662037 0.865104 0.662037 0.864062 0.661111 0.866146 0.658333 0.869271 0.658333 0.869271 0.652778 0.868229 0.653704 0.867708 0.656481 0.866146 0.656481 0.865625 0.654630 0.865104 0.650926 0.865104 0.640741 0.865625 0.638889 0.866667 0.637963 0.867188 0.631481 0.866667 0.625926 0.865625 0.622222 0.866146 0.619444 0.865625 0.611111 0.864583 0.608333 0.865104 0.601852 0.863542 0.599074 0.862500 0.599074 0.864583 0.597222 0.865625 0.596296 0.868229 0.591667 0.867708 0.589815 0.867708 0.587963 0.865104 0.582407 0.864583 0.580556 0.864062 0.578704 0.864062 0.576852 0.864583 0.573148 0.864062 0.566667 0.863021 0.563889 0.862500 0.558333 0.862500 0.554630 0.860938 0.550000 0.860938 0.542593 0.862500 0.540741 0.862500 0.539815 0.864583 0.537037 0.865104 0.533333 0.866146 0.532407 0.867708 0.535185 0.869792 0.535185 0.871354 0.532407 0.871354 0.525926 0.872396 0.520370 0.872396 0.518519 0.870833 0.514815 0.869271 0.512037 0.867188 0.512037 0.864062 0.510185 0.862500 0.509259 0.861979 0.506481 0.862500 0.501852 0.866146 0.500000 0.869792 0.500000 0.870313 0.498148 0.870313 0.494444 0.871354 0.492593 0.871875 0.490741 0.871354 0.486111 0.870313 0.483333 0.870833 0.478704 0.870833 0.476852 0.869792 0.475000 0.867708 0.475000 0.867188 0.475926 0.864583 0.475000 0.864062 0.473148 0.864062 0.470370 0.861979 0.466667 0.863021 0.463889 0.861979 0.459259 0.863021 0.458333 0.864583 0.458333 0.866146 0.457407 0.867188 0.451852 0.868229 0.450000 0.868750 0.450000 0.868750 0.447222 0.866146 0.445370 0.867188 0.436111 0.866146 0.434259 0.865104 0.436111 0.865104 0.437963 0.864062 0.439815 0.862500 0.439815 0.861458 0.438889 0.861458 0.435185 0.859375 0.431481 0.860938 0.428704 0.858854 0.425926 0.858333 0.424074 0.858333 0.421296 0.856250 0.414815 0.855729 0.403704 0.855208 0.407407 0.854167 0.409259 0.850521 0.409259 0.850000 0.406481 0.848958 0.403704 0.851562 0.401852 0.852604 0.400000 0.852083 0.397222 0.851042 0.395370 0.850521 0.393519 0.851042 0.391667 0.851042 0.390741 0.853125 0.389815 0.855729 0.394444 0.856771 0.392593 0.858333 0.387037 0.856250 0.383333 0.857812 0.380556 0.855208 0.375000 0.852604 0.369444 0.852604 0.366667 0.853125 0.365741 0.853125 0.363889 0.852604 0.356481 0.852083 0.352778 0.850521 0.349074 0.850521 0.347222 0.851042 0.343519 0.850000 0.341667 0.849479 0.336111 0.850000 0.332407 0.847917 0.327778 0.848958 0.324074 0.848958 0.314815 0.850521 0.312037 0.851042 0.310185 0.850521 0.307407 0.848958 0.301852 0.849479 0.289815 0.849479 0.283333 0.849479 0.281481 0.848437 0.274074 0.848437 0.259259 0.847917 0.250000 0.846875 0.246296 0.846354 0.239815 0.845833 0.230556 0.846875 0.224074 0.846354 0.222222 0.845833 0.222222 0.844792 0.220370 0.844792 0.216667 0.843750 0.213889 0.844271 0.207407 0.844271 0.205556 0.844271 0.200926 0.844271 0.199074 0.842708 0.193519 0.842187 0.190741 0.842187 0.180556 0.841146 0.178704 0.841146 0.175926 0.840625 0.175000 0.840625 0.173148 0.841146 0.166667 0.840625 0.163889 0.838542 0.157407 0.838542 0.154630 0.840625 0.150926 0.840625 0.144444 0.839063 0.135185 0.838021 0.132407 0.837500 0.129630 0.837500 0.124074 0.836979 0.122222 0.835938 0.120370 0.834896 0.119444 0.833333 0.119444 0.830729 0.120370 0.825521 0.119444 0.822917 0.118519 0.821875 0.117593 0.820312 0.114815 0.818750 0.113889 0.816146 0.112963 0.812500 0.112963 0.808854 0.111111 0.797917 0.110185 0.793229 0.110185 0.783333 0.111111 0.776563 0.112963 0.770312 0.112963 0.769792 0.112037 0.763542 0.112037 0.750000 0.112963 0.745313 0.114815 0.743750 0.114815 0.736458 0.113889 0.733854 0.112037 0.732812 0.112037 0.727604 0.112963 0.725000 0.111111 0.721354 0.112037 0.719792 0.112037 0.717187 0.110185 0.715625 0.110185 0.706771 0.111111 0.703646 0.112963 0.697396 0.112963 0.694271 0.111111 0.683333 0.111111 0.680729 0.112037 0.678646 0.113889 0.669792 0.113889 0.663021 0.114815 0.661458 0.116667 0.657813 0.116667 0.656250 0.114815 0.644271 0.113889 0.643229 0.113889 0.633854 0.115741 0.630208 0.115741 0.627604 0.113889 0.625000 0.113889 0.609896 0.113889 0.605729 0.113889 0.596354 0.114815 0.591146 0.115741 0.590625 0.116667 0.586458 0.116667 0.583854 0.114815 0.573438 0.113889 0.570312 0.113889 0.568750 0.114815 0.567708 0.116667 0.559375 0.116667 0.557813 0.119444 0.556771 0.119444 0.554688 0.116667 0.553646 0.115741 0.552083 0.115741 0.538542 0.115741 0.528646 0.115741 0.523438 0.117593 0.511979 0.117593 0.508854 0.115741 0.501563 0.116667 0.496354 0.115741 0.488542 0.115741 0.487500 0.115741 0.485938 0.116667 0.484375 0.118519 0.482812 0.119444 0.478646 0.121296 0.477083 0.121296 0.475000 0.119444 0.470833 0.119444 0.467708 0.117593 0.464062 0.116667 0.457813 0.117593 0.455729 0.117593 0.452604 0.114815 0.448437 0.115741 0.446354 0.117593 0.444271 0.117593 0.443750 0.116667 0.442188 0.116667 0.439583 0.118519 0.432812 0.119444 0.431250 0.119444 0.422917 0.117593 0.420833 0.117593 0.419271 0.119444 0.414583 0.119444 0.413542 0.120370 0.412500 0.122222 0.411458 0.123148 0.409375 0.123148 0.408333 0.122222 0.409375 0.119444 0.407813 0.116667 0.405729 0.119444 0.406771 0.122222 0.403646 0.122222 0.402083 0.119444 0.401562 0.119444 0.400521 0.117593 0.399479 0.119444 0.398438 0.119444 0.396354 0.119444 0.394792 0.116667 0.393229 0.116667 0.389062 0.119444 0.385937 0.119444 0.380729 0.118519 0.373437 0.118519 0.371875 0.118519 0.363542 0.120370 0.361458 0.120370 0.350000 0.119444 0.331250 0.119444 0.308854 0.121296 0.306771 0.121296 0.302604 0.119444 0.299479 0.119444 0.300521 0.117593 0.301042 0.115741 0.300000 0.113889 0.296875 0.112963 0.295312 0.114815 0.295312 0.116667 0.294271 0.118519 0.293229 0.119444 0.289062 0.120370 0.264583 0.120370 0.261979 0.119444 0.260937 0.118519 0.260417 0.117593 0.259896 0.114815 0.258333 0.112037 0.256771 0.110185 0.255729 0.109259 0.254167 0.109259 0.252604 0.112037 0.252604 0.113889 0.254167 0.118519 0.254688 0.122222 0.254167 0.131481 0.253125 0.136111 0.253125 0.143519 0.252083 0.149074 0.252083 0.158333 0.250521 0.167593 0.250000 0.175000 0.250000 0.181481 0.251042 0.184259 0.251042 0.186111 0.250521 0.193519 0.250000 0.200000 0.249479 0.202778 0.247917 0.208333 0.247396 0.213889 0.247917 0.225926 0.246354 0.232407 0.245833 0.237037 0.245312 0.245370 0.245312 0.258333 0.244271 0.261111 0.243750 0.266667 0.243750 0.268519 0.244271 0.269444 0.244271 0.272222 0.242708 0.278704 0.242188 0.287963 0.242188 0.291667 0.243229 0.296296 0.242708 0.300000 0.242188 0.303704 0.241146 0.306481 0.240625 0.311111 0.240104 0.314815 0.240104 0.326852 0.239583 0.335185 0.238542 0.337963 0.238021 0.344444 0.238021 0.346296 0.238542 0.347222 0.238542 0.350000 0.237500 0.356481 0.238021 0.363889 0.238021 0.369444 0.236979 0.374074 0.237500 0.379630 0.235937 0.383333 0.236458 0.388889 0.236458 0.390741 0.235937 0.391667 0.235937 0.394444 0.234896 0.396296 0.234896 0.400000 0.233854 0.403704 0.233333 0.409259 0.232813 0.413889 0.233333 0.421296 0.232292 0.425926 0.232292 0.432407 0.231771 0.437963 0.230729 0.444444 0.230208 0.447222 0.227083 0.451852 0.226562 0.452778 0.226042 0.455556 0.225000 0.457407 0.224479 0.457407 0.223438 0.459259 0.223958 0.462963 0.222917 0.466667 0.221875 0.468519 0.221354 0.470370 0.221875 0.475000 0.221354 0.476852 0.219792 0.479630 0.218750 0.481481 0.208333 0.479630 0.209896 0.471296 0.209896 0.459259 0.210938 0.450000 0.210938 0.437963 0.212500 0.427778 0.213021 0.422222 0.213021 0.409259 0.214062 0.397222 0.215104 0.391667 0.215625 0.387037 0.215104 0.382407 0.216146 0.374074 0.216146 0.366667 0.215625 0.362963 0.217188 0.359259 0.217188 0.357407 0.216667 0.353704 0.217188 0.348148 0.218229 0.344444 0.218750 0.335185 0.219792 0.331481 0.219792 0.323148 0.220833 0.316667 0.220833 0.310185 0.221875 0.303704 0.221875 0.297222 0.222396 0.292593 0.223438 0.288889 0.223438 0.272222 0.223958 0.267593 0.225000 0.262963 0.225521 0.257407 0.226042 0.250926 0.226562 0.242593 0.226562 0.230556 0.227083 0.221296 0.227604 0.214815 0.228646 0.209259 0.229167 0.201852 0.229687 0.193519 0.229167 0.188889 0.229687 0.181481 0.230729 0.178704 0.230208 0.167593 0.231771 0.164815 0.232292 0.159259 0.232292 0.153704 0.233333 0.150926 0.233854 0.147222 0.234375 0.137037 0.234896 0.125000 0.234896 0.118519 0.234375 0.115741 0.232813 0.109259 0.231250 0.105556 0.231250 0.101852 0.228646 0.100000 0.227083 0.100000 0.227083 0.091667 0.228646 0.091667 0.229167 0.090741 0.231250 0.090741 0.235937 0.087963 0.236979 0.087037 0.238542 0.084259 0.239063 0.082407 0.239583 0.080556 0.240104 0.077778 0.240104 0.075000 0.240625 0.072222 0.241146 0.069444 0.242188 0.067593 0.243229 0.066667 0.244792 0.066667 0.245833 0.068519 0.246354 0.070370 0.246354 0.078704 0.246875 0.080556 0.247396 0.082407 0.248438 0.084259 0.251563 0.084259 0.253646 0.087037 0.254688 0.087963 0.261458 0.087963 0.317708 0.086111 0.344792 0.087037 0.346875 0.087037 0.351562 0.086111 0.358854 0.087037 0.362500 0.085185 0.368229 0.085185 0.386979 0.086111 0.390625 0.084259 0.394792 0.084259 0.410417 0.086111 0.412500 0.086111 0.420833 0.084259 0.422396 0.084259 0.432292 0.084259 0.435937 0.084259 0.443229 0.085185 0.460938 0.083333 0.466667 0.084259 0.467708 0.084259 0.502604 0.082407 0.506771 0.082407 0.515104 0.083333 0.525000 0.083333 0.527604 0.083333 0.534896 0.083333 0.536979 0.083333 0.542708 0.081481 0.552604 0.082407 0.555208 0.082407 0.580729 0.081481 0.597917 0.079630 0.598958 0.079630 0.643750 0.080556 0.668229 0.078704 0.684896 0.080556 0.685937 0.080556 0.707812 0.078704 0.710938 0.078704 0.716146 0.079630 0.725000 0.078704 0.735938 0.078704 0.738542 0.078704 0.750521 0.078704 0.751563 0.078704 0.764583 0.078704 0.765625 0.078704 0.775521 0.078704 0.782292 0.079630 0.783854 0.079630 0.787500 0.078704 0.788021 0.079630 0.791667 0.078704 0.793750 0.078704 0.800521 0.079630 0.801042 0.078704 0.807813 0.078704 0.818750 0.078704 0.821875 0.078704 0.835417 0.079630 0.838542 0.078704 0.840104 0.077778 0.843229 0.072222 0.843750 0.070370 0.844271 0.066667 0.844792 0.064815 0.847396 0.060185 0.853646 0.061111
1 0.591667 0.764815 0.591667 0.768519 0.589583 0.772222 0.590625 0.773148 0.594792 0.771296 0.593750 0.770370 0.591667 0.768519 0.591667 0.764815
1 0.866146 0.683333 0.865625 0.685185 0.867188 0.685185 0.866146 0.683333
1 0.862500 0.589815 0.862500 0.592593 0.864062 0.591667 0.863542 0.589815 0.862500 0.589815
1 0.548438 0.509259 0.547396 0.510185 0.546875 0.512963 0.547917 0.513889 0.550521 0.513889 0.552604 0.512037 0.552083 0.510185 0.551042 0.509259 0.548438 0.509259
1 0.539583 0.506481 0.539062 0.509259 0.539583 0.511111 0.541667 0.508333 0.540625 0.507407 0.539583 0.506481
1 0.553125 0.503704 0.552083 0.504630 0.553646 0.505556 0.553125 0.503704
1 0.851562 0.490741 0.851042 0.492593 0.851042 0.496296 0.851562 0.497222 0.852083 0.499074 0.852604 0.497222 0.853125 0.496296 0.853125 0.493519 0.852604 0.492593 0.852604 0.490741 0.851562 0.490741
1 0.552083 0.490741 0.553646 0.491667 0.553646 0.488889 0.552083 0.490741
1 0.550000 0.475000 0.549479 0.476852 0.550000 0.479630 0.553646 0.484259 0.555208 0.480556 0.554167 0.477778 0.553646 0.474074 0.550000 0.475000
1 0.532813 0.430556 0.521354 0.432407 0.521354 0.434259 0.521875 0.435185 0.521875 0.437037 0.521354 0.439815 0.521354 0.442593 0.521875 0.442593 0.522917 0.443519 0.525000 0.441667 0.525521 0.439815 0.525521 0.437963 0.525000 0.437037 0.526042 0.434259 0.528646 0.436111 0.530208 0.436111 0.534896 0.434259 0.539583 0.434259 0.540104 0.433333 0.541146 0.432407 0.532813 0.430556
1 0.556771 0.394444 0.556771 0.393519 0.555729 0.392593 0.555208 0.391667 0.553125 0.391667 0.552083 0.393519 0.556771 0.393519 0.556771 0.394444 0.557292 0.395370 0.557292 0.418519 0.556250 0.421296 0.556771 0.429630 0.557292 0.431481 0.558854 0.434259 0.561979 0.434259 0.565104 0.433333 0.565625 0.432407 0.567708 0.432407 0.568229 0.433333 0.571354 0.434259 0.580729 0.434259 0.581250 0.435185 0.585417 0.435185 0.583854 0.436111 0.582812 0.437037 0.581771 0.438889 0.571875 0.437963 0.570833 0.437963 0.569792 0.441667 0.569792 0.445370 0.570833 0.447222 0.572917 0.449074 0.574479 0.451852 0.576562 0.449074 0.577604 0.448148 0.579688 0.449074 0.580208 0.451852 0.582292 0.455556 0.585417 0.456481 0.582292 0.456481 0.581771 0.455556 0.577083 0.455556 0.573958 0.456481 0.571875 0.458333 0.570833 0.458333 0.569271 0.456481 0.568229 0.456481 0.564583 0.459259 0.563542 0.459259 0.561458 0.454630 0.560417 0.452778 0.559375 0.453704 0.558854 0.454630 0.556250 0.457407 0.554688 0.460185 0.554688 0.462963 0.554167 0.464815 0.552083 0.466667 0.553125 0.469444 0.553125 0.471296 0.552083 0.472222 0.550000 0.472222 0.548958 0.471296 0.547917 0.470370 0.547396 0.467593 0.549479 0.466667 0.551562 0.464815 0.552083 0.462963 0.551042 0.461111 0.550521 0.461111 0.549479 0.459259 0.548958 0.454630 0.546875 0.452778 0.545833 0.452778 0.544792 0.453704 0.543750 0.455556 0.543229 0.460185 0.541667 0.457407 0.529167 0.457407 0.521875 0.456481 0.521354 0.455556 0.520312 0.455556 0.520833 0.450926 0.521875 0.450000 0.524479 0.449074 0.527083 0.449074 0.529167 0.450926 0.532813 0.448148 0.534896 0.448148 0.536458 0.447222 0.536979 0.444444 0.535937 0.442593 0.539062 0.439815 0.541667 0.439815 0.542188 0.442593 0.541146 0.445370 0.541667 0.448148 0.542188 0.450000 0.543229 0.451852 0.546875 0.451852 0.547917 0.450926 0.548958 0.449074 0.550000 0.448148 0.552083 0.450000 0.553646 0.450926 0.555208 0.450000 0.556771 0.448148 0.557813 0.449074 0.559375 0.450000 0.559375 0.450926 0.560417 0.452778 0.561979 0.450000 0.561979 0.449074 0.563542 0.446296 0.561979 0.443519 0.560937 0.442593 0.558854 0.442593 0.558333 0.443519 0.556250 0.443519 0.554688 0.442593 0.553646 0.439815 0.553125 0.441667 0.552604 0.442593 0.551562 0.443519 0.550000 0.444444 0.546875 0.442593 0.544271 0.442593 0.544271 0.438889 0.545833 0.438889 0.546875 0.437963 0.548438 0.435185 0.548958 0.431481 0.549479 0.428704 0.548958 0.424074 0.547917 0.423148 0.546354 0.423148 0.544792 0.422222 0.543750 0.421296 0.543750 0.418519 0.543229 0.417593 0.543229 0.409259 0.545312 0.411111 0.546354 0.411111 0.548438 0.407407 0.548438 0.405556 0.548438 0.402778 0.548438 0.400926 0.547396 0.399074 0.545312 0.397222 0.547396 0.396296 0.548438 0.395370 0.549479 0.393519 0.549479 0.390741 0.553125 0.390741 0.555729 0.389815 0.556771 0.387963 0.556771 0.394444
1 0.551562 0.378704 0.547396 0.379630 0.545833 0.383333 0.547396 0.383333 0.547396 0.381481 0.548438 0.379630 0.550000 0.379630 0.551042 0.380556 0.553125 0.383333 0.556771 0.384259 0.556250 0.382407 0.555729 0.379630 0.554167 0.378704 0.551562 0.378704
2 0.859375 0.432407 0.858333 0.434259 0.857812 0.437037 0.855208 0.442593 0.854688 0.444444 0.854688 0.457407 0.855208 0.464815 0.855729 0.468519 0.856771 0.472222 0.857292 0.475926 0.857292 0.484259 0.858333 0.491667 0.858333 0.506481 0.858854 0.512037 0.859375 0.513889 0.860417 0.515741 0.860938 0.521296 0.860938 0.525000 0.861458 0.528704 0.863021 0.535185 0.863021 0.537037 0.863542 0.539815 0.866667 0.539815 0.867708 0.539815 0.869792 0.537963 0.870833 0.536111 0.871354 0.533333 0.871354 0.517593 0.870833 0.515741 0.869271 0.512963 0.868229 0.510185 0.868229 0.505556 0.868750 0.500926 0.869792 0.499074 0.869792 0.487963 0.868750 0.482407 0.868750 0.476852 0.866667 0.469444 0.866667 0.461111 0.867708 0.455556 0.867708 0.442593 0.866146 0.437037 0.865104 0.435185 0.864062 0.434259 0.861979 0.433333 0.859375 0.432407
