0 0.845833 0.912963 0.840104 0.913889 0.838542 0.914815 0.836979 0.917593 0.836458 0.925000 0.836979 0.932407 0.838542 0.937963 0.840625 0.941667 0.841667 0.942593 0.843750 0.943519 0.852604 0.943519 0.854167 0.940741 0.854688 0.938889 0.854688 0.936111 0.855729 0.934259 0.855208 0.921296 0.854167 0.920370 0.853646 0.917593 0.852083 0.914815 0.850521 0.913889 0.848958 0.912963 0.845833 0.912963
0 0.785937 0.711111 0.784375 0.712037 0.783333 0.712963 0.782292 0.713889 0.780208 0.717593 0.779167 0.722222 0.779167 0.731481 0.780208 0.734259 0.780208 0.737037 0.780729 0.738889 0.782292 0.741667 0.782292 0.742593 0.783333 0.744444 0.784375 0.744444 0.785417 0.746296 0.786458 0.747222 0.789062 0.748148 0.790104 0.748148 0.792708 0.747222 0.794271 0.746296 0.796354 0.744444 0.796875 0.742593 0.797396 0.740741 0.797396 0.738889 0.798958 0.734259 0.798958 0.728704 0.798438 0.725000 0.797917 0.720370 0.796875 0.717593 0.795833 0.715741 0.795312 0.715741 0.793750 0.712963 0.792708 0.712037 0.790625 0.711111 0.785937 0.711111
0 0.524479 0.530556 0.521354 0.531481 0.519792 0.532407 0.517188 0.537037 0.516146 0.541667 0.516667 0.546296 0.516146 0.550000 0.517708 0.557407 0.518750 0.560185 0.520312 0.562037 0.521354 0.562963 0.523438 0.563889 0.525521 0.563889 0.527604 0.561111 0.528125 0.558333 0.529687 0.555556 0.531250 0.554630 0.532292 0.553704 0.532813 0.542593 0.532292 0.539815 0.530208 0.533333 0.529167 0.531481 0.526042 0.530556 0.524479 0.530556
0 0.661458 0.466667 0.659375 0.467593 0.657813 0.468519 0.656771 0.469444 0.655208 0.472222 0.654687 0.474074 0.654167 0.476852 0.653646 0.481481 0.654167 0.489815 0.654687 0.492593 0.655208 0.494444 0.655729 0.495370 0.657813 0.498148 0.660937 0.500926 0.663542 0.500926 0.665104 0.500000 0.667708 0.498148 0.668750 0.497222 0.670312 0.494444 0.670833 0.492593 0.671354 0.489815 0.671875 0.486111 0.671875 0.479630 0.671354 0.476852 0.670833 0.474074 0.669271 0.471296 0.669271 0.470370 0.668229 0.468519 0.665625 0.466667 0.661458 0.466667
0 0.626563 0.424074 0.625000 0.425000 0.623437 0.426852 0.620833 0.431481 0.619792 0.436111 0.620313 0.445370 0.621354 0.450000 0.621875 0.451852 0.622396 0.453704 0.622917 0.454630 0.623958 0.455556 0.626042 0.457407 0.631250 0.457407 0.632812 0.456481 0.633854 0.455556 0.635938 0.451852 0.636979 0.449074 0.637500 0.440741 0.637500 0.438889 0.636979 0.431481 0.636458 0.429630 0.634375 0.425926 0.633333 0.425000 0.631771 0.424074 0.626563 0.424074
0 0.748958 0.358333 0.747396 0.359259 0.744792 0.361111 0.742188 0.365741 0.741667 0.367593 0.741146 0.369444 0.741146 0.375000 0.741667 0.376852 0.742708 0.378704 0.743229 0.383333 0.743750 0.385185 0.744792 0.387037 0.746875 0.387963 0.749479 0.388889 0.751563 0.389815 0.753646 0.388889 0.755208 0.387963 0.756771 0.386111 0.758333 0.382407 0.758333 0.368519 0.757812 0.366667 0.756250 0.362963 0.754167 0.359259 0.753125 0.358333 0.752083 0.358333 0.748958 0.358333
0 0.392708 0.244444 0.391667 0.245370 0.390625 0.247222 0.390104 0.249074 0.389583 0.252778 0.389583 0.261111 0.390104 0.267593 0.391146 0.271296 0.392188 0.273148 0.393750 0.275000 0.395313 0.275926 0.396875 0.275926 0.397396 0.276852 0.398438 0.276852 0.401562 0.275926 0.403125 0.275000 0.404167 0.274074 0.404687 0.273148 0.405208 0.271296 0.405729 0.268519 0.406250 0.264815 0.406250 0.258333 0.405208 0.255556 0.405208 0.252778 0.404687 0.250926 0.404167 0.249074 0.403646 0.248148 0.401562 0.245370 0.400521 0.244444 0.397396 0.243519 0.392708 0.244444
0 0.525000 0.223148 0.523438 0.224074 0.522396 0.225000 0.521354 0.226852 0.520312 0.229630 0.519792 0.231481 0.519271 0.234259 0.519271 0.245370 0.520833 0.250926 0.522917 0.254630 0.523958 0.255556 0.525000 0.256481 0.528125 0.257407 0.529167 0.257407 0.532292 0.254630 0.534375 0.250926 0.534896 0.249074 0.535417 0.247222 0.535937 0.244444 0.535937 0.239815 0.535417 0.235185 0.534896 0.232407 0.534375 0.230556 0.532813 0.226852 0.531250 0.225000 0.530208 0.224074 0.529167 0.223148 0.525000 0.223148
0 0.229167 0.222222 0.226042 0.223148 0.223438 0.227778 0.222917 0.229630 0.222917 0.237963 0.223438 0.244444 0.227083 0.250926 0.228125 0.251852 0.230729 0.253704 0.235937 0.252778 0.237500 0.251852 0.238542 0.250926 0.240625 0.246296 0.241146 0.244444 0.241146 0.237037 0.240625 0.234259 0.240104 0.232407 0.239583 0.230556 0.238021 0.227778 0.238021 0.226852 0.236979 0.225000 0.235937 0.224074 0.234896 0.223148 0.231771 0.222222 0.229167 0.222222
0 0.326562 0.209259 0.324479 0.210185 0.321875 0.214815 0.321354 0.216667 0.320833 0.224074 0.321875 0.226852 0.321875 0.230556 0.323437 0.234259 0.325521 0.237963 0.326562 0.238889 0.327604 0.239815 0.329688 0.240741 0.332292 0.240741 0.333854 0.239815 0.334896 0.238889 0.338021 0.233333 0.338021 0.231481 0.338542 0.229630 0.338021 0.220370 0.337500 0.218519 0.336979 0.216667 0.333854 0.211111 0.332813 0.210185 0.331771 0.209259 0.326562 0.209259
0 0.235937 0.153704 0.233854 0.154630 0.232813 0.155556 0.231250 0.157407 0.230729 0.159259 0.230208 0.162037 0.230208 0.172222 0.230729 0.175000 0.231250 0.176852 0.232292 0.178704 0.234896 0.180556 0.236458 0.183333 0.238021 0.185185 0.241146 0.185185 0.243750 0.183333 0.244792 0.182407 0.245833 0.180556 0.246875 0.177778 0.247396 0.175000 0.247396 0.172222 0.246875 0.164815 0.246354 0.162963 0.245312 0.161111 0.244792 0.158333 0.244271 0.157407 0.241667 0.154630 0.239063 0.153704 0.235937 0.153704
3 0.543229 0.424074 0.539062 0.425926 0.538542 0.427778 0.538021 0.434259 0.537500 0.452778 0.537500 0.474074 0.535937 0.476852 0.535937 0.477778 0.534896 0.479630 0.533854 0.480556 0.531771 0.480556 0.521875 0.478704 0.518229 0.479630 0.508854 0.477778 0.507292 0.478704 0.506250 0.479630 0.505208 0.481481 0.504687 0.483333 0.504687 0.497222 0.505208 0.499074 0.506771 0.500000 0.508333 0.501852 0.515625 0.501852 0.520833 0.502778 0.524479 0.504630 0.533854 0.504630 0.534896 0.505556 0.535937 0.506481 0.535937 0.523148 0.535937 0.534259 0.536979 0.541667 0.536979 0.550000 0.535937 0.553704 0.535937 0.560185 0.537500 0.562963 0.538542 0.563889 0.542188 0.564815 0.543750 0.564815 0.544271 0.563889 0.546875 0.562963 0.547396 0.560185 0.547917 0.550000 0.547396 0.542593 0.548438 0.534259 0.548438 0.523148 0.548958 0.514815 0.550521 0.509259 0.551562 0.507407 0.554688 0.507407 0.557813 0.509259 0.563542 0.509259 0.569271 0.511111 0.578125 0.511111 0.581250 0.509259 0.581771 0.507407 0.582292 0.503704 0.582292 0.487963 0.581771 0.486111 0.581250 0.485185 0.580208 0.484259 0.577083 0.483333 0.567187 0.482407 0.563542 0.483333 0.554688 0.483333 0.553125 0.483333 0.551562 0.482407 0.550000 0.479630 0.550000 0.473148 0.549479 0.472222 0.549479 0.466667 0.550521 0.449074 0.550521 0.447222 0.550521 0.436111 0.550521 0.432407 0.550000 0.428704 0.548958 0.426852 0.547917 0.425926 0.546354 0.425000 0.543229 0.424074
2 0.202604 0.499074 0.200521 0.500926 0.200000 0.502778 0.200000 0.505556 0.198958 0.509259 0.198958 0.512963 0.200000 0.516667 0.200000 0.519444 0.199479 0.525000 0.197917 0.527778 0.197396 0.529630 0.196875 0.533333 0.196875 0.543519 0.197396 0.550926 0.197917 0.553704 0.198437 0.556481 0.198958 0.558333 0.202083 0.561111 0.203125 0.561111 0.204167 0.560185 0.205729 0.558333 0.206771 0.556481 0.207292 0.554630 0.207813 0.552778 0.208333 0.548148 0.208854 0.540741 0.208854 0.532407 0.209896 0.527778 0.209896 0.524074 0.210417 0.523148 0.210417 0.520370 0.209896 0.514815 0.208333 0.511111 0.207813 0.508333 0.207813 0.503704 0.207292 0.500926 0.206250 0.499074 0.202604 0.499074
1 0.550000 0.559259 0.548958 0.560185 0.550000 0.561111 0.550000 0.559259
1 0.206250 0.545370 0.205208 0.548148 0.206771 0.550926 0.206250 0.545370
1 0.837500 0.506481 0.836458 0.506481 0.835938 0.507407 0.834896 0.508333 0.836979 0.511111 0.838542 0.512037 0.839583 0.511111 0.840625 0.508333 0.838542 0.505556 0.837500 0.506481
1 0.543750 0.425926 0.544792 0.426852 0.545833 0.428704 0.545833 0.429630 0.547396 0.430556 0.548958 0.427778 0.550000 0.426852 0.551042 0.437963 0.550000 0.445370 0.551042 0.451852 0.551042 0.457407 0.550000 0.459259 0.551562 0.465741 0.551562 0.467593 0.551042 0.468519 0.551042 0.471296 0.550521 0.472222 0.550521 0.474074 0.548438 0.475000 0.547917 0.471296 0.547917 0.470370 0.546354 0.469444 0.545312 0.471296 0.544792 0.473148 0.546354 0.476852 0.547917 0.475000 0.548438 0.475000 0.550521 0.474074 0.551562 0.477778 0.552083 0.478704 0.553125 0.479630 0.554688 0.479630 0.555729 0.480556 0.556771 0.482407 0.557813 0.483333 0.560417 0.485185 0.561979 0.482407 0.563021 0.481481 0.566146 0.480556 0.567708 0.480556 0.569792 0.484259 0.571354 0.486111 0.576042 0.486111 0.577083 0.483333 0.579167 0.484259 0.577083 0.485185 0.577083 0.487963 0.578125 0.488889 0.579167 0.488889 0.581250 0.487037 0.580208 0.489815 0.579167 0.494444 0.579167 0.497222 0.578125 0.499074 0.576562 0.499074 0.575521 0.500000 0.576042 0.503704 0.578646 0.504630 0.580729 0.508333 0.578646 0.511111 0.575521 0.511111 0.569271 0.510185 0.565104 0.512037 0.563542 0.512037 0.562500 0.511111 0.561458 0.509259 0.560417 0.507407 0.561458 0.506481 0.562500 0.506481 0.563542 0.504630 0.564583 0.504630 0.565625 0.502778 0.565625 0.500926 0.559375 0.499074 0.556250 0.499074 0.555729 0.500000 0.554688 0.500926 0.555729 0.502778 0.556771 0.503704 0.557813 0.503704 0.559375 0.506481 0.560417 0.507407 0.561458 0.509259 0.559375 0.509259 0.557292 0.511111 0.553646 0.511111 0.551562 0.512037 0.550000 0.513889 0.548438 0.512963 0.546875 0.510185 0.546354 0.507407 0.547917 0.507407 0.549479 0.506481 0.552083 0.501852 0.551562 0.500000 0.550521 0.499074 0.549479 0.498148 0.548438 0.498148 0.547917 0.494444 0.548958 0.492593 0.548958 0.491667 0.549479 0.490741 0.550000 0.490741 0.550521 0.489815 0.551042 0.487963 0.550000 0.486111 0.548438 0.485185 0.546354 0.485185 0.545833 0.487963 0.544792 0.489815 0.540625 0.488889 0.539062 0.488889 0.536979 0.490741 0.538542 0.493519 0.541146 0.493519 0.543229 0.491667 0.545833 0.494444 0.545312 0.498148 0.544271 0.500926 0.544792 0.503704 0.545312 0.505556 0.546354 0.507407 0.546875 0.510185 0.545833 0.511111 0.545312 0.512963 0.544792 0.512963 0.543750 0.514815 0.543750 0.523148 0.543750 0.525926 0.545312 0.530556 0.545312 0.534259 0.544271 0.536111 0.545312 0.537963 0.545312 0.547222 0.543229 0.548148 0.541146 0.550000 0.542188 0.551852 0.542188 0.552778 0.544271 0.556481 0.545312 0.559259 0.546354 0.563889 0.545312 0.563889 0.544271 0.565741 0.543229 0.566667 0.542188 0.566667 0.541667 0.565741 0.540104 0.565741 0.537500 0.563889 0.539062 0.562963 0.541667 0.558333 0.542188 0.556481 0.540104 0.554630 0.536458 0.554630 0.536458 0.546296 0.536458 0.543519 0.535937 0.537037 0.541146 0.535185 0.541667 0.533333 0.541667 0.531481 0.541146 0.529630 0.540104 0.527778 0.536458 0.527778 0.535417 0.525926 0.536979 0.522222 0.536979 0.520370 0.536458 0.519444 0.536458 0.517593 0.536979 0.516667 0.536979 0.513889 0.535937 0.512037 0.535937 0.509259 0.539062 0.509259 0.540625 0.508333 0.542188 0.505556 0.542188 0.502778 0.541667 0.500926 0.541146 0.500000 0.540104 0.499074 0.535937 0.498148 0.531771 0.498148 0.528125 0.499074 0.526042 0.501852 0.525000 0.501852 0.523438 0.500000 0.521354 0.500000 0.519271 0.498148 0.514062 0.498148 0.513021 0.496296 0.510417 0.495370 0.509896 0.493519 0.509896 0.490741 0.510417 0.489815 0.510417 0.487037 0.508854 0.484259 0.506250 0.484259 0.505208 0.486111 0.505208 0.489815 0.506250 0.491667 0.506771 0.496296 0.509375 0.497222 0.508333 0.498148 0.506250 0.497222 0.505208 0.496296 0.504687 0.492593 0.505729 0.484259 0.504687 0.481481 0.504687 0.479630 0.505729 0.479630 0.505729 0.481481 0.506771 0.483333 0.509375 0.483333 0.510417 0.481481 0.510938 0.481481 0.511979 0.477778 0.513021 0.476852 0.513542 0.477778 0.512500 0.479630 0.513021 0.481481 0.514062 0.482407 0.515104 0.483333 0.516667 0.483333 0.517708 0.485185 0.519792 0.485185 0.520833 0.483333 0.519792 0.481481 0.518229 0.480556 0.518229 0.479630 0.517188 0.477778 0.513542 0.477778 0.513021 0.476852 0.518229 0.476852 0.526563 0.476852 0.529167 0.480556 0.530729 0.478704 0.530729 0.477778 0.532813 0.475926 0.535417 0.475926 0.538021 0.475000 0.538542 0.474074 0.538021 0.476852 0.538542 0.478704 0.540104 0.479630 0.541146 0.477778 0.540625 0.475000 0.539583 0.474074 0.538542 0.474074 0.538021 0.475000 0.538021 0.472222 0.536458 0.471296 0.535937 0.469444 0.537500 0.466667 0.536979 0.463889 0.539062 0.459259 0.540104 0.459259 0.541667 0.456481 0.541667 0.454630 0.541146 0.448148 0.540625 0.446296 0.538021 0.442593 0.538021 0.440741 0.538542 0.438889 0.540625 0.435185 0.540104 0.432407 0.541146 0.430556 0.541146 0.428704 0.541667 0.426852 0.542708 0.425926 0.543750 0.425926
1 0.223958 0.095370 0.226042 0.099074 0.226562 0.100926 0.227083 0.102778 0.227604 0.108333 0.227083 0.112963 0.228646 0.115741 0.229687 0.116667 0.230729 0.117593 0.240104 0.118519 0.255729 0.118519 0.270833 0.120370 0.273958 0.120370 0.284896 0.120370 0.290625 0.119444 0.295312 0.119444 0.299479 0.121296 0.301042 0.121296 0.306250 0.119444 0.308854 0.119444 0.314063 0.121296 0.319792 0.119444 0.321875 0.119444 0.326562 0.121296 0.330208 0.121296 0.338021 0.120370 0.361458 0.122222 0.389062 0.123148 0.391146 0.123148 0.400521 0.123148 0.401562 0.123148 0.405729 0.122222 0.443750 0.123148 0.466667 0.125000 0.468229 0.125000 0.480208 0.124074 0.493229 0.125926 0.495312 0.125926 0.503646 0.124074 0.506250 0.124074 0.519792 0.125926 0.531250 0.125000 0.533333 0.125000 0.548438 0.126852 0.552604 0.126852 0.563021 0.126852 0.567708 0.126852 0.576042 0.126852 0.579688 0.126852 0.588542 0.125926 0.594271 0.127778 0.595833 0.127778 0.603646 0.127778 0.607812 0.127778 0.617708 0.127778 0.625521 0.126852 0.631250 0.126852 0.640104 0.126852 0.646875 0.128704 0.653125 0.127778 0.656250 0.127778 0.668229 0.127778 0.681771 0.127778 0.683333 0.127778 0.692187 0.129630 0.726042 0.128704 0.746354 0.130556 0.749479 0.130556 0.750000 0.129630 0.753646 0.129630 0.761458 0.131481 0.763021 0.131481 0.773438 0.130556 0.782292 0.132407 0.792708 0.131481 0.798438 0.131481 0.812500 0.133333 0.814583 0.133333 0.820312 0.133333 0.821354 0.133333 0.826042 0.132407 0.827604 0.134259 0.830208 0.131481 0.831250 0.130556 0.832292 0.131481 0.833333 0.131481 0.834375 0.133333 0.835417 0.132407 0.835417 0.131481 0.836458 0.129630 0.836458 0.125000 0.835417 0.123148 0.835938 0.121296 0.835938 0.119444 0.836458 0.117593 0.838021 0.114815 0.842187 0.115741 0.842708 0.117593 0.843750 0.124074 0.844792 0.125926 0.844792 0.129630 0.845833 0.131481 0.850521 0.136111 0.853646 0.137037 0.855208 0.139815 0.856250 0.142593 0.856250 0.147222 0.854167 0.149074 0.852083 0.149074 0.851042 0.150000 0.850000 0.151852 0.849479 0.154630 0.848437 0.157407 0.849479 0.163889 0.848437 0.167593 0.848958 0.183333 0.850000 0.197222 0.850521 0.204630 0.851562 0.210185 0.851562 0.218519 0.852604 0.222222 0.852083 0.225926 0.852083 0.227778 0.853125 0.231481 0.853125 0.237037 0.854167 0.241667 0.854167 0.251852 0.855208 0.254630 0.855208 0.256481 0.855729 0.268519 0.855729 0.281481 0.856250 0.294444 0.857292 0.301852 0.857292 0.310185 0.857812 0.317593 0.858333 0.325000 0.859375 0.326852 0.859896 0.329630 0.859896 0.336111 0.861458 0.341667 0.861458 0.352778 0.862500 0.358333 0.862500 0.360185 0.861979 0.363889 0.863021 0.370370 0.863021 0.376852 0.864062 0.382407 0.864062 0.398148 0.865104 0.403704 0.865625 0.410185 0.865625 0.415741 0.866146 0.422222 0.867188 0.426852 0.867188 0.431481 0.868229 0.435185 0.868229 0.447222 0.869271 0.455556 0.868750 0.459259 0.870313 0.469444 0.870833 0.477778 0.870313 0.487037 0.870833 0.494444 0.871875 0.497222 0.871875 0.504630 0.872917 0.508333 0.873437 0.520370 0.872917 0.525000 0.873437 0.532407 0.873958 0.536111 0.875000 0.538889 0.875000 0.546296 0.876042 0.549074 0.875521 0.558333 0.875521 0.562963 0.876563 0.566667 0.876563 0.568519 0.876042 0.569444 0.876042 0.571296 0.877083 0.574074 0.877083 0.575926 0.877083 0.585185 0.877604 0.592593 0.878646 0.598148 0.879167 0.604630 0.878646 0.614815 0.878646 0.616667 0.879687 0.619444 0.880208 0.625926 0.879687 0.630556 0.880729 0.637037 0.880729 0.643519 0.881771 0.646296 0.881771 0.657407 0.882812 0.662963 0.883333 0.670370 0.882812 0.675000 0.883333 0.684259 0.884375 0.691667 0.884375 0.693519 0.883854 0.694444 0.883854 0.696296 0.884375 0.712037 0.885417 0.719444 0.885417 0.730556 0.886458 0.736111 0.886979 0.742593 0.886979 0.757407 0.887500 0.769444 0.888542 0.773148 0.889062 0.784259 0.889062 0.797222 0.890104 0.800926 0.890104 0.813889 0.890625 0.825926 0.891667 0.830556 0.892188 0.841667 0.892188 0.857407 0.893229 0.862037 0.892708 0.867593 0.893750 0.874074 0.893750 0.880556 0.894271 0.882407 0.894271 0.887037 0.893229 0.892593 0.893229 0.894444 0.894271 0.897222 0.894792 0.900926 0.894792 0.908333 0.895833 0.912963 0.895833 0.915741 0.895312 0.922222 0.895833 0.937037 0.896875 0.941667 0.897396 0.948148 0.897917 0.954630 0.897917 0.957407 0.897396 0.966667 0.897917 0.969444 0.898438 0.973148 0.901042 0.977778 0.904687 0.976852 0.907813 0.979630 0.909896 0.979630 0.910937 0.980556 0.911458 0.981481 0.911458 0.982407 0.910937 0.987037 0.911458 0.990741 0.910417 0.992593 0.908333 0.994444 0.906771 0.994444 0.905208 0.995370 0.903646 0.995370 0.902083 0.994444 0.900521 0.994444 0.898958 0.997222 0.898958 0.999074 0.880729 0.998148 0.879167 0.998148 0.561979 0.998148 0.560417 0.995370 0.558333 0.998148 0.514583 0.999074 0.513542 0.996296 0.511979 0.995370 0.510417 0.995370 0.510417 0.993519 0.511979 0.992593 0.512500 0.991667 0.513542 0.990741 0.512500 0.988889 0.510417 0.988889 0.508333 0.987037 0.507292 0.988889 0.505729 0.989815 0.504167 0.989815 0.505208 0.995370 0.508854 0.996296 0.509375 0.999074 0.498437 0.996296 0.492708 0.999074 0.491146 0.995370 0.489583 0.996296 0.488542 0.999074 0.486458 0.999074 0.485938 0.997222 0.484896 0.997222 0.483333 0.997222 0.482812 0.997222 0.482292 0.999074 0.422917 0.998148 0.421354 0.995370 0.420312 0.997222 0.420312 0.999074 0.381771 0.999074 0.381771 0.997222 0.380729 0.995370 0.379167 0.995370 0.378125 0.994444 0.377604 0.992593 0.377083 0.990741 0.378646 0.987963 0.379688 0.987037 0.380729 0.987037 0.382292 0.989815 0.384375 0.989815 0.385937 0.990741 0.389062 0.988889 0.395833 0.988889 0.396354 0.989815 0.399479 0.990741 0.403646 0.991667 0.403646 0.988889 0.402604 0.987963 0.400521 0.987963 0.402604 0.987037 0.404167 0.988889 0.406250 0.987037 0.406771 0.986111 0.408333 0.986111 0.410938 0.987963 0.410417 0.992593 0.409896 0.994444 0.411458 0.995370 0.410417 0.992593 0.410938 0.987963 0.412500 0.987963 0.413021 0.987037 0.415625 0.987963 0.413021 0.990741 0.417708 0.991667 0.418229 0.994444 0.418750 0.990741 0.419792 0.990741 0.420833 0.987963 0.422396 0.987963 0.423958 0.989815 0.426042 0.989815 0.428125 0.993519 0.429688 0.991667 0.429688 0.989815 0.428125 0.987963 0.430208 0.987037 0.431771 0.985185 0.433854 0.987037 0.436458 0.988889 0.438021 0.989815 0.438021 0.992593 0.437500 0.994444 0.439583 0.995370 0.438021 0.992593 0.438021 0.989815 0.440104 0.989815 0.441667 0.987963 0.443229 0.987963 0.446354 0.988889 0.448437 0.986111 0.450000 0.986111 0.451562 0.984259 0.452604 0.983333 0.454688 0.985185 0.456250 0.986111 0.457292 0.990741 0.455208 0.990741 0.456250 0.992593 0.457292 0.990741 0.456250 0.986111 0.458854 0.983333 0.461458 0.983333 0.463021 0.985185 0.464062 0.984259 0.465625 0.983333 0.467708 0.983333 0.469271 0.985185 0.471875 0.985185 0.472396 0.984259 0.474479 0.984259 0.476562 0.986111 0.478125 0.986111 0.479687 0.984259 0.481250 0.984259 0.482292 0.986111 0.485417 0.987037 0.487500 0.989815 0.489063 0.987963 0.490104 0.987963 0.491667 0.987963 0.493229 0.988889 0.495833 0.988889 0.496354 0.988889 0.496354 0.991667 0.496354 0.992593 0.498958 0.993519 0.500521 0.990741 0.499479 0.989815 0.498958 0.988889 0.496354 0.988889 0.495833 0.988889 0.496354 0.987037 0.498437 0.987037 0.500000 0.986111 0.501563 0.983333 0.505208 0.984259 0.509896 0.983333 0.511458 0.986111 0.513542 0.986111 0.515104 0.987963 0.519792 0.987963 0.521354 0.989815 0.524479 0.989815 0.525000 0.991667 0.526042 0.991667 0.526042 0.988889 0.525000 0.987963 0.527083 0.987037 0.530729 0.987963 0.531250 0.987037 0.534375 0.987037 0.535417 0.988889 0.536458 0.988889 0.535417 0.986111 0.534896 0.984259 0.537500 0.984259 0.538542 0.986111 0.540104 0.986111 0.542188 0.983333 0.544271 0.983333 0.545833 0.984259 0.548438 0.983333 0.552083 0.983333 0.553125 0.985185 0.555729 0.985185 0.561979 0.983333 0.567187 0.984259 0.567187 0.988889 0.565625 0.990741 0.565104 0.988889 0.562500 0.987037 0.564063 0.989815 0.565104 0.988889 0.565625 0.990741 0.566667 0.992593 0.567708 0.992593 0.568750 0.990741 0.567187 0.988889 0.567187 0.984259 0.568750 0.982407 0.570833 0.981481 0.572396 0.982407 0.574479 0.985185 0.577083 0.983333 0.578646 0.983333 0.579688 0.983333 0.580729 0.985185 0.584375 0.984259 0.587500 0.986111 0.589063 0.986111 0.590625 0.984259 0.593750 0.985185 0.595833 0.985185 0.597396 0.982407 0.598437 0.981481 0.600521 0.981481 0.601042 0.980556 0.602604 0.980556 0.606771 0.981481 0.612500 0.980556 0.615104 0.985185 0.616146 0.986111 0.618229 0.984259 0.619792 0.984259 0.618750 0.986111 0.618750 0.987963 0.619792 0.989815 0.620833 0.987963 0.625000 0.987037 0.626563 0.988889 0.628125 0.987037 0.632812 0.987963 0.633333 0.984259 0.634375 0.985185 0.638021 0.985185 0.639583 0.983333 0.642708 0.984259 0.644271 0.984259 0.645833 0.982407 0.651042 0.982407 0.653125 0.980556 0.661458 0.979630 0.660417 0.977778 0.662500 0.978704 0.666146 0.979630 0.669792 0.979630 0.671354 0.981481 0.676562 0.981481 0.678646 0.979630 0.679688 0.980556 0.681250 0.983333 0.682292 0.983333 0.683854 0.987037 0.688542 0.987037 0.689063 0.984259 0.690625 0.987037 0.693750 0.987037 0.695833 0.986111 0.697917 0.984259 0.702604 0.983333 0.703646 0.986111 0.705208 0.987037 0.706250 0.988889 0.705208 0.990741 0.707292 0.990741 0.706250 0.988889 0.705208 0.987037 0.708333 0.987037 0.709896 0.988889 0.713021 0.987963 0.714063 0.989815 0.716667 0.989815 0.717708 0.987963 0.717708 0.986111 0.720313 0.985185 0.722396 0.981481 0.723437 0.980556 0.728125 0.978704 0.729688 0.977778 0.730729 0.977778 0.731771 0.980556 0.734896 0.980556 0.733333 0.982407 0.733333 0.984259 0.738021 0.986111 0.742188 0.986111 0.744271 0.988889 0.745833 0.987037 0.745833 0.986111 0.747917 0.985185 0.748958 0.983333 0.747917 0.980556 0.750521 0.980556 0.751042 0.979630 0.754687 0.979630 0.756250 0.978704 0.757292 0.976852 0.758854 0.976852 0.759896 0.979630 0.763021 0.979630 0.764062 0.980556 0.765625 0.984259 0.766667 0.985185 0.770833 0.985185 0.776563 0.984259 0.778125 0.980556 0.780208 0.980556 0.782292 0.982407 0.785937 0.982407 0.786979 0.981481 0.788021 0.979630 0.792708 0.979630 0.797917 0.981481 0.800000 0.981481 0.801042 0.979630 0.798958 0.977778 0.800000 0.976852 0.801042 0.978704 0.805208 0.978704 0.806771 0.976852 0.815104 0.976852 0.816667 0.978704 0.819792 0.977778 0.821875 0.977778 0.824479 0.981481 0.828646 0.981481 0.829688 0.979630 0.832292 0.979630 0.834896 0.977778 0.838021 0.981481 0.839583 0.981481 0.840625 0.979630 0.840625 0.975926 0.840625 0.975000 0.842708 0.974074 0.843750 0.975926 0.843750 0.976852 0.846354 0.977778 0.847917 0.978704 0.850000 0.977778 0.851042 0.976852 0.852083 0.975926 0.855729 0.975926 0.857812 0.976852 0.858333 0.977778 0.859896 0.976852 0.859896 0.975926 0.860938 0.974074 0.862500 0.972222 0.864062 0.971296 0.866146 0.967593 0.867188 0.969444 0.869792 0.969444 0.871354 0.966667 0.871354 0.963889 0.872396 0.959259 0.873958 0.956481 0.873958 0.954630 0.873437 0.950926 0.874479 0.946296 0.872396 0.942593 0.871875 0.930556 0.872917 0.928704 0.871875 0.925000 0.873958 0.921296 0.874479 0.919444 0.874479 0.917593 0.873958 0.914815 0.872917 0.912963 0.872396 0.911111 0.872917 0.907407 0.872396 0.904630 0.871875 0.902778 0.870313 0.900000 0.871354 0.891667 0.870833 0.889815 0.870833 0.888889 0.870313 0.887963 0.868750 0.887037 0.868229 0.884259 0.869792 0.883333 0.869271 0.878704 0.869792 0.878704 0.870833 0.876852 0.870833 0.863889 0.870313 0.862037 0.868750 0.860185 0.868229 0.858333 0.869271 0.855556 0.868229 0.852778 0.869792 0.848148 0.867708 0.844444 0.867188 0.842593 0.867188 0.840741 0.867708 0.836111 0.866667 0.833333 0.866667 0.830556 0.866146 0.829630 0.866146 0.827778 0.867188 0.825926 0.867708 0.824074 0.866667 0.820370 0.866146 0.808333 0.866667 0.804630 0.865625 0.800000 0.866667 0.797222 0.865625 0.793519 0.865104 0.789815 0.864583 0.786111 0.865625 0.782407 0.864583 0.774074 0.864583 0.771296 0.865625 0.768519 0.864583 0.762037 0.863542 0.759259 0.863542 0.757407 0.864062 0.750926 0.863021 0.748148 0.862500 0.731481 0.863021 0.725000 0.863021 0.723148 0.862500 0.709259 0.861979 0.701852 0.861458 0.695370 0.860938 0.693519 0.859896 0.691667 0.859375 0.689815 0.859375 0.687963 0.859896 0.684259 0.859896 0.678704 0.859375 0.670370 0.858333 0.665741 0.857812 0.662963 0.857812 0.661111 0.859375 0.657407 0.857812 0.654630 0.857812 0.652778 0.856771 0.650926 0.856771 0.649074 0.857292 0.648148 0.857812 0.644444 0.857812 0.640741 0.856771 0.635185 0.856771 0.632407 0.857292 0.629630 0.857292 0.626852 0.856771 0.625000 0.855729 0.624074 0.855208 0.621296 0.856250 0.619444 0.854688 0.616667 0.854688 0.614815 0.856250 0.612963 0.852083 0.611111 0.851562 0.609259 0.851562 0.604630 0.852083 0.603704 0.853125 0.601852 0.852083 0.594444 0.851042 0.591667 0.852083 0.588889 0.852083 0.587037 0.851562 0.586111 0.851562 0.583333 0.852604 0.581481 0.851042 0.577778 0.852083 0.574074 0.852083 0.571296 0.853646 0.574074 0.857812 0.575000 0.859375 0.574074 0.857812 0.572222 0.858333 0.569444 0.858854 0.569444 0.859896 0.567593 0.858333 0.565741 0.859375 0.561111 0.858333 0.557407 0.857292 0.555556 0.856250 0.554630 0.852604 0.553704 0.848958 0.553704 0.849479 0.551852 0.850000 0.551852 0.851562 0.549074 0.853646 0.546296 0.855729 0.545370 0.856771 0.543519 0.856771 0.535185 0.857812 0.533333 0.857812 0.529630 0.856250 0.526852 0.853646 0.526852 0.850000 0.527778 0.848958 0.526852 0.848437 0.525000 0.848437 0.518519 0.848958 0.516667 0.851562 0.518519 0.855729 0.518519 0.857292 0.517593 0.857812 0.512963 0.857292 0.512037 0.857292 0.507407 0.858333 0.504630 0.857292 0.502778 0.857292 0.501852 0.855729 0.499074 0.854167 0.499074 0.852604 0.500926 0.851562 0.500926 0.848437 0.500000 0.846875 0.498148 0.846875 0.496296 0.847396 0.490741 0.846875 0.488889 0.846354 0.487037 0.845313 0.485185 0.836979 0.485185 0.836458 0.484259 0.834896 0.484259 0.834896 0.477778 0.835938 0.478704 0.837500 0.479630 0.844792 0.479630 0.846354 0.476852 0.845313 0.474074 0.846354 0.470370 0.846354 0.459259 0.844271 0.455556 0.844271 0.452778 0.845313 0.450000 0.845313 0.446296 0.844792 0.440741 0.845833 0.436111 0.844792 0.431481 0.843229 0.428704 0.842187 0.428704 0.841146 0.427778 0.843750 0.420370 0.843750 0.417593 0.842708 0.414815 0.842708 0.412963 0.843750 0.410185 0.843750 0.407407 0.843229 0.404630 0.842708 0.402778 0.842187 0.401852 0.840104 0.400926 0.841667 0.398148 0.839583 0.395370 0.839583 0.393519 0.840104 0.390741 0.841667 0.391667 0.840625 0.388889 0.840104 0.390741 0.839583 0.393519 0.837500 0.389815 0.839063 0.387963 0.839063 0.386111 0.843750 0.379630 0.845313 0.381481 0.846354 0.379630 0.843750 0.379630 0.839063 0.386111 0.837500 0.383333 0.837500 0.375926 0.836458 0.374074 0.835417 0.374074 0.834896 0.372222 0.836458 0.371296 0.836979 0.370370 0.839063 0.365741 0.839063 0.362037 0.837500 0.359259 0.837500 0.354630 0.838542 0.351852 0.835938 0.342593 0.835938 0.340741 0.836979 0.337963 0.836458 0.333333 0.835417 0.329630 0.835417 0.326852 0.836458 0.324074 0.835938 0.319444 0.834896 0.317593 0.834896 0.315741 0.835938 0.313889 0.835938 0.306481 0.834896 0.304630 0.834896 0.292593 0.833854 0.289815 0.833854 0.287963 0.834375 0.287037 0.834375 0.285185 0.834375 0.280556 0.834375 0.278704 0.833333 0.275926 0.832812 0.269444 0.832812 0.252778 0.832292 0.250926 0.830729 0.248148 0.830208 0.246296 0.830729 0.240741 0.831250 0.234259 0.830208 0.230556 0.830729 0.225926 0.830208 0.223148 0.828646 0.220370 0.829167 0.216667 0.826562 0.212963 0.827604 0.212037 0.828646 0.210185 0.828646 0.208333 0.827604 0.206481 0.828646 0.204630 0.828646 0.194444 0.827083 0.191667 0.827083 0.188889 0.826042 0.186111 0.826042 0.181481 0.825521 0.179630 0.822917 0.175926 0.822917 0.175000 0.821875 0.173148 0.821354 0.171296 0.820833 0.166667 0.818750 0.169444 0.817187 0.169444 0.815104 0.167593 0.814063 0.166667 0.810417 0.170370 0.808854 0.169444 0.807292 0.168519 0.804688 0.165741 0.797917 0.166667 0.795312 0.166667 0.790104 0.165741 0.782292 0.166667 0.776042 0.164815 0.772396 0.165741 0.765104 0.164815 0.759896 0.162963 0.757812 0.162963 0.754687 0.164815 0.750000 0.162963 0.744792 0.163889 0.743229 0.162037 0.741667 0.161111 0.740104 0.161111 0.738542 0.159259 0.736979 0.159259 0.734896 0.162963 0.732812 0.162037 0.732292 0.159259 0.731771 0.158333 0.730729 0.157407 0.730208 0.157407 0.731771 0.156481 0.732292 0.153704 0.733333 0.151852 0.735417 0.150926 0.733333 0.149074 0.731250 0.148148 0.729688 0.148148 0.728125 0.149074 0.727083 0.150926 0.728125 0.151852 0.729167 0.155556 0.730208 0.157407 0.730729 0.157407 0.729688 0.158333 0.728125 0.161111 0.729688 0.163889 0.728646 0.163889 0.728125 0.164815 0.721875 0.163889 0.723437 0.162963 0.724479 0.162963 0.725521 0.161111 0.722396 0.161111 0.723437 0.162963 0.721875 0.163889 0.718750 0.163889 0.710938 0.164815 0.708333 0.162963 0.705729 0.162963 0.703646 0.162037 0.700521 0.160185 0.702604 0.156481 0.703646 0.155556 0.704167 0.153704 0.704688 0.150926 0.703125 0.148148 0.701562 0.151852 0.701562 0.154630 0.702604 0.156481 0.700521 0.160185 0.696875 0.161111 0.690625 0.161111 0.683333 0.160185 0.679167 0.162037 0.678125 0.162037 0.676042 0.160185 0.673438 0.160185 0.671354 0.163889 0.663542 0.163889 0.658333 0.165741 0.657292 0.164815 0.655729 0.163889 0.644792 0.163889 0.636458 0.162963 0.634896 0.162037 0.633854 0.160185 0.628646 0.160185 0.626563 0.162037 0.622917 0.162963 0.619792 0.163889 0.615104 0.163889 0.613021 0.162037 0.605729 0.161111 0.598958 0.161111 0.589583 0.162037 0.580729 0.161111 0.578646 0.159259 0.576042 0.159259 0.567708 0.161111 0.557813 0.160185 0.556250 0.160185 0.552604 0.161111 0.550000 0.158333 0.542188 0.160185 0.529687 0.159259 0.525000 0.159259 0.522917 0.161111 0.520833 0.161111 0.510938 0.160185 0.508333 0.158333 0.508333 0.146296 0.509375 0.145370 0.510417 0.143519 0.509375 0.142593 0.508854 0.141667 0.507292 0.141667 0.506250 0.142593 0.506250 0.145370 0.507292 0.146296 0.508333 0.146296 0.508333 0.158333 0.497396 0.159259 0.495312 0.157407 0.493229 0.157407 0.484896 0.158333 0.481250 0.160185 0.473958 0.160185 0.463021 0.159259 0.461458 0.158333 0.460417 0.156481 0.459375 0.156481 0.457292 0.158333 0.455729 0.158333 0.454167 0.156481 0.452604 0.155556 0.448958 0.157407 0.443750 0.158333 0.436979 0.159259 0.431771 0.159259 0.426042 0.157407 0.418229 0.156481 0.414583 0.158333 0.411458 0.156481 0.403125 0.157407 0.400000 0.156481 0.397396 0.154630 0.394271 0.156481 0.388542 0.156481 0.382812 0.158333 0.375000 0.158333 0.371875 0.157407 0.370312 0.156481 0.366146 0.157407 0.358854 0.155556 0.352604 0.156481 0.351562 0.156481 0.346354 0.156481 0.344271 0.156481 0.340625 0.155556 0.340104 0.156481 0.336979 0.156481 0.330208 0.154630 0.321875 0.154630 0.316146 0.152778 0.311458 0.153704 0.309896 0.153704 0.307292 0.151852 0.304167 0.150926 0.302604 0.150926 0.296875 0.150926 0.292187 0.151852 0.290104 0.153704 0.280729 0.153704 0.279687 0.151852 0.278125 0.151852 0.273958 0.153704 0.263021 0.154630 0.253646 0.154630 0.251563 0.153704 0.250000 0.150926 0.248958 0.150000 0.247917 0.150000 0.246875 0.149074 0.245312 0.146296 0.244271 0.145370 0.238542 0.145370 0.236458 0.144444 0.235417 0.142593 0.234896 0.139815 0.232813 0.140741 0.232813 0.143519 0.232292 0.145370 0.230729 0.146296 0.230208 0.150926 0.228125 0.157407 0.228125 0.164815 0.227083 0.167593 0.226562 0.172222 0.226562 0.174074 0.227604 0.175926 0.229687 0.175926 0.230729 0.176852 0.230729 0.179630 0.229687 0.181481 0.231250 0.185185 0.230208 0.188889 0.230208 0.194444 0.229687 0.199074 0.228646 0.202778 0.228646 0.209259 0.229167 0.211111 0.230208 0.212963 0.229167 0.215741 0.229167 0.217593 0.230729 0.219444 0.228125 0.224074 0.227083 0.225000 0.225000 0.225000 0.223958 0.226852 0.221875 0.224074 0.219792 0.224074 0.218229 0.226852 0.217708 0.228704 0.217188 0.230556 0.216667 0.236111 0.216667 0.237963 0.217708 0.241667 0.219271 0.244444 0.223958 0.245370 0.225521 0.248148 0.226042 0.258333 0.225000 0.261111 0.226042 0.264815 0.226042 0.268519 0.225521 0.272222 0.224479 0.275926 0.223958 0.281481 0.223438 0.286111 0.223438 0.289815 0.224479 0.295370 0.224479 0.299074 0.222917 0.303704 0.217188 0.300000 0.215104 0.296296 0.215625 0.292593 0.214583 0.289815 0.215625 0.286111 0.213542 0.284259 0.212500 0.286111 0.211979 0.299074 0.212500 0.300926 0.212500 0.302778 0.215625 0.300926 0.217188 0.300000 0.222917 0.303704 0.222396 0.310185 0.221875 0.316667 0.222396 0.323148 0.221354 0.327778 0.221354 0.342593 0.220312 0.349074 0.219792 0.350926 0.218229 0.354630 0.218229 0.361111 0.217708 0.365741 0.216667 0.368519 0.216146 0.375926 0.216667 0.382407 0.216146 0.390741 0.215104 0.394444 0.215104 0.403704 0.214583 0.409259 0.214062 0.412963 0.213542 0.413889 0.207292 0.414815 0.207292 0.412963 0.206771 0.410185 0.205208 0.409259 0.205208 0.403704 0.206771 0.403704 0.208333 0.400926 0.208854 0.397222 0.207292 0.391667 0.207292 0.382407 0.206250 0.380556 0.205729 0.382407 0.205208 0.383333 0.205208 0.390741 0.203646 0.396296 0.204167 0.402778 0.205208 0.403704 0.205208 0.409259 0.204687 0.410185 0.203125 0.410185 0.202083 0.414815 0.202083 0.422222 0.201042 0.425000 0.202083 0.433333 0.202083 0.436111 0.201042 0.438889 0.200521 0.442593 0.200521 0.447222 0.201563 0.449074 0.200521 0.449074 0.199479 0.450000 0.199479 0.455556 0.203125 0.454630 0.204167 0.452778 0.203125 0.449074 0.203646 0.445370 0.205729 0.441667 0.205208 0.437963 0.203646 0.435185 0.205208 0.432407 0.206771 0.428704 0.207292 0.426852 0.207813 0.425000 0.207292 0.422222 0.205208 0.418519 0.205729 0.416667 0.206250 0.416667 0.207292 0.414815 0.213542 0.413889 0.213542 0.415741 0.214062 0.422222 0.213542 0.430556 0.211979 0.437963 0.211979 0.447222 0.210938 0.453704 0.210938 0.456481 0.211979 0.462037 0.210938 0.467593 0.209375 0.482407 0.209375 0.487963 0.209896 0.488889 0.209896 0.494444 0.207813 0.500926 0.207292 0.504630 0.207292 0.510185 0.206771 0.512037 0.204687 0.513889 0.202604 0.513889 0.201563 0.515741 0.201042 0.517593 0.200000 0.518519 0.198958 0.520370 0.198437 0.524074 0.198958 0.535185 0.198437 0.543519 0.198958 0.546296 0.200521 0.550000 0.202083 0.552778 0.203125 0.552778 0.204687 0.559259 0.204167 0.561111 0.203646 0.563889 0.203646 0.567593 0.202604 0.570370 0.202083 0.575000 0.202083 0.580556 0.201042 0.584259 0.200521 0.594444 0.200000 0.603704 0.200000 0.614815 0.199479 0.620370 0.192708 0.622222 0.190104 0.619444 0.189062 0.618519 0.189062 0.613889 0.190625 0.613889 0.191667 0.612037 0.192188 0.609259 0.193750 0.607407 0.194792 0.605556 0.194792 0.601852 0.193750 0.598148 0.193750 0.591667 0.192188 0.588889 0.188542 0.589815 0.188542 0.590741 0.188542 0.595370 0.188021 0.612037 0.189062 0.613889 0.189062 0.618519 0.188542 0.620370 0.188021 0.621296 0.188021 0.625926 0.186458 0.630556 0.185417 0.633333 0.186458 0.634259 0.186979 0.635185 0.189583 0.635185 0.190625 0.633333 0.190625 0.629630 0.189583 0.626852 0.190625 0.624074 0.191667 0.624074 0.192708 0.622222 0.199479 0.620370 0.197917 0.631481 0.197917 0.648148 0.196875 0.651852 0.196354 0.657407 0.196354 0.664815 0.195833 0.673148 0.193750 0.677778 0.193750 0.679630 0.194271 0.692593 0.193229 0.696296 0.186979 0.688889 0.185417 0.686111 0.185417 0.684259 0.186458 0.682407 0.185417 0.679630 0.184375 0.681481 0.185417 0.684259 0.185417 0.686111 0.183854 0.688889 0.185417 0.690741 0.186979 0.688889 0.193229 0.696296 0.193229 0.707407 0.192188 0.714815 0.192188 0.725000 0.190625 0.733333 0.190625 0.742593 0.190104 0.747222 0.189062 0.750926 0.189583 0.755556 0.189062 0.756481 0.189062 0.760185 0.189583 0.761111 0.189583 0.763889 0.189062 0.764815 0.189583 0.767593 0.188542 0.772222 0.188542 0.776852 0.188021 0.781481 0.186979 0.785185 0.186458 0.799074 0.179167 0.800000 0.179167 0.795370 0.177083 0.794444 0.178125 0.792593 0.179167 0.791667 0.179167 0.790741 0.177604 0.787963 0.177083 0.790741 0.178125 0.792593 0.177083 0.794444 0.175521 0.795370 0.174479 0.797222 0.173958 0.800000 0.174479 0.802778 0.176042 0.803704 0.178125 0.801852 0.179167 0.800000 0.186458 0.799074 0.186458 0.811111 0.185417 0.815741 0.185417 0.825000 0.184896 0.832407 0.183854 0.837037 0.183854 0.852778 0.182812 0.858333 0.182292 0.866667 0.182812 0.877778 0.182812 0.882407 0.182292 0.887963 0.181250 0.893519 0.180729 0.899074 0.180729 0.914815 0.180208 0.925926 0.179167 0.930556 0.178646 0.939815 0.178646 0.948148 0.177604 0.954630 0.177604 0.962963 0.176563 0.970370 0.176563 0.974074 0.177604 0.979630 0.178125 0.981481 0.179167 0.983333 0.181771 0.984259 0.188021 0.983333 0.189062 0.983333 0.190625 0.984259 0.191667 0.986111 0.193750 0.987037 0.192708 0.988889 0.191667 0.988889 0.192188 0.992593 0.193229 0.992593 0.196354 0.991667 0.199479 0.988889 0.205208 0.988889 0.207292 0.987963 0.209896 0.985185 0.215625 0.986111 0.216667 0.984259 0.217708 0.986111 0.220312 0.986111 0.222917 0.988889 0.225000 0.988889 0.226042 0.987037 0.228125 0.987037 0.229687 0.988889 0.231771 0.988889 0.234375 0.986111 0.236458 0.986111 0.237500 0.984259 0.240104 0.987037 0.242188 0.987037 0.243750 0.988889 0.244792 0.988889 0.246875 0.986111 0.247917 0.986111 0.251042 0.988889 0.252604 0.987963 0.253646 0.986111 0.256771 0.986111 0.258333 0.988889 0.260417 0.987037 0.261979 0.987037 0.264583 0.984259 0.266146 0.984259 0.267708 0.986111 0.278125 0.986111 0.279167 0.989815 0.281250 0.987037 0.283333 0.987037 0.285417 0.992593 0.284896 0.994444 0.285938 0.996296 0.286979 0.993519 0.285417 0.992593 0.283333 0.987037 0.284375 0.984259 0.285938 0.983333 0.286979 0.984259 0.288021 0.984259 0.289062 0.986111 0.291667 0.986111 0.297917 0.985185 0.304167 0.986111 0.306250 0.987963 0.307812 0.987963 0.310417 0.986111 0.311458 0.987037 0.313021 0.987963 0.314063 0.988889 0.316146 0.986111 0.318229 0.986111 0.319792 0.984259 0.326562 0.983333 0.329167 0.983333 0.332292 0.986111 0.333854 0.987037 0.341146 0.987963 0.342187 0.987963 0.347396 0.987037 0.350000 0.986111 0.352083 0.984259 0.354167 0.983333 0.357812 0.983333 0.363542 0.984259 0.365104 0.986111 0.368229 0.986111 0.369792 0.984259 0.370833 0.987037 0.373958 0.987037 0.375000 0.988889 0.375000 0.989815 0.376042 0.991667 0.375521 0.993519 0.376042 0.996296 0.377083 0.999074 0.359896 0.998148 0.358333 0.998148 0.352083 0.997222 0.318229 0.998148 0.316667 0.998148 0.310937 0.996296 0.309896 0.997222 0.309375 0.997222 0.308854 0.999074 0.255208 0.996296 0.249479 0.998148 0.246354 0.998148 0.227083 0.997222 0.139063 0.999074 0.139583 0.996296 0.140104 0.994444 0.142187 0.992593 0.143750 0.991667 0.145313 0.990741 0.147917 0.990741 0.148958 0.989815 0.154688 0.979630 0.155208 0.977778 0.155729 0.974074 0.155729 0.968519 0.156771 0.963889 0.156771 0.950000 0.157292 0.937037 0.157812 0.926852 0.158333 0.917593 0.159375 0.912037 0.159375 0.900926 0.159896 0.891667 0.160938 0.886111 0.160938 0.875926 0.161979 0.873148 0.161979 0.868519 0.161458 0.867593 0.161458 0.862963 0.162500 0.856481 0.162500 0.848148 0.163542 0.846296 0.163542 0.837037 0.164583 0.829630 0.165104 0.821296 0.165104 0.804630 0.165625 0.796296 0.167187 0.787037 0.167708 0.777778 0.167708 0.767593 0.168229 0.761111 0.169271 0.756481 0.169271 0.747222 0.170313 0.741667 0.170313 0.734259 0.171354 0.728704 0.171354 0.717593 0.171875 0.707407 0.172396 0.699074 0.173437 0.690741 0.173437 0.682407 0.174479 0.678704 0.174479 0.669444 0.175000 0.665741 0.176042 0.662963 0.176042 0.656481 0.177083 0.650926 0.177083 0.639815 0.178125 0.632407 0.178125 0.624074 0.179167 0.616667 0.179688 0.609259 0.179688 0.597222 0.180729 0.593519 0.180729 0.588889 0.182292 0.581481 0.182812 0.577778 0.182292 0.572222 0.182292 0.570370 0.182812 0.562963 0.183333 0.559259 0.183854 0.555556 0.184896 0.551852 0.185417 0.550000 0.184896 0.542593 0.185417 0.532407 0.185938 0.524074 0.186458 0.516667 0.186979 0.510185 0.187500 0.502778 0.189062 0.494444 0.188542 0.489815 0.188542 0.487963 0.189583 0.483333 0.189583 0.475926 0.190625 0.471296 0.191146 0.464815 0.190625 0.460185 0.191667 0.456481 0.192188 0.449074 0.192708 0.434259 0.193750 0.426852 0.193750 0.416667 0.194271 0.405556 0.195312 0.400926 0.195833 0.390741 0.196875 0.386111 0.197396 0.381481 0.197396 0.375926 0.198958 0.367593 0.198958 0.359259 0.199479 0.351852 0.201563 0.331481 0.202083 0.316667 0.202604 0.308333 0.203646 0.302778 0.203125 0.295370 0.204167 0.290741 0.204167 0.280556 0.205208 0.275926 0.205208 0.270370 0.205729 0.265741 0.207292 0.259259 0.207292 0.249074 0.207813 0.239815 0.208854 0.234259 0.209375 0.227778 0.209375 0.220370 0.209896 0.212963 0.210938 0.209259 0.211979 0.200926 0.211979 0.188889 0.213021 0.181481 0.213021 0.173148 0.213542 0.165741 0.214062 0.157407 0.215104 0.153704 0.215104 0.146296 0.211458 0.139815 0.210417 0.134259 0.207813 0.131481 0.206250 0.130556 0.205729 0.129630 0.205208 0.127778 0.205208 0.123148 0.206250 0.121296 0.208333 0.119444 0.216667 0.118519 0.217188 0.115741 0.218750 0.113889 0.219792 0.108333 0.219792 0.102778 0.220312 0.101852 0.220312 0.098148 0.222396 0.096296 0.223958 0.095370
2 0.847396 0.484259 0.846875 0.486111 0.846354 0.488889 0.845833 0.491667 0.845313 0.495370 0.844792 0.500000 0.844792 0.504630 0.845313 0.508333 0.846354 0.511111 0.846354 0.515741 0.847396 0.520370 0.847396 0.525926 0.848437 0.530556 0.848437 0.533333 0.848437 0.538889 0.848437 0.540741 0.847917 0.541667 0.847917 0.543519 0.848437 0.550926 0.849479 0.556481 0.850000 0.560185 0.848958 0.562037 0.848437 0.563889 0.850000 0.566667 0.850521 0.568519 0.850521 0.576852 0.851042 0.580556 0.851562 0.583333 0.852083 0.585185 0.853646 0.587037 0.854688 0.587963 0.855729 0.588889 0.858854 0.589815 0.859896 0.588889 0.860938 0.587963 0.862500 0.586111 0.864062 0.583333 0.864583 0.581481 0.864583 0.570370 0.862500 0.567593 0.861979 0.561111 0.861458 0.554630 0.860938 0.547222 0.860938 0.544444 0.861458 0.538889 0.860417 0.530556 0.860938 0.526852 0.860938 0.525000 0.859896 0.519444 0.859375 0.510185 0.859375 0.505556 0.859896 0.496296 0.858854 0.492593 0.858854 0.486111 0.857812 0.484259 0.856250 0.483333 0.847396 0.484259
