8 0.490729 0.541019 0.491969 0.479130 0.457448 0.476963 0.458057 0.455778 0.491969 0.456861 0.493188 0.397120 0.506021 0.397120 0.505411 0.459037 0.537917 0.461204 0.537812 0.483241 0.503880 0.480759 0.503594 0.539444
1 0.457813 0.732407 0.456250 0.733333 0.455208 0.734259 0.453646 0.737037 0.453125 0.738889 0.452604 0.741667 0.452604 0.747222 0.453646 0.751852 0.455208 0.754630 0.456250 0.755556 0.457813 0.756481 0.460938 0.756481 0.463542 0.754630 0.465104 0.751852 0.466146 0.747222 0.466146 0.741667 0.465625 0.738889 0.465104 0.737037 0.463542 0.734259 0.460938 0.732407 0.457813 0.732407
8 0.490729 0.541019 0.491969 0.479130 0.457448 0.476963 0.458057 0.455778 0.491969 0.456861 0.493188 0.397120 0.506021 0.397120 0.505411 0.459037 0.537917 0.461204 0.537812 0.483241 0.503880 0.480759 0.503594 0.539444
0 0.165104 0.883333 0.161458 0.884259 0.159896 0.885185 0.158333 0.886111 0.156771 0.888889 0.156250 0.890741 0.155729 0.892593 0.155208 0.895370 0.155208 0.900000 0.155729 0.905556 0.156250 0.909259 0.156771 0.911111 0.157292 0.912963 0.157812 0.913889 0.158854 0.914815 0.160417 0.915741 0.164062 0.915741 0.166146 0.914815 0.168750 0.912037 0.170313 0.909259 0.171354 0.906481 0.171875 0.904630 0.172396 0.902778 0.172396 0.899074 0.172917 0.898148 0.172917 0.895370 0.170833 0.887963 0.169271 0.885185 0.168229 0.884259 0.166667 0.884259 0.166146 0.883333 0.165104 0.883333
0 0.546875 0.559259 0.543750 0.560185 0.541146 0.562963 0.540104 0.564815 0.539583 0.566667 0.539583 0.577778 0.540104 0.580556 0.540625 0.582407 0.541667 0.584259 0.542708 0.584259 0.544271 0.587037 0.545312 0.587963 0.549479 0.587963 0.551042 0.587037 0.552604 0.585185 0.556250 0.578704 0.556771 0.574074 0.556771 0.569444 0.556250 0.567593 0.555208 0.564815 0.554167 0.562963 0.552604 0.561111 0.551562 0.560185 0.547917 0.559259 0.546875 0.559259
1 0.342708 0.635185 0.341146 0.636111 0.340104 0.637037 0.338542 0.639815 0.338021 0.641667 0.337500 0.644444 0.337500 0.650000 0.338542 0.654630 0.340104 0.657407 0.341146 0.658333 0.342708 0.659259 0.345833 0.659259 0.348438 0.657407 0.350000 0.654630 0.351042 0.650000 0.351042 0.644444 0.350521 0.641667 0.350000 0.639815 0.348438 0.637037 0.345833 0.635185 0.342708 0.635185
1 0.506771 0.340741 0.505208 0.341667 0.504167 0.342593 0.502604 0.345370 0.502083 0.347222 0.501563 0.350000 0.501563 0.355556 0.502604 0.360185 0.504167 0.362963 0.505208 0.363889 0.506771 0.364815 0.509896 0.364815 0.512500 0.362963 0.514062 0.360185 0.515104 0.355556 0.515104 0.350000 0.514583 0.347222 0.514062 0.345370 0.512500 0.342593 0.509896 0.340741 0.506771 0.340741
1 0.468750 0.496296 0.467187 0.497222 0.466146 0.498148 0.464583 0.500926 0.464062 0.502778 0.463542 0.505556 0.463542 0.511111 0.464583 0.515741 0.466146 0.518519 0.467187 0.519444 0.468750 0.520370 0.471875 0.520370 0.474479 0.518519 0.476042 0.515741 0.477083 0.511111 0.477083 0.505556 0.476562 0.502778 0.476042 0.500926 0.474479 0.498148 0.471875 0.496296 0.468750 0.496296
1 0.818750 0.625926 0.817187 0.626852 0.816146 0.627778 0.814583 0.630556 0.814063 0.632407 0.813542 0.635185 0.813542 0.640741 0.814583 0.645370 0.816146 0.648148 0.817187 0.649074 0.818750 0.650000 0.821875 0.650000 0.824479 0.648148 0.826042 0.645370 0.827083 0.640741 0.827083 0.635185 0.826562 0.632407 0.826042 0.630556 0.824479 0.627778 0.821875 0.625926 0.818750 0.625926
1 0.645312 0.566667 0.643750 0.567593 0.642708 0.568519 0.641146 0.571296 0.640625 0.573148 0.640104 0.575926 0.640104 0.581481 0.641146 0.586111 0.642708 0.588889 0.643750 0.589815 0.645312 0.590741 0.648438 0.590741 0.651042 0.588889 0.652604 0.586111 0.653646 0.581481 0.653646 0.575926 0.653125 0.573148 0.652604 0.571296 0.651042 0.568519 0.648438 0.566667 0.645312 0.566667
1 0.161979 0.840741 0.160417 0.841667 0.159375 0.842593 0.157812 0.845370 0.157292 0.847222 0.156771 0.850000 0.156771 0.855556 0.157812 0.860185 0.159375 0.862963 0.160417 0.863889 0.161979 0.864815 0.165104 0.864815 0.167708 0.862963 0.169271 0.860185 0.170313 0.855556 0.170313 0.850000 0.169792 0.847222 0.169271 0.845370 0.167708 0.842593 0.165104 0.840741 0.161979 0.840741
1 0.509375 0.824074 0.507812 0.825000 0.506771 0.825926 0.505208 0.828704 0.504687 0.830556 0.504167 0.833333 0.504167 0.838889 0.505208 0.843519 0.506771 0.846296 0.507812 0.847222 0.509375 0.848148 0.512500 0.848148 0.515104 0.846296 0.516667 0.843519 0.517708 0.838889 0.517708 0.833333 0.517188 0.830556 0.516667 0.828704 0.515104 0.825926 0.512500 0.824074 0.509375 0.824074
1 0.451562 0.835185 0.450000 0.836111 0.448958 0.837037 0.447396 0.839815 0.446875 0.841667 0.446354 0.844444 0.446354 0.850000 0.447396 0.854630 0.448958 0.857407 0.450000 0.858333 0.451562 0.859259 0.454688 0.859259 0.457292 0.857407 0.458854 0.854630 0.459896 0.850000 0.459896 0.844444 0.459375 0.841667 0.458854 0.839815 0.457292 0.837037 0.454688 0.835185 0.451562 0.835185
1 0.583854 0.164815 0.582292 0.165741 0.581250 0.166667 0.579688 0.169444 0.579167 0.171296 0.578646 0.174074 0.578646 0.179630 0.579688 0.184259 0.581250 0.187037 0.582292 0.187963 0.583854 0.188889 0.586979 0.188889 0.589583 0.187037 0.591146 0.184259 0.592187 0.179630 0.592187 0.174074 0.591667 0.171296 0.591146 0.169444 0.589583 0.166667 0.586979 0.164815 0.583854 0.164815
1 0.632292 0.169444 0.630729 0.170370 0.629687 0.171296 0.628125 0.174074 0.627604 0.175926 0.627083 0.178704 0.627083 0.184259 0.628125 0.188889 0.629687 0.191667 0.630729 0.192593 0.632292 0.193519 0.635417 0.193519 0.638021 0.191667 0.639583 0.188889 0.640625 0.184259 0.640625 0.178704 0.640104 0.175926 0.639583 0.174074 0.638021 0.171296 0.635417 0.169444 0.632292 0.169444
1 0.220833 0.057407 0.219271 0.058333 0.218229 0.059259 0.216667 0.062037 0.216146 0.063889 0.215625 0.066667 0.215625 0.072222 0.216667 0.076852 0.218229 0.079630 0.219271 0.080556 0.220833 0.081481 0.223958 0.081481 0.226562 0.079630 0.228125 0.076852 0.229167 0.072222 0.229167 0.066667 0.228646 0.063889 0.228125 0.062037 0.226562 0.059259 0.223958 0.057407 0.220833 0.057407
