0 0.392188 0.870370 0.389583 0.872222 0.387500 0.875926 0.386979 0.877778 0.386458 0.880556 0.386458 0.884259 0.386979 0.887037 0.387500 0.888889 0.389583 0.892593 0.392188 0.894444 0.395313 0.894444 0.397917 0.892593 0.400000 0.888889 0.400521 0.887037 0.401042 0.884259 0.401042 0.880556 0.400521 0.877778 0.400000 0.875926 0.397917 0.872222 0.395313 0.870370 0.392188 0.870370
1 0.466146 0.501852 0.464583 0.502778 0.463542 0.503704 0.461979 0.506481 0.461458 0.508333 0.460938 0.511111 0.460938 0.516667 0.461979 0.521296 0.463542 0.524074 0.464583 0.525000 0.466146 0.525926 0.469271 0.525926 0.471875 0.524074 0.473438 0.521296 0.474479 0.516667 0.474479 0.511111 0.473958 0.508333 0.473438 0.506481 0.471875 0.503704 0.469271 0.501852 0.466146 0.501852
1 0.272917 0.375926 0.271354 0.376852 0.270313 0.377778 0.268750 0.380556 0.268229 0.382407 0.267708 0.385185 0.267708 0.390741 0.268750 0.395370 0.270313 0.398148 0.271354 0.399074 0.272917 0.400000 0.276042 0.400000 0.278646 0.398148 0.280208 0.395370 0.281250 0.390741 0.281250 0.385185 0.280729 0.382407 0.280208 0.380556 0.278646 0.377778 0.276042 0.375926 0.272917 0.375926
1 0.206771 0.344444 0.205208 0.345370 0.204167 0.346296 0.202604 0.349074 0.202083 0.350926 0.201563 0.353704 0.201563 0.359259 0.202604 0.363889 0.204167 0.366667 0.205208 0.367593 0.206771 0.368519 0.209896 0.368519 0.212500 0.366667 0.214062 0.363889 0.215104 0.359259 0.215104 0.353704 0.214583 0.350926 0.214062 0.349074 0.212500 0.346296 0.209896 0.344444 0.206771 0.344444
1 0.284896 0.789815 0.283333 0.790741 0.282292 0.791667 0.280729 0.794444 0.280208 0.796296 0.279687 0.799074 0.279687 0.804630 0.280729 0.809259 0.282292 0.812037 0.283333 0.812963 0.284896 0.813889 0.288021 0.813889 0.290625 0.812037 0.292187 0.809259 0.293229 0.804630 0.293229 0.799074 0.292708 0.796296 0.292187 0.794444 0.290625 0.791667 0.288021 0.789815 0.284896 0.789815
1 0.486979 0.871296 0.485417 0.872222 0.484375 0.873148 0.482812 0.875926 0.482292 0.877778 0.481771 0.880556 0.481771 0.886111 0.482812 0.890741 0.484375 0.893519 0.485417 0.894444 0.486979 0.895370 0.490104 0.895370 0.492708 0.893519 0.494271 0.890741 0.495312 0.886111 0.495312 0.880556 0.494792 0.877778 0.494271 0.875926 0.492708 0.873148 0.490104 0.871296 0.486979 0.871296
8 0.490729 0.541019 0.491969 0.479130 0.457448 0.476963 0.458057 0.455778 0.491969 0.456861 0.493188 0.397120 0.506021 0.397120 0.505411 0.459037 0.537917 0.461204 0.537812 0.483241 0.503880 0.480759 0.503594 0.539444
8 0.490729 0.541019 0.491969 0.479130 0.457448 0.476963 0.458057 0.455778 0.491969 0.456861 0.493188 0.397120 0.506021 0.397120 0.505411 0.459037 0.537917 0.461204 0.537812 0.483241 0.503880 0.480759 0.503594 0.539444
1 0.287500 0.214815 0.285938 0.215741 0.284896 0.216667 0.283333 0.219444 0.282813 0.221296 0.282292 0.224074 0.282292 0.229630 0.283333 0.234259 0.284896 0.237037 0.285938 0.237963 0.287500 0.238889 0.290625 0.238889 0.293229 0.237037 0.294792 0.234259 0.295833 0.229630 0.295833 0.224074 0.295312 0.221296 0.294792 0.219444 0.293229 0.216667 0.290625 0.214815 0.287500 0.214815
1 0.622396 0.064815 0.620833 0.065741 0.619792 0.066667 0.618229 0.069444 0.617708 0.071296 0.617188 0.074074 0.617188 0.079630 0.618229 0.084259 0.619792 0.087037 0.620833 0.087963 0.622396 0.088889 0.625521 0.088889 0.628125 0.087037 0.629687 0.084259 0.630729 0.079630 0.630729 0.074074 0.630208 0.071296 0.629687 0.069444 0.628125 0.066667 0.625521 0.064815 0.622396 0.064815
1 0.801042 0.875000 0.799479 0.875926 0.798438 0.876852 0.796875 0.879630 0.796354 0.881481 0.795833 0.884259 0.795833 0.889815 0.796875 0.894444 0.798438 0.897222 0.799479 0.898148 0.801042 0.899074 0.804167 0.899074 0.806771 0.897222 0.808333 0.894444 0.809375 0.889815 0.809375 0.884259 0.808854 0.881481 0.808333 0.879630 0.806771 0.876852 0.804167 0.875000 0.801042 0.875000
1 0.559375 0.818519 0.557813 0.819444 0.556771 0.820370 0.555208 0.823148 0.554688 0.825000 0.554167 0.827778 0.554167 0.833333 0.555208 0.837963 0.556771 0.840741 0.557813 0.841667 0.559375 0.842593 0.562500 0.842593 0.565104 0.840741 0.566667 0.837963 0.567708 0.833333 0.567708 0.827778 0.567187 0.825000 0.566667 0.823148 0.565104 0.820370 0.562500 0.818519 0.559375 0.818519
1 0.767188 0.324074 0.765625 0.325000 0.764583 0.325926 0.763021 0.328704 0.762500 0.330556 0.761979 0.333333 0.761979 0.338889 0.763021 0.343519 0.764583 0.346296 0.765625 0.347222 0.767188 0.348148 0.770312 0.348148 0.772917 0.346296 0.774479 0.343519 0.775521 0.338889 0.775521 0.333333 0.775000 0.330556 0.774479 0.328704 0.772917 0.325926 0.770312 0.324074 0.767188 0.324074
0 0.533333 0.551852 0.532292 0.552778 0.531250 0.553704 0.529687 0.556481 0.529167 0.558333 0.528646 0.561111 0.528646 0.566667 0.529167 0.569444 0.529687 0.571296 0.531250 0.574074 0.532292 0.575000 0.533333 0.575926 0.535937 0.575926 0.537500 0.575000 0.538542 0.574074 0.540104 0.571296 0.540625 0.569444 0.541146 0.566667 0.541146 0.561111 0.540625 0.558333 0.540104 0.556481 0.538542 0.553704 0.537500 0.552778 0.535937 0.551852 0.533333 0.551852
1 0.652604 0.588889 0.651042 0.589815 0.650000 0.590741 0.648438 0.593519 0.647917 0.595370 0.647396 0.598148 0.647396 0.603704 0.648438 0.608333 0.650000 0.611111 0.651042 0.612037 0.652604 0.612963 0.655729 0.612963 0.658333 0.611111 0.659896 0.608333 0.660937 0.603704 0.660937 0.598148 0.660417 0.595370 0.659896 0.593519 0.658333 0.590741 0.655729 0.588889 0.652604 0.588889
1 0.748958 0.524074 0.747396 0.525000 0.746354 0.525926 0.744792 0.528704 0.744271 0.530556 0.743750 0.533333 0.743750 0.538889 0.744792 0.543519 0.746354 0.546296 0.747396 0.547222 0.748958 0.548148 0.752083 0.548148 0.754687 0.546296 0.756250 0.543519 0.757292 0.538889 0.757292 0.533333 0.756771 0.530556 0.756250 0.528704 0.754687 0.525926 0.752083 0.524074 0.748958 0.524074
