8 0.490729 0.541019 0.491969 0.479130 0.457448 0.476963 0.458057 0.455778 0.491969 0.456861 0.493188 0.397120 0.506021 0.397120 0.505411 0.459037 0.537917 0.461204 0.537812 0.483241 0.503880 0.480759 0.503594 0.539444
1 0.205208 0.600000 0.203646 0.600926 0.202604 0.601852 0.201042 0.604630 0.200521 0.606481 0.200000 0.609259 0.200000 0.614815 0.201042 0.619444 0.202604 0.622222 0.203646 0.623148 0.205208 0.624074 0.208333 0.624074 0.210938 0.622222 0.212500 0.619444 0.213542 0.614815 0.213542 0.609259 0.213021 0.606481 0.212500 0.604630 0.210938 0.601852 0.208333 0.600000 0.205208 0.600000
1 0.408333 0.758333 0.406771 0.759259 0.405729 0.760185 0.404167 0.762963 0.403646 0.764815 0.403125 0.767593 0.403125 0.773148 0.404167 0.777778 0.405729 0.780556 0.406771 0.781481 0.408333 0.782407 0.411458 0.782407 0.414062 0.780556 0.415625 0.777778 0.416667 0.773148 0.416667 0.767593 0.416146 0.764815 0.415625 0.762963 0.414062 0.760185 0.411458 0.758333 0.408333 0.758333
1 0.421354 0.899074 0.419792 0.900000 0.418750 0.900926 0.417187 0.903704 0.416667 0.905556 0.416146 0.908333 0.416146 0.913889 0.417187 0.918519 0.418750 0.921296 0.419792 0.922222 0.421354 0.923148 0.424479 0.923148 0.427083 0.921296 0.428646 0.918519 0.429688 0.913889 0.429688 0.908333 0.429167 0.905556 0.428646 0.903704 0.427083 0.900926 0.424479 0.899074 0.421354 0.899074
1 0.455729 0.712037 0.454167 0.712963 0.453125 0.713889 0.451562 0.716667 0.451042 0.718519 0.450521 0.721296 0.450521 0.726852 0.451562 0.731481 0.453125 0.734259 0.454167 0.735185 0.455729 0.736111 0.458854 0.736111 0.461458 0.734259 0.463021 0.731481 0.464062 0.726852 0.464062 0.721296 0.463542 0.718519 0.463021 0.716667 0.461458 0.713889 0.458854 0.712037 0.455729 0.712037
1 0.468750 0.496296 0.467187 0.497222 0.466146 0.498148 0.464583 0.500926 0.464062 0.502778 0.463542 0.505556 0.463542 0.511111 0.464583 0.515741 0.466146 0.518519 0.467187 0.519444 0.468750 0.520370 0.471875 0.520370 0.474479 0.518519 0.476042 0.515741 0.477083 0.511111 0.477083 0.505556 0.476562 0.502778 0.476042 0.500926 0.474479 0.498148 0.471875 0.496296 0.468750 0.496296
1 0.505208 0.348148 0.503646 0.349074 0.502604 0.350000 0.501042 0.352778 0.500521 0.354630 0.500000 0.357407 0.500000 0.362963 0.501042 0.367593 0.502604 0.370370 0.503646 0.371296 0.505208 0.372222 0.508333 0.372222 0.510938 0.370370 0.512500 0.367593 0.513542 0.362963 0.513542 0.357407 0.513021 0.354630 0.512500 0.352778 0.510938 0.350000 0.508333 0.348148 0.505208 0.348148
1 0.552083 0.358333 0.550521 0.359259 0.549479 0.360185 0.547917 0.362963 0.547396 0.364815 0.546875 0.367593 0.546875 0.373148 0.547917 0.377778 0.549479 0.380556 0.550521 0.381481 0.552083 0.382407 0.555208 0.382407 0.557813 0.380556 0.559375 0.377778 0.560417 0.373148 0.560417 0.367593 0.559896 0.364815 0.559375 0.362963 0.557813 0.360185 0.555208 0.358333 0.552083 0.358333
1 0.818750 0.627778 0.817187 0.628704 0.816146 0.629630 0.814583 0.632407 0.814063 0.634259 0.813542 0.637037 0.813542 0.642593 0.814583 0.647222 0.816146 0.650000 0.817187 0.650926 0.818750 0.651852 0.821875 0.651852 0.824479 0.650000 0.826042 0.647222 0.827083 0.642593 0.827083 0.637037 0.826562 0.634259 0.826042 0.632407 0.824479 0.629630 0.821875 0.627778 0.818750 0.627778
1 0.652604 0.127778 0.651042 0.128704 0.650000 0.129630 0.648438 0.132407 0.647917 0.134259 0.647396 0.137037 0.647396 0.142593 0.648438 0.147222 0.650000 0.150000 0.651042 0.150926 0.652604 0.151852 0.655729 0.151852 0.658333 0.150000 0.659896 0.147222 0.660937 0.142593 0.660937 0.137037 0.660417 0.134259 0.659896 0.132407 0.658333 0.129630 0.655729 0.127778 0.652604 0.127778
1 0.536458 0.149074 0.534896 0.150000 0.533854 0.150926 0.532292 0.153704 0.531771 0.155556 0.531250 0.158333 0.531250 0.163889 0.532292 0.168519 0.533854 0.171296 0.534896 0.172222 0.536458 0.173148 0.539583 0.173148 0.542188 0.171296 0.543750 0.168519 0.544792 0.163889 0.544792 0.158333 0.544271 0.155556 0.543750 0.153704 0.542188 0.150926 0.539583 0.149074 0.536458 0.149074
1 0.220833 0.057407 0.219271 0.058333 0.218229 0.059259 0.216667 0.062037 0.216146 0.063889 0.215625 0.066667 0.215625 0.072222 0.216667 0.076852 0.218229 0.079630 0.219271 0.080556 0.220833 0.081481 0.223958 0.081481 0.226562 0.079630 0.228125 0.076852 0.229167 0.072222 0.229167 0.066667 0.228646 0.063889 0.228125 0.062037 0.226562 0.059259 0.223958 0.057407 0.220833 0.057407
8 0.490729 0.541019 0.491969 0.479130 0.457448 0.476963 0.458057 0.455778 0.491969 0.456861 0.493188 0.397120 0.506021 0.397120 0.505411 0.459037 0.537917 0.461204 0.537812 0.483241 0.503880 0.480759 0.503594 0.539444
1 0.161979 0.840741 0.160417 0.841667 0.159375 0.842593 0.157812 0.845370 0.157292 0.847222 0.156771 0.850000 0.156771 0.855556 0.157812 0.860185 0.159375 0.862963 0.160417 0.863889 0.161979 0.864815 0.165104 0.864815 0.167708 0.862963 0.169271 0.860185 0.170313 0.855556 0.170313 0.850000 0.169792 0.847222 0.169271 0.845370 0.167708 0.842593 0.165104 0.840741 0.161979 0.840741
0 0.162500 0.884259 0.158854 0.886111 0.157812 0.887037 0.156771 0.888889 0.155208 0.894444 0.155208 0.903704 0.155729 0.906481 0.156771 0.911111 0.158333 0.913889 0.159375 0.914815 0.160938 0.915741 0.164062 0.915741 0.165625 0.914815 0.166667 0.913889 0.167708 0.912963 0.169271 0.911111 0.170313 0.909259 0.171875 0.904630 0.172396 0.901852 0.172917 0.896296 0.172396 0.894444 0.171875 0.891667 0.171354 0.889815 0.170833 0.887963 0.169271 0.885185 0.168229 0.884259 0.162500 0.884259
0 0.544271 0.560185 0.541146 0.562963 0.540104 0.564815 0.539583 0.566667 0.539583 0.577778 0.540625 0.583333 0.541667 0.584259 0.543229 0.585185 0.544792 0.587963 0.550000 0.587963 0.552083 0.586111 0.555208 0.580556 0.556250 0.575926 0.556771 0.571296 0.556250 0.567593 0.552604 0.561111 0.551042 0.560185 0.544271 0.560185
