1 0.409896 0.722222 0.408333 0.723148 0.407292 0.724074 0.405729 0.726852 0.405208 0.728704 0.404687 0.731481 0.404687 0.737037 0.405729 0.741667 0.407292 0.744444 0.408333 0.745370 0.409896 0.746296 0.413021 0.746296 0.415625 0.744444 0.417187 0.741667 0.418229 0.737037 0.418229 0.731481 0.417708 0.728704 0.417187 0.726852 0.415625 0.724074 0.413021 0.722222 0.409896 0.722222
0 0.483854 0.668519 0.481250 0.670370 0.479167 0.674074 0.478646 0.675926 0.478125 0.678704 0.478125 0.682407 0.478646 0.685185 0.479167 0.687037 0.481250 0.690741 0.483854 0.692593 0.486979 0.692593 0.489583 0.690741 0.491667 0.687037 0.492188 0.685185 0.492708 0.682407 0.492708 0.678704 0.492188 0.675926 0.491667 0.674074 0.489583 0.670370 0.486979 0.668519 0.483854 0.668519
0 0.461458 0.652778 0.458854 0.654630 0.457813 0.656481 0.457813 0.657407 0.456250 0.660185 0.455729 0.662963 0.455729 0.667593 0.456771 0.671296 0.457813 0.673148 0.458854 0.675000 0.461458 0.676852 0.465625 0.676852 0.468229 0.675000 0.469271 0.673148 0.470313 0.671296 0.470833 0.669444 0.471354 0.667593 0.471354 0.662963 0.470833 0.660185 0.469271 0.657407 0.469271 0.656481 0.468229 0.654630 0.465625 0.652778 0.461458 0.652778
1 0.514062 0.725926 0.512500 0.726852 0.511458 0.727778 0.509896 0.730556 0.509375 0.732407 0.508854 0.735185 0.508854 0.740741 0.509896 0.745370 0.511458 0.748148 0.512500 0.749074 0.514062 0.750000 0.517188 0.750000 0.519792 0.748148 0.521354 0.745370 0.522396 0.740741 0.522396 0.735185 0.521875 0.732407 0.521354 0.730556 0.519792 0.727778 0.517188 0.725926 0.514062 0.725926
1 0.667188 0.534259 0.665625 0.535185 0.664583 0.536111 0.663021 0.538889 0.662500 0.540741 0.661979 0.543519 0.661979 0.549074 0.663021 0.553704 0.664583 0.556481 0.665625 0.557407 0.667188 0.558333 0.670312 0.558333 0.672917 0.556481 0.674479 0.553704 0.675521 0.549074 0.675521 0.543519 0.675000 0.540741 0.674479 0.538889 0.672917 0.536111 0.670312 0.534259 0.667188 0.534259
8 0.490729 0.541019 0.491969 0.479130 0.457448 0.476963 0.458057 0.455778 0.491969 0.456861 0.493188 0.397120 0.506021 0.397120 0.505411 0.459037 0.537917 0.461204 0.537812 0.483241 0.503880 0.480759 0.503594 0.539444
8 0.490729 0.541019 0.491969 0.479130 0.457448 0.476963 0.458057 0.455778 0.491969 0.456861 0.493188 0.397120 0.506021 0.397120 0.505411 0.459037 0.537917 0.461204 0.537812 0.483241 0.503880 0.480759 0.503594 0.539444
1 0.285417 0.184259 0.283854 0.185185 0.282813 0.186111 0.281250 0.188889 0.280729 0.190741 0.280208 0.193519 0.280208 0.199074 0.281250 0.203704 0.282813 0.206481 0.283854 0.207407 0.285417 0.208333 0.288542 0.208333 0.291146 0.206481 0.292708 0.203704 0.293750 0.199074 0.293750 0.193519 0.293229 0.190741 0.292708 0.188889 0.291146 0.186111 0.288542 0.184259 0.285417 0.184259
1 0.169271 0.380556 0.167708 0.381481 0.166667 0.382407 0.165104 0.385185 0.164583 0.387037 0.164062 0.389815 0.164062 0.395370 0.165104 0.400000 0.166667 0.402778 0.167708 0.403704 0.169271 0.404630 0.172396 0.404630 0.175000 0.402778 0.176563 0.400000 0.177604 0.395370 0.177604 0.389815 0.177083 0.387037 0.176563 0.385185 0.175000 0.382407 0.172396 0.380556 0.169271 0.380556
1 0.794792 0.897222 0.793229 0.898148 0.792188 0.899074 0.790625 0.901852 0.790104 0.903704 0.789583 0.906481 0.789583 0.912037 0.790625 0.916667 0.792188 0.919444 0.793229 0.920370 0.794792 0.921296 0.797917 0.921296 0.800521 0.919444 0.802083 0.916667 0.803125 0.912037 0.803125 0.906481 0.802604 0.903704 0.802083 0.901852 0.800521 0.899074 0.797917 0.897222 0.794792 0.897222
1 0.618750 0.896296 0.617188 0.897222 0.616146 0.898148 0.614583 0.900926 0.614062 0.902778 0.613542 0.905556 0.613542 0.911111 0.614583 0.915741 0.616146 0.918519 0.617188 0.919444 0.618750 0.920370 0.621875 0.920370 0.624479 0.918519 0.626042 0.915741 0.627083 0.911111 0.627083 0.905556 0.626563 0.902778 0.626042 0.900926 0.624479 0.898148 0.621875 0.896296 0.618750 0.896296
1 0.281250 0.858333 0.279687 0.859259 0.278646 0.860185 0.277083 0.862963 0.276562 0.864815 0.276042 0.867593 0.276042 0.873148 0.277083 0.877778 0.278646 0.880556 0.279687 0.881481 0.281250 0.882407 0.284375 0.882407 0.286979 0.880556 0.288542 0.877778 0.289583 0.873148 0.289583 0.867593 0.289062 0.864815 0.288542 0.862963 0.286979 0.860185 0.284375 0.858333 0.281250 0.858333
1 0.307292 0.900926 0.305729 0.901852 0.304688 0.902778 0.303125 0.905556 0.302604 0.907407 0.302083 0.910185 0.302083 0.915741 0.303125 0.920370 0.304688 0.923148 0.305729 0.924074 0.307292 0.925000 0.310417 0.925000 0.313021 0.923148 0.314583 0.920370 0.315625 0.915741 0.315625 0.910185 0.315104 0.907407 0.314583 0.905556 0.313021 0.902778 0.310417 0.900926 0.307292 0.900926
1 0.368750 0.854630 0.367188 0.855556 0.366146 0.856481 0.364583 0.859259 0.364063 0.861111 0.363542 0.863889 0.363542 0.869444 0.364583 0.874074 0.366146 0.876852 0.367188 0.877778 0.368750 0.878704 0.371875 0.878704 0.374479 0.876852 0.376042 0.874074 0.377083 0.869444 0.377083 0.863889 0.376563 0.861111 0.376042 0.859259 0.374479 0.856481 0.371875 0.854630 0.368750 0.854630
1 0.394271 0.656481 0.392708 0.657407 0.391667 0.658333 0.390104 0.661111 0.389583 0.662963 0.389062 0.665741 0.389062 0.671296 0.390104 0.675926 0.391667 0.678704 0.392708 0.679630 0.394271 0.680556 0.397396 0.680556 0.400000 0.678704 0.401562 0.675926 0.402604 0.671296 0.402604 0.665741 0.402083 0.662963 0.401562 0.661111 0.400000 0.658333 0.397396 0.656481 0.394271 0.656481
