1 0.471875 0.487963 0.470313 0.488889 0.469271 0.489815 0.467708 0.492593 0.467187 0.494444 0.466667 0.497222 0.466667 0.502778 0.467708 0.507407 0.469271 0.510185 0.470313 0.511111 0.471875 0.512037 0.475000 0.512037 0.477604 0.510185 0.479167 0.507407 0.480208 0.502778 0.480208 0.497222 0.479687 0.494444 0.479167 0.492593 0.477604 0.489815 0.475000 0.487963 0.471875 0.487963
1 0.403125 0.505556 0.401562 0.506481 0.400521 0.507407 0.398958 0.510185 0.398438 0.512037 0.397917 0.514815 0.397917 0.520370 0.398958 0.525000 0.400521 0.527778 0.401562 0.528704 0.403125 0.529630 0.406250 0.529630 0.408854 0.527778 0.410417 0.525000 0.411458 0.520370 0.411458 0.514815 0.410938 0.512037 0.410417 0.510185 0.408854 0.507407 0.406250 0.505556 0.403125 0.505556
1 0.273958 0.403704 0.272396 0.404630 0.271354 0.405556 0.269792 0.408333 0.269271 0.410185 0.268750 0.412963 0.268750 0.418519 0.269792 0.423148 0.271354 0.425926 0.272396 0.426852 0.273958 0.427778 0.277083 0.427778 0.279687 0.425926 0.281250 0.423148 0.282292 0.418519 0.282292 0.412963 0.281771 0.410185 0.281250 0.408333 0.279687 0.405556 0.277083 0.403704 0.273958 0.403704
0 0.547917 0.558333 0.546354 0.559259 0.544792 0.560185 0.542188 0.562037 0.541146 0.562963 0.540104 0.564815 0.539583 0.568519 0.539583 0.578704 0.540104 0.581481 0.540625 0.583333 0.541146 0.584259 0.542708 0.585185 0.543750 0.587037 0.544792 0.587963 0.550000 0.587963 0.551562 0.587037 0.555729 0.579630 0.555729 0.576852 0.555729 0.569444 0.555208 0.565741 0.554688 0.563889 0.552083 0.560185 0.548958 0.558333 0.547917 0.558333
0 0.681771 0.119444 0.679688 0.120370 0.677083 0.122222 0.676042 0.124074 0.676042 0.125000 0.674479 0.127778 0.673958 0.129630 0.673438 0.131481 0.673438 0.135185 0.672917 0.136111 0.672917 0.138889 0.673958 0.141667 0.673958 0.146296 0.675521 0.150000 0.676042 0.150926 0.677083 0.151852 0.678125 0.152778 0.683333 0.152778 0.685417 0.151852 0.688542 0.147222 0.690104 0.144444 0.690625 0.142593 0.691146 0.139815 0.691146 0.129630 0.690625 0.126852 0.689583 0.125000 0.688021 0.123148 0.685937 0.120370 0.683854 0.119444 0.681771 0.119444
8 0.490729 0.541019 0.491969 0.479130 0.457448 0.476963 0.458057 0.455778 0.491969 0.456861 0.493188 0.397120 0.506021 0.397120 0.505411 0.459037 0.537917 0.461204 0.537812 0.483241 0.503880 0.480759 0.503594 0.539444
8 0.490729 0.541019 0.491969 0.479130 0.457448 0.476963 0.458057 0.455778 0.491969 0.456861 0.493188 0.397120 0.506021 0.397120 0.505411 0.459037 0.537917 0.461204 0.537812 0.483241 0.503880 0.480759 0.503594 0.539444
1 0.353125 0.857407 0.351562 0.858333 0.350521 0.859259 0.348958 0.862037 0.348438 0.863889 0.347917 0.866667 0.347917 0.872222 0.348958 0.876852 0.350521 0.879630 0.351562 0.880556 0.353125 0.881481 0.356250 0.881481 0.358854 0.879630 0.360417 0.876852 0.361458 0.872222 0.361458 0.866667 0.360938 0.863889 0.360417 0.862037 0.358854 0.859259 0.356250 0.857407 0.353125 0.857407
1 0.448958 0.296296 0.447396 0.297222 0.446354 0.298148 0.444792 0.300926 0.444271 0.302778 0.443750 0.305556 0.443750 0.311111 0.444792 0.315741 0.446354 0.318519 0.447396 0.319444 0.448958 0.320370 0.452083 0.320370 0.454688 0.318519 0.456250 0.315741 0.457292 0.311111 0.457292 0.305556 0.456771 0.302778 0.456250 0.300926 0.454688 0.298148 0.452083 0.296296 0.448958 0.296296
1 0.422917 0.087037 0.421354 0.087963 0.420312 0.088889 0.418750 0.091667 0.418229 0.093519 0.417708 0.096296 0.417708 0.101852 0.418750 0.106481 0.420312 0.109259 0.421354 0.110185 0.422917 0.111111 0.426042 0.111111 0.428646 0.109259 0.430208 0.106481 0.431250 0.101852 0.431250 0.096296 0.430729 0.093519 0.430208 0.091667 0.428646 0.088889 0.426042 0.087037 0.422917 0.087037
1 0.678125 0.076852 0.676562 0.077778 0.675521 0.078704 0.673958 0.081481 0.673438 0.083333 0.672917 0.086111 0.672917 0.091667 0.673958 0.096296 0.675521 0.099074 0.676562 0.100000 0.678125 0.100926 0.681250 0.100926 0.683854 0.099074 0.685417 0.096296 0.686458 0.091667 0.686458 0.086111 0.685937 0.083333 0.685417 0.081481 0.683854 0.078704 0.681250 0.076852 0.678125 0.076852
1 0.175000 0.168519 0.173437 0.169444 0.172396 0.170370 0.170833 0.173148 0.170313 0.175000 0.169792 0.177778 0.169792 0.183333 0.170833 0.187963 0.172396 0.190741 0.173437 0.191667 0.175000 0.192593 0.178125 0.192593 0.180729 0.190741 0.182292 0.187963 0.183333 0.183333 0.183333 0.177778 0.182812 0.175000 0.182292 0.173148 0.180729 0.170370 0.178125 0.168519 0.175000 0.168519
1 0.171875 0.205556 0.170313 0.206481 0.169271 0.207407 0.167708 0.210185 0.167187 0.212037 0.166667 0.214815 0.166667 0.220370 0.167708 0.225000 0.169271 0.227778 0.170313 0.228704 0.171875 0.229630 0.175000 0.229630 0.177604 0.227778 0.179167 0.225000 0.180208 0.220370 0.180208 0.214815 0.179688 0.212037 0.179167 0.210185 0.177604 0.207407 0.175000 0.205556 0.171875 0.205556
1 0.245312 0.719444 0.243750 0.720370 0.242708 0.721296 0.241146 0.724074 0.240625 0.725926 0.240104 0.728704 0.240104 0.734259 0.241146 0.738889 0.242708 0.741667 0.243750 0.742593 0.245312 0.743519 0.248438 0.743519 0.251042 0.741667 0.252604 0.738889 0.253646 0.734259 0.253646 0.728704 0.253125 0.725926 0.252604 0.724074 0.251042 0.721296 0.248438 0.719444 0.245312 0.719444
1 0.819271 0.625926 0.817708 0.626852 0.816667 0.627778 0.815104 0.630556 0.814583 0.632407 0.814063 0.635185 0.814063 0.640741 0.815104 0.645370 0.816667 0.648148 0.817708 0.649074 0.819271 0.650000 0.822396 0.650000 0.825000 0.648148 0.826562 0.645370 0.827604 0.640741 0.827604 0.635185 0.827083 0.632407 0.826562 0.630556 0.825000 0.627778 0.822396 0.625926 0.819271 0.625926
1 0.455729 0.702778 0.454167 0.703704 0.453125 0.704630 0.451562 0.707407 0.451042 0.709259 0.450521 0.712037 0.450521 0.717593 0.451562 0.722222 0.453125 0.725000 0.454167 0.725926 0.455729 0.726852 0.458854 0.726852 0.461458 0.725000 0.463021 0.722222 0.464062 0.717593 0.464062 0.712037 0.463542 0.709259 0.463021 0.707407 0.461458 0.704630 0.458854 0.702778 0.455729 0.702778
