1 0.718229 0.387963 0.716667 0.388889 0.715625 0.389815 0.714063 0.392593 0.713542 0.394444 0.713021 0.397222 0.713021 0.402778 0.714063 0.407407 0.715625 0.410185 0.716667 0.411111 0.718229 0.412037 0.721354 0.412037 0.723958 0.410185 0.725521 0.407407 0.726562 0.402778 0.726562 0.397222 0.726042 0.394444 0.725521 0.392593 0.723958 0.389815 0.721354 0.387963 0.718229 0.387963
8 0.490729 0.541019 0.491969 0.479130 0.457448 0.476963 0.458057 0.455778 0.491969 0.456861 0.493188 0.397120 0.506021 0.397120 0.505411 0.459037 0.537917 0.461204 0.537812 0.483241 0.503880 0.480759 0.503594 0.539444
8 0.490729 0.541019 0.491969 0.479130 0.457448 0.476963 0.458057 0.455778 0.491969 0.456861 0.493188 0.397120 0.506021 0.397120 0.505411 0.459037 0.537917 0.461204 0.537812 0.483241 0.503880 0.480759 0.503594 0.539444
1 0.329167 0.255556 0.327604 0.256481 0.326562 0.257407 0.325000 0.260185 0.324479 0.262037 0.323958 0.264815 0.323958 0.270370 0.325000 0.275000 0.326562 0.277778 0.327604 0.278704 0.329167 0.279630 0.332292 0.279630 0.334896 0.277778 0.336458 0.275000 0.337500 0.270370 0.337500 0.264815 0.336979 0.262037 0.336458 0.260185 0.334896 0.257407 0.332292 0.255556 0.329167 0.255556
1 0.588542 0.162963 0.586979 0.163889 0.585938 0.164815 0.584375 0.167593 0.583854 0.169444 0.583333 0.172222 0.583333 0.177778 0.584375 0.182407 0.585938 0.185185 0.586979 0.186111 0.588542 0.187037 0.591667 0.187037 0.594271 0.185185 0.595833 0.182407 0.596875 0.177778 0.596875 0.172222 0.596354 0.169444 0.595833 0.167593 0.594271 0.164815 0.591667 0.162963 0.588542 0.162963
1 0.622917 0.229630 0.621354 0.230556 0.620313 0.231481 0.618750 0.234259 0.618229 0.236111 0.617708 0.238889 0.617708 0.244444 0.618750 0.249074 0.620313 0.251852 0.621354 0.252778 0.622917 0.253704 0.626042 0.253704 0.628646 0.251852 0.630208 0.249074 0.631250 0.244444 0.631250 0.238889 0.630729 0.236111 0.630208 0.234259 0.628646 0.231481 0.626042 0.229630 0.622917 0.229630
1 0.696354 0.112963 0.694792 0.113889 0.693750 0.114815 0.692187 0.117593 0.691667 0.119444 0.691146 0.122222 0.691146 0.127778 0.692187 0.132407 0.693750 0.135185 0.694792 0.136111 0.696354 0.137037 0.699479 0.137037 0.702083 0.135185 0.703646 0.132407 0.704688 0.127778 0.704688 0.122222 0.704167 0.119444 0.703646 0.117593 0.702083 0.114815 0.699479 0.112963 0.696354 0.112963
1 0.781771 0.338889 0.780208 0.339815 0.779167 0.340741 0.777604 0.343519 0.777083 0.345370 0.776563 0.348148 0.776563 0.353704 0.777604 0.358333 0.779167 0.361111 0.780208 0.362037 0.781771 0.362963 0.784896 0.362963 0.787500 0.361111 0.789062 0.358333 0.790104 0.353704 0.790104 0.348148 0.789583 0.345370 0.789062 0.343519 0.787500 0.340741 0.784896 0.338889 0.781771 0.338889
1 0.630208 0.576852 0.628646 0.577778 0.627604 0.578704 0.626042 0.581481 0.625521 0.583333 0.625000 0.586111 0.625000 0.591667 0.626042 0.596296 0.627604 0.599074 0.628646 0.600000 0.630208 0.600926 0.633333 0.600926 0.635938 0.599074 0.637500 0.596296 0.638542 0.591667 0.638542 0.586111 0.638021 0.583333 0.637500 0.581481 0.635938 0.578704 0.633333 0.576852 0.630208 0.576852
1 0.503646 0.827778 0.502083 0.828704 0.501042 0.829630 0.499479 0.832407 0.498958 0.834259 0.498437 0.837037 0.498437 0.842593 0.499479 0.847222 0.501042 0.850000 0.502083 0.850926 0.503646 0.851852 0.506771 0.851852 0.509375 0.850000 0.510938 0.847222 0.511979 0.842593 0.511979 0.837037 0.511458 0.834259 0.510938 0.832407 0.509375 0.829630 0.506771 0.827778 0.503646 0.827778
0 0.327083 0.562963 0.325521 0.563889 0.324479 0.564815 0.321875 0.569444 0.321354 0.572222 0.321354 0.575926 0.321875 0.578704 0.322396 0.580556 0.324479 0.583333 0.325521 0.584259 0.327083 0.585185 0.330208 0.585185 0.331771 0.584259 0.332813 0.583333 0.334896 0.580556 0.335417 0.578704 0.335938 0.575926 0.335938 0.572222 0.335417 0.569444 0.332813 0.564815 0.331771 0.563889 0.330208 0.562963 0.327083 0.562963
