0 0.372396 0.626852 0.370312 0.628704 0.369271 0.629630 0.368750 0.630556 0.367188 0.634259 0.366667 0.637037 0.366667 0.642593 0.367188 0.645370 0.368750 0.649074 0.369271 0.650000 0.370312 0.650926 0.372396 0.652778 0.376563 0.652778 0.379167 0.650926 0.380208 0.649074 0.380208 0.648148 0.381771 0.645370 0.382292 0.642593 0.382292 0.637037 0.381771 0.634259 0.380208 0.631481 0.380208 0.630556 0.379167 0.628704 0.376563 0.626852 0.372396 0.626852
1 0.381771 0.060185 0.380208 0.061111 0.379167 0.062037 0.377604 0.064815 0.377083 0.066667 0.376563 0.069444 0.376563 0.075000 0.377604 0.079630 0.379167 0.082407 0.380208 0.083333 0.381771 0.084259 0.384896 0.084259 0.387500 0.082407 0.389062 0.079630 0.390104 0.075000 0.390104 0.069444 0.389583 0.066667 0.389062 0.064815 0.387500 0.062037 0.384896 0.060185 0.381771 0.060185
8 0.490729 0.541019 0.491969 0.479130 0.457448 0.476963 0.458057 0.455778 0.491969 0.456861 0.493188 0.397120 0.506021 0.397120 0.505411 0.459037 0.537917 0.461204 0.537812 0.483241 0.503880 0.480759 0.503594 0.539444
1 0.772396 0.490741 0.770833 0.491667 0.769792 0.492593 0.768229 0.495370 0.767708 0.497222 0.767188 0.500000 0.767188 0.505556 0.768229 0.510185 0.769792 0.512963 0.770833 0.513889 0.772396 0.514815 0.775521 0.514815 0.778125 0.512963 0.779687 0.510185 0.780729 0.505556 0.780729 0.500000 0.780208 0.497222 0.779687 0.495370 0.778125 0.492593 0.775521 0.490741 0.772396 0.490741
8 0.490729 0.541019 0.491969 0.479130 0.457448 0.476963 0.458057 0.455778 0.491969 0.456861 0.493188 0.397120 0.506021 0.397120 0.505411 0.459037 0.537917 0.461204 0.537812 0.483241 0.503880 0.480759 0.503594 0.539444
1 0.506250 0.828704 0.504687 0.829630 0.503646 0.830556 0.502083 0.833333 0.501563 0.835185 0.501042 0.837963 0.501042 0.843519 0.502083 0.848148 0.503646 0.850926 0.504687 0.851852 0.506250 0.852778 0.509375 0.852778 0.511979 0.850926 0.513542 0.848148 0.514583 0.843519 0.514583 0.837963 0.514062 0.835185 0.513542 0.833333 0.511979 0.830556 0.509375 0.828704 0.506250 0.828704
1 0.721875 0.242593 0.720313 0.243519 0.719271 0.244444 0.717708 0.247222 0.717187 0.249074 0.716667 0.251852 0.716667 0.257407 0.717708 0.262037 0.719271 0.264815 0.720313 0.265741 0.721875 0.266667 0.725000 0.266667 0.727604 0.264815 0.729167 0.262037 0.730208 0.257407 0.730208 0.251852 0.729688 0.249074 0.729167 0.247222 0.727604 0.244444 0.725000 0.242593 0.721875 0.242593
1 0.594271 0.210185 0.592708 0.211111 0.591667 0.212037 0.590104 0.214815 0.589583 0.216667 0.589063 0.219444 0.589063 0.225000 0.590104 0.229630 0.591667 0.232407 0.592708 0.233333 0.594271 0.234259 0.597396 0.234259 0.600000 0.232407 0.601562 0.229630 0.602604 0.225000 0.602604 0.219444 0.602083 0.216667 0.601562 0.214815 0.600000 0.212037 0.597396 0.210185 0.594271 0.210185
1 0.760938 0.125000 0.759375 0.125926 0.758333 0.126852 0.756771 0.129630 0.756250 0.131481 0.755729 0.134259 0.755729 0.139815 0.756771 0.144444 0.758333 0.147222 0.759375 0.148148 0.760938 0.149074 0.764062 0.149074 0.766667 0.147222 0.768229 0.144444 0.769271 0.139815 0.769271 0.134259 0.768750 0.131481 0.768229 0.129630 0.766667 0.126852 0.764062 0.125000 0.760938 0.125000
1 0.742188 0.066667 0.740625 0.067593 0.739583 0.068519 0.738021 0.071296 0.737500 0.073148 0.736979 0.075926 0.736979 0.081481 0.738021 0.086111 0.739583 0.088889 0.740625 0.089815 0.742188 0.090741 0.745313 0.090741 0.747917 0.088889 0.749479 0.086111 0.750521 0.081481 0.750521 0.075926 0.750000 0.073148 0.749479 0.071296 0.747917 0.068519 0.745313 0.066667 0.742188 0.066667
1 0.660417 0.095370 0.658854 0.096296 0.657813 0.097222 0.656250 0.100000 0.655729 0.101852 0.655208 0.104630 0.655208 0.110185 0.656250 0.114815 0.657813 0.117593 0.658854 0.118519 0.660417 0.119444 0.663542 0.119444 0.666146 0.117593 0.667708 0.114815 0.668750 0.110185 0.668750 0.104630 0.668229 0.101852 0.667708 0.100000 0.666146 0.097222 0.663542 0.095370 0.660417 0.095370
