1 0.362500 0.813889 0.360938 0.814815 0.359896 0.815741 0.358333 0.818519 0.357812 0.820370 0.357292 0.823148 0.357292 0.828704 0.358333 0.833333 0.359896 0.836111 0.360938 0.837037 0.362500 0.837963 0.365625 0.837963 0.368229 0.836111 0.369792 0.833333 0.370833 0.828704 0.370833 0.823148 0.370312 0.820370 0.369792 0.818519 0.368229 0.815741 0.365625 0.813889 0.362500 0.813889
1 0.394792 0.655556 0.393229 0.656481 0.392188 0.657407 0.390625 0.660185 0.390104 0.662037 0.389583 0.664815 0.389583 0.670370 0.390625 0.675000 0.392188 0.677778 0.393229 0.678704 0.394792 0.679630 0.397917 0.679630 0.400521 0.677778 0.402083 0.675000 0.403125 0.670370 0.403125 0.664815 0.402604 0.662037 0.402083 0.660185 0.400521 0.657407 0.397917 0.655556 0.394792 0.655556
1 0.403646 0.758333 0.402083 0.759259 0.401042 0.760185 0.399479 0.762963 0.398958 0.764815 0.398438 0.767593 0.398438 0.773148 0.399479 0.777778 0.401042 0.780556 0.402083 0.781481 0.403646 0.782407 0.406771 0.782407 0.409375 0.780556 0.410938 0.777778 0.411979 0.773148 0.411979 0.767593 0.411458 0.764815 0.410938 0.762963 0.409375 0.760185 0.406771 0.758333 0.403646 0.758333
1 0.794271 0.896296 0.792708 0.897222 0.791667 0.898148 0.790104 0.900926 0.789583 0.902778 0.789062 0.905556 0.789062 0.911111 0.790104 0.915741 0.791667 0.918519 0.792708 0.919444 0.794271 0.920370 0.797396 0.920370 0.800000 0.918519 0.801562 0.915741 0.802604 0.911111 0.802604 0.905556 0.802083 0.902778 0.801562 0.900926 0.800000 0.898148 0.797396 0.896296 0.794271 0.896296
1 0.618750 0.888889 0.617188 0.889815 0.616146 0.890741 0.614583 0.893519 0.614062 0.895370 0.613542 0.898148 0.613542 0.903704 0.614583 0.908333 0.616146 0.911111 0.617188 0.912037 0.618750 0.912963 0.621875 0.912963 0.624479 0.911111 0.626042 0.908333 0.627083 0.903704 0.627083 0.898148 0.626563 0.895370 0.626042 0.893519 0.624479 0.890741 0.621875 0.888889 0.618750 0.888889
0 0.465625 0.686111 0.463542 0.687963 0.462500 0.688889 0.461979 0.689815 0.460417 0.693519 0.459896 0.696296 0.459896 0.701852 0.460417 0.704630 0.461979 0.708333 0.462500 0.709259 0.463542 0.710185 0.465625 0.712037 0.469792 0.712037 0.472396 0.710185 0.473438 0.708333 0.473438 0.707407 0.475000 0.704630 0.475521 0.701852 0.475521 0.696296 0.475000 0.693519 0.473438 0.690741 0.473438 0.689815 0.472396 0.687963 0.469792 0.686111 0.465625 0.686111
8 0.490729 0.541019 0.491969 0.479130 0.457448 0.476963 0.458057 0.455778 0.491969 0.456861 0.493188 0.397120 0.506021 0.397120 0.505411 0.459037 0.537917 0.461204 0.537812 0.483241 0.503880 0.480759 0.503594 0.539444
8 0.490729 0.541019 0.491969 0.479130 0.457448 0.476963 0.458057 0.455778 0.491969 0.456861 0.493188 0.397120 0.506021 0.397120 0.505411 0.459037 0.537917 0.461204 0.537812 0.483241 0.503880 0.480759 0.503594 0.539444
1 0.504687 0.697222 0.503125 0.698148 0.502083 0.699074 0.500521 0.701852 0.500000 0.703704 0.499479 0.706481 0.499479 0.712037 0.500521 0.716667 0.502083 0.719444 0.503125 0.720370 0.504687 0.721296 0.507812 0.721296 0.510417 0.719444 0.511979 0.716667 0.513021 0.712037 0.513021 0.706481 0.512500 0.703704 0.511979 0.701852 0.510417 0.699074 0.507812 0.697222 0.504687 0.697222
1 0.669792 0.469444 0.668229 0.470370 0.667188 0.471296 0.665625 0.474074 0.665104 0.475926 0.664583 0.478704 0.664583 0.484259 0.665625 0.488889 0.667188 0.491667 0.668229 0.492593 0.669792 0.493519 0.672917 0.493519 0.675521 0.491667 0.677083 0.488889 0.678125 0.484259 0.678125 0.478704 0.677604 0.475926 0.677083 0.474074 0.675521 0.471296 0.672917 0.469444 0.669792 0.469444
0 0.484896 0.656481 0.482292 0.658333 0.480208 0.662037 0.479687 0.663889 0.479167 0.666667 0.479167 0.670370 0.479687 0.673148 0.480208 0.675000 0.482292 0.678704 0.484896 0.680556 0.488021 0.680556 0.490625 0.678704 0.492708 0.675000 0.493229 0.673148 0.493750 0.670370 0.493750 0.666667 0.493229 0.663889 0.492708 0.662037 0.490625 0.658333 0.488021 0.656481 0.484896 0.656481
1 0.285417 0.183333 0.283854 0.184259 0.282813 0.185185 0.281250 0.187963 0.280729 0.189815 0.280208 0.192593 0.280208 0.198148 0.281250 0.202778 0.282813 0.205556 0.283854 0.206481 0.285417 0.207407 0.288542 0.207407 0.291146 0.205556 0.292708 0.202778 0.293750 0.198148 0.293750 0.192593 0.293229 0.189815 0.292708 0.187963 0.291146 0.185185 0.288542 0.183333 0.285417 0.183333
1 0.170313 0.379630 0.168750 0.380556 0.167708 0.381481 0.166146 0.384259 0.165625 0.386111 0.165104 0.388889 0.165104 0.394444 0.166146 0.399074 0.167708 0.401852 0.168750 0.402778 0.170313 0.403704 0.173437 0.403704 0.176042 0.401852 0.177604 0.399074 0.178646 0.394444 0.178646 0.388889 0.178125 0.386111 0.177604 0.384259 0.176042 0.381481 0.173437 0.379630 0.170313 0.379630
1 0.280729 0.854630 0.279167 0.855556 0.278125 0.856481 0.276562 0.859259 0.276042 0.861111 0.275521 0.863889 0.275521 0.869444 0.276562 0.874074 0.278125 0.876852 0.279167 0.877778 0.280729 0.878704 0.283854 0.878704 0.286458 0.876852 0.288021 0.874074 0.289062 0.869444 0.289062 0.863889 0.288542 0.861111 0.288021 0.859259 0.286458 0.856481 0.283854 0.854630 0.280729 0.854630
1 0.308333 0.902778 0.306771 0.903704 0.305729 0.904630 0.304167 0.907407 0.303646 0.909259 0.303125 0.912037 0.303125 0.917593 0.304167 0.922222 0.305729 0.925000 0.306771 0.925926 0.308333 0.926852 0.311458 0.926852 0.314063 0.925000 0.315625 0.922222 0.316667 0.917593 0.316667 0.912037 0.316146 0.909259 0.315625 0.907407 0.314063 0.904630 0.311458 0.902778 0.308333 0.902778
