1 0.788021 0.475000 0.786458 0.475926 0.785417 0.476852 0.783854 0.479630 0.783333 0.481481 0.782813 0.484259 0.782813 0.489815 0.783854 0.494444 0.785417 0.497222 0.786458 0.498148 0.788021 0.499074 0.791146 0.499074 0.793750 0.497222 0.795312 0.494444 0.796354 0.489815 0.796354 0.484259 0.795833 0.481481 0.795312 0.479630 0.793750 0.476852 0.791146 0.475000 0.788021 0.475000
8 0.490729 0.541019 0.491969 0.479130 0.457448 0.476963 0.458057 0.455778 0.491969 0.456861 0.493188 0.397120 0.506021 0.397120 0.505411 0.459037 0.537917 0.461204 0.537812 0.483241 0.503880 0.480759 0.503594 0.539444
8 0.490729 0.541019 0.491969 0.479130 0.457448 0.476963 0.458057 0.455778 0.491969 0.456861 0.493188 0.397120 0.506021 0.397120 0.505411 0.459037 0.537917 0.461204 0.537812 0.483241 0.503880 0.480759 0.503594 0.539444
0 0.375000 0.663889 0.372917 0.665741 0.371875 0.666667 0.371354 0.667593 0.369792 0.671296 0.369271 0.674074 0.369271 0.679630 0.369792 0.682407 0.371354 0.686111 0.371875 0.687037 0.372917 0.687963 0.375000 0.689815 0.379167 0.689815 0.381771 0.687963 0.382812 0.686111 0.382812 0.685185 0.384375 0.682407 0.384896 0.679630 0.384896 0.674074 0.384375 0.671296 0.382812 0.668519 0.382812 0.667593 0.381771 0.665741 0.379167 0.663889 0.375000 0.663889
1 0.658854 0.128704 0.657292 0.129630 0.656250 0.130556 0.654687 0.133333 0.654167 0.135185 0.653646 0.137963 0.653646 0.143519 0.654687 0.148148 0.656250 0.150926 0.657292 0.151852 0.658854 0.152778 0.661979 0.152778 0.664583 0.150926 0.666146 0.148148 0.667188 0.143519 0.667188 0.137963 0.666667 0.135185 0.666146 0.133333 0.664583 0.130556 0.661979 0.128704 0.658854 0.128704
1 0.679167 0.131481 0.677604 0.132407 0.676562 0.133333 0.675000 0.136111 0.674479 0.137963 0.673958 0.140741 0.673958 0.146296 0.675000 0.150926 0.676562 0.153704 0.677604 0.154630 0.679167 0.155556 0.682292 0.155556 0.684896 0.153704 0.686458 0.150926 0.687500 0.146296 0.687500 0.140741 0.686979 0.137963 0.686458 0.136111 0.684896 0.133333 0.682292 0.131481 0.679167 0.131481
1 0.699479 0.121296 0.697917 0.122222 0.696875 0.123148 0.695312 0.125926 0.694792 0.127778 0.694271 0.130556 0.694271 0.136111 0.695312 0.140741 0.696875 0.143519 0.697917 0.144444 0.699479 0.145370 0.702604 0.145370 0.705208 0.143519 0.706771 0.140741 0.707812 0.136111 0.707812 0.130556 0.707292 0.127778 0.706771 0.125926 0.705208 0.123148 0.702604 0.121296 0.699479 0.121296
1 0.731250 0.225000 0.729688 0.225926 0.728646 0.226852 0.727083 0.229630 0.726562 0.231481 0.726042 0.234259 0.726042 0.239815 0.727083 0.244444 0.728646 0.247222 0.729688 0.248148 0.731250 0.249074 0.734375 0.249074 0.736979 0.247222 0.738542 0.244444 0.739583 0.239815 0.739583 0.234259 0.739062 0.231481 0.738542 0.229630 0.736979 0.226852 0.734375 0.225000 0.731250 0.225000
1 0.588542 0.203704 0.586979 0.204630 0.585938 0.205556 0.584375 0.208333 0.583854 0.210185 0.583333 0.212963 0.583333 0.218519 0.584375 0.223148 0.585938 0.225926 0.586979 0.226852 0.588542 0.227778 0.591667 0.227778 0.594271 0.225926 0.595833 0.223148 0.596875 0.218519 0.596875 0.212963 0.596354 0.210185 0.595833 0.208333 0.594271 0.205556 0.591667 0.203704 0.588542 0.203704
1 0.380208 0.060185 0.378646 0.061111 0.377604 0.062037 0.376042 0.064815 0.375521 0.066667 0.375000 0.069444 0.375000 0.075000 0.376042 0.079630 0.377604 0.082407 0.378646 0.083333 0.380208 0.084259 0.383333 0.084259 0.385937 0.082407 0.387500 0.079630 0.388542 0.075000 0.388542 0.069444 0.388021 0.066667 0.387500 0.064815 0.385937 0.062037 0.383333 0.060185 0.380208 0.060185
1 0.506250 0.827778 0.504687 0.828704 0.503646 0.829630 0.502083 0.832407 0.501563 0.834259 0.501042 0.837037 0.501042 0.842593 0.502083 0.847222 0.503646 0.850000 0.504687 0.850926 0.506250 0.851852 0.509375 0.851852 0.511979 0.850000 0.513542 0.847222 0.514583 0.842593 0.514583 0.837037 0.514062 0.834259 0.513542 0.832407 0.511979 0.829630 0.509375 0.827778 0.506250 0.827778
