1 0.477604 0.482407 0.476042 0.483333 0.475000 0.484259 0.473438 0.487037 0.472917 0.488889 0.472396 0.491667 0.472396 0.497222 0.473438 0.501852 0.475000 0.504630 0.476042 0.505556 0.477604 0.506481 0.480729 0.506481 0.483333 0.504630 0.484896 0.501852 0.485938 0.497222 0.485938 0.491667 0.485417 0.488889 0.484896 0.487037 0.483333 0.484259 0.480729 0.482407 0.477604 0.482407
1 0.818750 0.625926 0.817187 0.626852 0.816146 0.627778 0.814583 0.630556 0.814063 0.632407 0.813542 0.635185 0.813542 0.640741 0.814583 0.645370 0.816146 0.648148 0.817187 0.649074 0.818750 0.650000 0.821875 0.650000 0.824479 0.648148 0.826042 0.645370 0.827083 0.640741 0.827083 0.635185 0.826562 0.632407 0.826042 0.630556 0.824479 0.627778 0.821875 0.625926 0.818750 0.625926
1 0.394271 0.344444 0.392708 0.345370 0.391667 0.346296 0.390104 0.349074 0.389583 0.350926 0.389062 0.353704 0.389062 0.359259 0.390104 0.363889 0.391667 0.366667 0.392708 0.367593 0.394271 0.368519 0.397396 0.368519 0.400000 0.366667 0.401562 0.363889 0.402604 0.359259 0.402604 0.353704 0.402083 0.350926 0.401562 0.349074 0.400000 0.346296 0.397396 0.344444 0.394271 0.344444
1 0.461979 0.281481 0.460417 0.282407 0.459375 0.283333 0.457813 0.286111 0.457292 0.287963 0.456771 0.290741 0.456771 0.296296 0.457813 0.300926 0.459375 0.303704 0.460417 0.304630 0.461979 0.305556 0.465104 0.305556 0.467708 0.303704 0.469271 0.300926 0.470313 0.296296 0.470313 0.290741 0.469792 0.287963 0.469271 0.286111 0.467708 0.283333 0.465104 0.281481 0.461979 0.281481
1 0.480729 0.156481 0.479167 0.157407 0.478125 0.158333 0.476562 0.161111 0.476042 0.162963 0.475521 0.165741 0.475521 0.171296 0.476562 0.175926 0.478125 0.178704 0.479167 0.179630 0.480729 0.180556 0.483854 0.180556 0.486458 0.178704 0.488021 0.175926 0.489063 0.171296 0.489063 0.165741 0.488542 0.162963 0.488021 0.161111 0.486458 0.158333 0.483854 0.156481 0.480729 0.156481
1 0.196354 0.260185 0.194792 0.261111 0.193750 0.262037 0.192188 0.264815 0.191667 0.266667 0.191146 0.269444 0.191146 0.275000 0.192188 0.279630 0.193750 0.282407 0.194792 0.283333 0.196354 0.284259 0.199479 0.284259 0.202083 0.282407 0.203646 0.279630 0.204687 0.275000 0.204687 0.269444 0.204167 0.266667 0.203646 0.264815 0.202083 0.262037 0.199479 0.260185 0.196354 0.260185
1 0.619271 0.534259 0.617708 0.535185 0.616667 0.536111 0.615104 0.538889 0.614583 0.540741 0.614062 0.543519 0.614062 0.549074 0.615104 0.553704 0.616667 0.556481 0.617708 0.557407 0.619271 0.558333 0.622396 0.558333 0.625000 0.556481 0.626563 0.553704 0.627604 0.549074 0.627604 0.543519 0.627083 0.540741 0.626563 0.538889 0.625000 0.536111 0.622396 0.534259 0.619271 0.534259
1 0.398438 0.861111 0.396875 0.862037 0.395833 0.862963 0.394271 0.865741 0.393750 0.867593 0.393229 0.870370 0.393229 0.875926 0.394271 0.880556 0.395833 0.883333 0.396875 0.884259 0.398438 0.885185 0.401562 0.885185 0.404167 0.883333 0.405729 0.880556 0.406771 0.875926 0.406771 0.870370 0.406250 0.867593 0.405729 0.865741 0.404167 0.862963 0.401562 0.861111 0.398438 0.861111
8 0.490729 0.541019 0.491969 0.479130 0.457448 0.476963 0.458057 0.455778 0.491969 0.456861 0.493188 0.397120 0.506021 0.397120 0.505411 0.459037 0.537917 0.461204 0.537812 0.483241 0.503880 0.480759 0.503594 0.539444
8 0.490729 0.541019 0.491969 0.479130 0.457448 0.476963 0.458057 0.455778 0.491969 0.456861 0.493188 0.397120 0.506021 0.397120 0.505411 0.459037 0.537917 0.461204 0.537812 0.483241 0.503880 0.480759 0.503594 0.539444
1 0.530729 0.589815 0.529167 0.590741 0.528125 0.591667 0.526563 0.594444 0.526042 0.596296 0.525521 0.599074 0.525521 0.604630 0.526563 0.609259 0.528125 0.612037 0.529167 0.612963 0.530729 0.613889 0.533854 0.613889 0.536458 0.612037 0.538021 0.609259 0.539062 0.604630 0.539062 0.599074 0.538542 0.596296 0.538021 0.594444 0.536458 0.591667 0.533854 0.589815 0.530729 0.589815
1 0.461979 0.544444 0.460417 0.545370 0.459375 0.546296 0.457813 0.549074 0.457292 0.550926 0.456771 0.553704 0.456771 0.559259 0.457813 0.563889 0.459375 0.566667 0.460417 0.567593 0.461979 0.568519 0.465104 0.568519 0.467708 0.566667 0.469271 0.563889 0.470313 0.559259 0.470313 0.553704 0.469792 0.550926 0.469271 0.549074 0.467708 0.546296 0.465104 0.544444 0.461979 0.544444
1 0.517708 0.830556 0.516146 0.831481 0.515104 0.832407 0.513542 0.835185 0.513021 0.837037 0.512500 0.839815 0.512500 0.845370 0.513542 0.850000 0.515104 0.852778 0.516146 0.853704 0.517708 0.854630 0.520833 0.854630 0.523438 0.852778 0.525000 0.850000 0.526042 0.845370 0.526042 0.839815 0.525521 0.837037 0.525000 0.835185 0.523438 0.832407 0.520833 0.830556 0.517708 0.830556
1 0.580729 0.898148 0.579167 0.899074 0.578125 0.900000 0.576562 0.902778 0.576042 0.904630 0.575521 0.907407 0.575521 0.912963 0.576562 0.917593 0.578125 0.920370 0.579167 0.921296 0.580729 0.922222 0.583854 0.922222 0.586458 0.920370 0.588021 0.917593 0.589063 0.912963 0.589063 0.907407 0.588542 0.904630 0.588021 0.902778 0.586458 0.900000 0.583854 0.898148 0.580729 0.898148
0 0.545312 0.558333 0.544271 0.559259 0.543229 0.560185 0.541667 0.562037 0.540625 0.563889 0.540104 0.565741 0.539583 0.569444 0.539583 0.581481 0.540104 0.583333 0.541146 0.585185 0.542708 0.587037 0.543750 0.587963 0.545833 0.588889 0.548958 0.588889 0.552083 0.587037 0.553125 0.585185 0.553125 0.584259 0.554688 0.581481 0.555208 0.579630 0.555729 0.577778 0.556250 0.573148 0.556250 0.571296 0.555729 0.568519 0.555208 0.566667 0.554688 0.564815 0.553125 0.561111 0.552604 0.560185 0.551562 0.559259 0.549479 0.558333 0.545312 0.558333
0 0.773958 0.533333 0.771354 0.535185 0.769792 0.537037 0.768229 0.540741 0.767708 0.543519 0.767708 0.551852 0.768750 0.554630 0.771875 0.560185 0.773958 0.561111 0.780208 0.561111 0.781250 0.560185 0.782292 0.559259 0.783854 0.557407 0.784896 0.555556 0.786458 0.550000 0.786458 0.546296 0.785937 0.543519 0.785417 0.541667 0.783854 0.538889 0.783854 0.537963 0.782813 0.536111 0.779687 0.533333 0.773958 0.533333
