1 0.647917 0.622222 0.646354 0.623148 0.645312 0.624074 0.643750 0.626852 0.643229 0.628704 0.642708 0.631481 0.642708 0.637037 0.643750 0.641667 0.645312 0.644444 0.646354 0.645370 0.647917 0.646296 0.651042 0.646296 0.653646 0.644444 0.655208 0.641667 0.656250 0.637037 0.656250 0.631481 0.655729 0.628704 0.655208 0.626852 0.653646 0.624074 0.651042 0.622222 0.647917 0.622222
8 0.490729 0.541019 0.491969 0.479130 0.457448 0.476963 0.458057 0.455778 0.491969 0.456861 0.493188 0.397120 0.506021 0.397120 0.505411 0.459037 0.537917 0.461204 0.537812 0.483241 0.503880 0.480759 0.503594 0.539444
0 0.498437 0.659259 0.496875 0.660185 0.495833 0.661111 0.494271 0.663889 0.493750 0.665741 0.493229 0.668519 0.493229 0.674074 0.494271 0.678704 0.495833 0.681481 0.496875 0.682407 0.498437 0.683333 0.501563 0.683333 0.504167 0.681481 0.505729 0.678704 0.506771 0.674074 0.506771 0.668519 0.506250 0.665741 0.505729 0.663889 0.504167 0.661111 0.501563 0.659259 0.498437 0.659259
0 0.489063 0.633333 0.486979 0.634259 0.484896 0.637037 0.483333 0.639815 0.482812 0.641667 0.482292 0.644444 0.482292 0.650926 0.482812 0.652778 0.483333 0.654630 0.484896 0.657407 0.486979 0.660185 0.489063 0.661111 0.492708 0.661111 0.494271 0.660185 0.495833 0.658333 0.497917 0.654630 0.498437 0.652778 0.498958 0.650926 0.498958 0.644444 0.498437 0.641667 0.497917 0.639815 0.495833 0.636111 0.494271 0.634259 0.492708 0.633333 0.489063 0.633333
8 0.490729 0.541019 0.491969 0.479130 0.457448 0.476963 0.458057 0.455778 0.491969 0.456861 0.493188 0.397120 0.506021 0.397120 0.505411 0.459037 0.537917 0.461204 0.537812 0.483241 0.503880 0.480759 0.503594 0.539444
1 0.394792 0.656481 0.393229 0.657407 0.392188 0.658333 0.390625 0.661111 0.390104 0.662963 0.389583 0.665741 0.389583 0.671296 0.390625 0.675926 0.392188 0.678704 0.393229 0.679630 0.394792 0.680556 0.397917 0.680556 0.400521 0.678704 0.402083 0.675926 0.403125 0.671296 0.403125 0.665741 0.402604 0.662963 0.402083 0.661111 0.400521 0.658333 0.397917 0.656481 0.394792 0.656481
1 0.284375 0.184259 0.282813 0.185185 0.281771 0.186111 0.280208 0.188889 0.279687 0.190741 0.279167 0.193519 0.279167 0.199074 0.280208 0.203704 0.281771 0.206481 0.282813 0.207407 0.284375 0.208333 0.287500 0.208333 0.290104 0.206481 0.291667 0.203704 0.292708 0.199074 0.292708 0.193519 0.292187 0.190741 0.291667 0.188889 0.290104 0.186111 0.287500 0.184259 0.284375 0.184259
1 0.169271 0.381481 0.167708 0.382407 0.166667 0.383333 0.165104 0.386111 0.164583 0.387963 0.164062 0.390741 0.164062 0.396296 0.165104 0.400926 0.166667 0.403704 0.167708 0.404630 0.169271 0.405556 0.172396 0.405556 0.175000 0.403704 0.176563 0.400926 0.177604 0.396296 0.177604 0.390741 0.177083 0.387963 0.176563 0.386111 0.175000 0.383333 0.172396 0.381481 0.169271 0.381481
1 0.269792 0.834259 0.268229 0.835185 0.267188 0.836111 0.265625 0.838889 0.265104 0.840741 0.264583 0.843519 0.264583 0.849074 0.265625 0.853704 0.267188 0.856481 0.268229 0.857407 0.269792 0.858333 0.272917 0.858333 0.275521 0.856481 0.277083 0.853704 0.278125 0.849074 0.278125 0.843519 0.277604 0.840741 0.277083 0.838889 0.275521 0.836111 0.272917 0.834259 0.269792 0.834259
1 0.308854 0.903704 0.307292 0.904630 0.306250 0.905556 0.304688 0.908333 0.304167 0.910185 0.303646 0.912963 0.303646 0.918519 0.304688 0.923148 0.306250 0.925926 0.307292 0.926852 0.308854 0.927778 0.311979 0.927778 0.314583 0.925926 0.316146 0.923148 0.317188 0.918519 0.317188 0.912963 0.316667 0.910185 0.316146 0.908333 0.314583 0.905556 0.311979 0.903704 0.308854 0.903704
1 0.380729 0.885185 0.379167 0.886111 0.378125 0.887037 0.376563 0.889815 0.376042 0.891667 0.375521 0.894444 0.375521 0.900000 0.376563 0.904630 0.378125 0.907407 0.379167 0.908333 0.380729 0.909259 0.383854 0.909259 0.386458 0.907407 0.388021 0.904630 0.389062 0.900000 0.389062 0.894444 0.388542 0.891667 0.388021 0.889815 0.386458 0.887037 0.383854 0.885185 0.380729 0.885185
1 0.402083 0.734259 0.400521 0.735185 0.399479 0.736111 0.397917 0.738889 0.397396 0.740741 0.396875 0.743519 0.396875 0.749074 0.397917 0.753704 0.399479 0.756481 0.400521 0.757407 0.402083 0.758333 0.405208 0.758333 0.407813 0.756481 0.409375 0.753704 0.410417 0.749074 0.410417 0.743519 0.409896 0.740741 0.409375 0.738889 0.407813 0.736111 0.405208 0.734259 0.402083 0.734259
1 0.805208 0.897222 0.803646 0.898148 0.802604 0.899074 0.801042 0.901852 0.800521 0.903704 0.800000 0.906481 0.800000 0.912037 0.801042 0.916667 0.802604 0.919444 0.803646 0.920370 0.805208 0.921296 0.808333 0.921296 0.810937 0.919444 0.812500 0.916667 0.813542 0.912037 0.813542 0.906481 0.813021 0.903704 0.812500 0.901852 0.810937 0.899074 0.808333 0.897222 0.805208 0.897222
1 0.628125 0.866667 0.626563 0.867593 0.625521 0.868519 0.623958 0.871296 0.623437 0.873148 0.622917 0.875926 0.622917 0.881481 0.623958 0.886111 0.625521 0.888889 0.626563 0.889815 0.628125 0.890741 0.631250 0.890741 0.633854 0.888889 0.635417 0.886111 0.636458 0.881481 0.636458 0.875926 0.635938 0.873148 0.635417 0.871296 0.633854 0.868519 0.631250 0.866667 0.628125 0.866667
1 0.519792 0.699074 0.518229 0.700000 0.517188 0.700926 0.515625 0.703704 0.515104 0.705556 0.514583 0.708333 0.514583 0.713889 0.515625 0.718519 0.517188 0.721296 0.518229 0.722222 0.519792 0.723148 0.522917 0.723148 0.525521 0.721296 0.527083 0.718519 0.528125 0.713889 0.528125 0.708333 0.527604 0.705556 0.527083 0.703704 0.525521 0.700926 0.522917 0.699074 0.519792 0.699074
