1 0.505208 0.347222 0.503646 0.348148 0.502604 0.349074 0.501042 0.351852 0.500521 0.353704 0.500000 0.356481 0.500000 0.362037 0.501042 0.366667 0.502604 0.369444 0.503646 0.370370 0.505208 0.371296 0.508333 0.371296 0.510938 0.369444 0.512500 0.366667 0.513542 0.362037 0.513542 0.356481 0.513021 0.353704 0.512500 0.351852 0.510938 0.349074 0.508333 0.347222 0.505208 0.347222
0 0.163542 0.883333 0.161458 0.884259 0.159896 0.885185 0.158333 0.886111 0.156771 0.888889 0.156250 0.890741 0.155729 0.892593 0.155208 0.895370 0.155208 0.903704 0.155729 0.906481 0.156250 0.909259 0.156771 0.911111 0.158333 0.913889 0.159375 0.914815 0.160938 0.915741 0.164062 0.915741 0.166146 0.914815 0.168750 0.912037 0.170313 0.909259 0.171875 0.904630 0.172396 0.902778 0.172396 0.899074 0.172917 0.898148 0.172917 0.895370 0.171354 0.888889 0.170313 0.887037 0.170313 0.886111 0.169792 0.885185 0.168750 0.884259 0.166667 0.883333 0.163542 0.883333
0 0.544792 0.559259 0.543750 0.560185 0.541146 0.562963 0.540104 0.564815 0.539583 0.566667 0.539583 0.577778 0.540625 0.583333 0.541667 0.584259 0.543229 0.585185 0.544792 0.587963 0.550000 0.587963 0.551042 0.587037 0.552083 0.586111 0.555729 0.579630 0.556250 0.577778 0.556771 0.573148 0.556771 0.569444 0.556250 0.567593 0.555208 0.564815 0.553125 0.561111 0.552083 0.560185 0.550521 0.559259 0.544792 0.559259
1 0.219271 0.057407 0.217708 0.058333 0.216667 0.059259 0.215104 0.062037 0.214583 0.063889 0.214062 0.066667 0.214062 0.072222 0.215104 0.076852 0.216667 0.079630 0.217708 0.080556 0.219271 0.081481 0.222396 0.081481 0.225000 0.079630 0.226562 0.076852 0.227604 0.072222 0.227604 0.066667 0.227083 0.063889 0.226562 0.062037 0.225000 0.059259 0.222396 0.057407 0.219271 0.057407
1 0.512500 0.171296 0.510938 0.172222 0.509896 0.173148 0.508333 0.175926 0.507812 0.177778 0.507292 0.180556 0.507292 0.186111 0.508333 0.190741 0.509896 0.193519 0.510938 0.194444 0.512500 0.195370 0.515625 0.195370 0.518229 0.193519 0.519792 0.190741 0.520833 0.186111 0.520833 0.180556 0.520312 0.177778 0.519792 0.175926 0.518229 0.173148 0.515625 0.171296 0.512500 0.171296
1 0.496354 0.219444 0.494792 0.220370 0.493750 0.221296 0.492188 0.224074 0.491667 0.225926 0.491146 0.228704 0.491146 0.234259 0.492188 0.238889 0.493750 0.241667 0.494792 0.242593 0.496354 0.243519 0.499479 0.243519 0.502083 0.241667 0.503646 0.238889 0.504687 0.234259 0.504687 0.228704 0.504167 0.225926 0.503646 0.224074 0.502083 0.221296 0.499479 0.219444 0.496354 0.219444
1 0.642708 0.145370 0.641146 0.146296 0.640104 0.147222 0.638542 0.150000 0.638021 0.151852 0.637500 0.154630 0.637500 0.160185 0.638542 0.164815 0.640104 0.167593 0.641146 0.168519 0.642708 0.169444 0.645833 0.169444 0.648438 0.167593 0.650000 0.164815 0.651042 0.160185 0.651042 0.154630 0.650521 0.151852 0.650000 0.150000 0.648438 0.147222 0.645833 0.145370 0.642708 0.145370
1 0.467708 0.493519 0.466146 0.494444 0.465104 0.495370 0.463542 0.498148 0.463021 0.500000 0.462500 0.502778 0.462500 0.508333 0.463542 0.512963 0.465104 0.515741 0.466146 0.516667 0.467708 0.517593 0.470833 0.517593 0.473438 0.515741 0.475000 0.512963 0.476042 0.508333 0.476042 0.502778 0.475521 0.500000 0.475000 0.498148 0.473438 0.495370 0.470833 0.493519 0.467708 0.493519
1 0.455729 0.694444 0.454167 0.695370 0.453125 0.696296 0.451562 0.699074 0.451042 0.700926 0.450521 0.703704 0.450521 0.709259 0.451562 0.713889 0.453125 0.716667 0.454167 0.717593 0.455729 0.718519 0.458854 0.718519 0.461458 0.716667 0.463021 0.713889 0.464062 0.709259 0.464062 0.703704 0.463542 0.700926 0.463021 0.699074 0.461458 0.696296 0.458854 0.694444 0.455729 0.694444
1 0.348958 0.735185 0.347396 0.736111 0.346354 0.737037 0.344792 0.739815 0.344271 0.741667 0.343750 0.744444 0.343750 0.750000 0.344792 0.754630 0.346354 0.757407 0.347396 0.758333 0.348958 0.759259 0.352083 0.759259 0.354687 0.757407 0.356250 0.754630 0.357292 0.750000 0.357292 0.744444 0.356771 0.741667 0.356250 0.739815 0.354687 0.737037 0.352083 0.735185 0.348958 0.735185
1 0.271354 0.589815 0.269792 0.590741 0.268750 0.591667 0.267188 0.594444 0.266667 0.596296 0.266146 0.599074 0.266146 0.604630 0.267188 0.609259 0.268750 0.612037 0.269792 0.612963 0.271354 0.613889 0.274479 0.613889 0.277083 0.612037 0.278646 0.609259 0.279687 0.604630 0.279687 0.599074 0.279167 0.596296 0.278646 0.594444 0.277083 0.591667 0.274479 0.589815 0.271354 0.589815
1 0.160938 0.840741 0.159375 0.841667 0.158333 0.842593 0.156771 0.845370 0.156250 0.847222 0.155729 0.850000 0.155729 0.855556 0.156771 0.860185 0.158333 0.862963 0.159375 0.863889 0.160938 0.864815 0.164062 0.864815 0.166667 0.862963 0.168229 0.860185 0.169271 0.855556 0.169271 0.850000 0.168750 0.847222 0.168229 0.845370 0.166667 0.842593 0.164062 0.840741 0.160938 0.840741
1 0.414583 0.901852 0.413021 0.902778 0.411979 0.903704 0.410417 0.906481 0.409896 0.908333 0.409375 0.911111 0.409375 0.916667 0.410417 0.921296 0.411979 0.924074 0.413021 0.925000 0.414583 0.925926 0.417708 0.925926 0.420312 0.924074 0.421875 0.921296 0.422917 0.916667 0.422917 0.911111 0.422396 0.908333 0.421875 0.906481 0.420312 0.903704 0.417708 0.901852 0.414583 0.901852
1 0.818750 0.625926 0.817187 0.626852 0.816146 0.627778 0.814583 0.630556 0.814063 0.632407 0.813542 0.635185 0.813542 0.640741 0.814583 0.645370 0.816146 0.648148 0.817187 0.649074 0.818750 0.650000 0.821875 0.650000 0.824479 0.648148 0.826042 0.645370 0.827083 0.640741 0.827083 0.635185 0.826562 0.632407 0.826042 0.630556 0.824479 0.627778 0.821875 0.625926 0.818750 0.625926
8 0.490729 0.541019 0.491969 0.479130 0.457448 0.476963 0.458057 0.455778 0.491969 0.456861 0.493188 0.397120 0.506021 0.397120 0.505411 0.459037 0.537917 0.461204 0.537812 0.483241 0.503880 0.480759 0.503594 0.539444
8 0.490729 0.541019 0.491969 0.479130 0.457448 0.476963 0.458057 0.455778 0.491969 0.456861 0.493188 0.397120 0.506021 0.397120 0.505411 0.459037 0.537917 0.461204 0.537812 0.483241 0.503880 0.480759 0.503594 0.539444
