1 0.435937 0.623148 0.434375 0.624074 0.433333 0.625000 0.431771 0.627778 0.431250 0.629630 0.430729 0.632407 0.430729 0.637963 0.431771 0.642593 0.433333 0.645370 0.434375 0.646296 0.435937 0.647222 0.439063 0.647222 0.441667 0.645370 0.443229 0.642593 0.444271 0.637963 0.444271 0.632407 0.443750 0.629630 0.443229 0.627778 0.441667 0.625000 0.439063 0.623148 0.435937 0.623148
0 0.532292 0.549074 0.531250 0.550000 0.530208 0.550926 0.527604 0.555556 0.527083 0.557407 0.526563 0.560185 0.526563 0.566667 0.528125 0.572222 0.529167 0.574074 0.529167 0.575000 0.529687 0.575926 0.532292 0.578704 0.534896 0.579630 0.536979 0.579630 0.538021 0.578704 0.539583 0.576852 0.542708 0.571296 0.543229 0.568519 0.543750 0.564815 0.543750 0.562037 0.543229 0.558333 0.542708 0.556481 0.539583 0.550926 0.538021 0.549074 0.532292 0.549074
0 0.796875 0.475000 0.794792 0.475926 0.793229 0.476852 0.792188 0.477778 0.790625 0.480556 0.790104 0.482407 0.789583 0.485185 0.789583 0.493519 0.790104 0.497222 0.791667 0.500000 0.793229 0.500926 0.795312 0.502778 0.797917 0.504630 0.800000 0.504630 0.801562 0.503704 0.802604 0.502778 0.804167 0.500000 0.805208 0.499074 0.806250 0.499074 0.807813 0.496296 0.808333 0.494444 0.808333 0.485185 0.807813 0.483333 0.807292 0.481481 0.805729 0.478704 0.804688 0.477778 0.803646 0.476852 0.802083 0.475926 0.800521 0.475000 0.796875 0.475000
1 0.816667 0.276852 0.815104 0.277778 0.814063 0.278704 0.812500 0.281481 0.811979 0.283333 0.811458 0.286111 0.811458 0.291667 0.812500 0.296296 0.814063 0.299074 0.815104 0.300000 0.816667 0.300926 0.819792 0.300926 0.822396 0.299074 0.823958 0.296296 0.825000 0.291667 0.825000 0.286111 0.824479 0.283333 0.823958 0.281481 0.822396 0.278704 0.819792 0.276852 0.816667 0.276852
1 0.631250 0.063889 0.629687 0.064815 0.628646 0.065741 0.627083 0.068519 0.626563 0.070370 0.626042 0.073148 0.626042 0.078704 0.627083 0.083333 0.628646 0.086111 0.629687 0.087037 0.631250 0.087963 0.634375 0.087963 0.636979 0.086111 0.638542 0.083333 0.639583 0.078704 0.639583 0.073148 0.639062 0.070370 0.638542 0.068519 0.636979 0.065741 0.634375 0.063889 0.631250 0.063889
1 0.817708 0.168519 0.816146 0.169444 0.815104 0.170370 0.813542 0.173148 0.813021 0.175000 0.812500 0.177778 0.812500 0.183333 0.813542 0.187963 0.815104 0.190741 0.816146 0.191667 0.817708 0.192593 0.820833 0.192593 0.823438 0.190741 0.825000 0.187963 0.826042 0.183333 0.826042 0.177778 0.825521 0.175000 0.825000 0.173148 0.823438 0.170370 0.820833 0.168519 0.817708 0.168519
8 0.490729 0.541019 0.491969 0.479130 0.457448 0.476963 0.458057 0.455778 0.491969 0.456861 0.493188 0.397120 0.506021 0.397120 0.505411 0.459037 0.537917 0.461204 0.537812 0.483241 0.503880 0.480759 0.503594 0.539444
8 0.490729 0.541019 0.491969 0.479130 0.457448 0.476963 0.458057 0.455778 0.491969 0.456861 0.493188 0.397120 0.506021 0.397120 0.505411 0.459037 0.537917 0.461204 0.537812 0.483241 0.503880 0.480759 0.503594 0.539444
1 0.482292 0.500000 0.480729 0.500926 0.479687 0.501852 0.478125 0.504630 0.477604 0.506481 0.477083 0.509259 0.477083 0.514815 0.478125 0.519444 0.479687 0.522222 0.480729 0.523148 0.482292 0.524074 0.485417 0.524074 0.488021 0.522222 0.489583 0.519444 0.490625 0.514815 0.490625 0.509259 0.490104 0.506481 0.489583 0.504630 0.488021 0.501852 0.485417 0.500000 0.482292 0.500000
1 0.818750 0.623148 0.817187 0.624074 0.816146 0.625000 0.814583 0.627778 0.814063 0.629630 0.813542 0.632407 0.813542 0.637963 0.814583 0.642593 0.816146 0.645370 0.817187 0.646296 0.818750 0.647222 0.821875 0.647222 0.824479 0.645370 0.826042 0.642593 0.827083 0.637963 0.827083 0.632407 0.826562 0.629630 0.826042 0.627778 0.824479 0.625000 0.821875 0.623148 0.818750 0.623148
1 0.814583 0.712963 0.813021 0.713889 0.811979 0.714815 0.810417 0.717593 0.809896 0.719444 0.809375 0.722222 0.809375 0.727778 0.810417 0.732407 0.811979 0.735185 0.813021 0.736111 0.814583 0.737037 0.817708 0.737037 0.820312 0.735185 0.821875 0.732407 0.822917 0.727778 0.822917 0.722222 0.822396 0.719444 0.821875 0.717593 0.820312 0.714815 0.817708 0.712963 0.814583 0.712963
1 0.809375 0.762963 0.807813 0.763889 0.806771 0.764815 0.805208 0.767593 0.804688 0.769444 0.804167 0.772222 0.804167 0.777778 0.805208 0.782407 0.806771 0.785185 0.807813 0.786111 0.809375 0.787037 0.812500 0.787037 0.815104 0.785185 0.816667 0.782407 0.817708 0.777778 0.817708 0.772222 0.817187 0.769444 0.816667 0.767593 0.815104 0.764815 0.812500 0.762963 0.809375 0.762963
1 0.781771 0.807407 0.780208 0.808333 0.779167 0.809259 0.777604 0.812037 0.777083 0.813889 0.776563 0.816667 0.776563 0.822222 0.777604 0.826852 0.779167 0.829630 0.780208 0.830556 0.781771 0.831481 0.784896 0.831481 0.787500 0.829630 0.789062 0.826852 0.790104 0.822222 0.790104 0.816667 0.789583 0.813889 0.789062 0.812037 0.787500 0.809259 0.784896 0.807407 0.781771 0.807407
1 0.407292 0.885185 0.405729 0.886111 0.404687 0.887037 0.403125 0.889815 0.402604 0.891667 0.402083 0.894444 0.402083 0.900000 0.403125 0.904630 0.404687 0.907407 0.405729 0.908333 0.407292 0.909259 0.410417 0.909259 0.413021 0.907407 0.414583 0.904630 0.415625 0.900000 0.415625 0.894444 0.415104 0.891667 0.414583 0.889815 0.413021 0.887037 0.410417 0.885185 0.407292 0.885185
1 0.561979 0.717593 0.560417 0.718519 0.559375 0.719444 0.557813 0.722222 0.557292 0.724074 0.556771 0.726852 0.556771 0.732407 0.557813 0.737037 0.559375 0.739815 0.560417 0.740741 0.561979 0.741667 0.565104 0.741667 0.567708 0.739815 0.569271 0.737037 0.570312 0.732407 0.570312 0.726852 0.569792 0.724074 0.569271 0.722222 0.567708 0.719444 0.565104 0.717593 0.561979 0.717593
1 0.539062 0.590741 0.537500 0.591667 0.536458 0.592593 0.534896 0.595370 0.534375 0.597222 0.533854 0.600000 0.533854 0.605556 0.534896 0.610185 0.536458 0.612963 0.537500 0.613889 0.539062 0.614815 0.542188 0.614815 0.544792 0.612963 0.546354 0.610185 0.547396 0.605556 0.547396 0.600000 0.546875 0.597222 0.546354 0.595370 0.544792 0.592593 0.542188 0.590741 0.539062 0.590741
