1 0.506250 0.827778 0.504687 0.828704 0.503646 0.829630 0.502083 0.832407 0.501563 0.834259 0.501042 0.837037 0.501042 0.842593 0.502083 0.847222 0.503646 0.850000 0.504687 0.850926 0.506250 0.851852 0.509375 0.851852 0.511979 0.850000 0.513542 0.847222 0.514583 0.842593 0.514583 0.837037 0.514062 0.834259 0.513542 0.832407 0.511979 0.829630 0.509375 0.827778 0.506250 0.827778
8 0.490729 0.541019 0.491969 0.479130 0.457448 0.476963 0.458057 0.455778 0.491969 0.456861 0.493188 0.397120 0.506021 0.397120 0.505411 0.459037 0.537917 0.461204 0.537812 0.483241 0.503880 0.480759 0.503594 0.539444
1 0.742708 0.501852 0.741146 0.502778 0.740104 0.503704 0.738542 0.506481 0.738021 0.508333 0.737500 0.511111 0.737500 0.516667 0.738542 0.521296 0.740104 0.524074 0.741146 0.525000 0.742708 0.525926 0.745833 0.525926 0.748437 0.524074 0.750000 0.521296 0.751042 0.516667 0.751042 0.511111 0.750521 0.508333 0.750000 0.506481 0.748437 0.503704 0.745833 0.501852 0.742708 0.501852
1 0.736979 0.262963 0.735417 0.263889 0.734375 0.264815 0.732812 0.267593 0.732292 0.269444 0.731771 0.272222 0.731771 0.277778 0.732812 0.282407 0.734375 0.285185 0.735417 0.286111 0.736979 0.287037 0.740104 0.287037 0.742708 0.285185 0.744271 0.282407 0.745313 0.277778 0.745313 0.272222 0.744792 0.269444 0.744271 0.267593 0.742708 0.264815 0.740104 0.262963 0.736979 0.262963
1 0.791667 0.173148 0.790104 0.174074 0.789062 0.175000 0.787500 0.177778 0.786979 0.179630 0.786458 0.182407 0.786458 0.187963 0.787500 0.192593 0.789062 0.195370 0.790104 0.196296 0.791667 0.197222 0.794792 0.197222 0.797396 0.195370 0.798958 0.192593 0.800000 0.187963 0.800000 0.182407 0.799479 0.179630 0.798958 0.177778 0.797396 0.175000 0.794792 0.173148 0.791667 0.173148
1 0.767188 0.135185 0.765625 0.136111 0.764583 0.137037 0.763021 0.139815 0.762500 0.141667 0.761979 0.144444 0.761979 0.150000 0.763021 0.154630 0.764583 0.157407 0.765625 0.158333 0.767188 0.159259 0.770312 0.159259 0.772917 0.157407 0.774479 0.154630 0.775521 0.150000 0.775521 0.144444 0.775000 0.141667 0.774479 0.139815 0.772917 0.137037 0.770312 0.135185 0.767188 0.135185
1 0.661458 0.068519 0.659896 0.069444 0.658854 0.070370 0.657292 0.073148 0.656771 0.075000 0.656250 0.077778 0.656250 0.083333 0.657292 0.087963 0.658854 0.090741 0.659896 0.091667 0.661458 0.092593 0.664583 0.092593 0.667188 0.090741 0.668750 0.087963 0.669792 0.083333 0.669792 0.077778 0.669271 0.075000 0.668750 0.073148 0.667188 0.070370 0.664583 0.068519 0.661458 0.068519
1 0.593750 0.212037 0.592187 0.212963 0.591146 0.213889 0.589583 0.216667 0.589063 0.218519 0.588542 0.221296 0.588542 0.226852 0.589583 0.231481 0.591146 0.234259 0.592187 0.235185 0.593750 0.236111 0.596875 0.236111 0.599479 0.234259 0.601042 0.231481 0.602083 0.226852 0.602083 0.221296 0.601562 0.218519 0.601042 0.216667 0.599479 0.213889 0.596875 0.212037 0.593750 0.212037
1 0.371354 0.062963 0.369792 0.063889 0.368750 0.064815 0.367188 0.067593 0.366667 0.069444 0.366146 0.072222 0.366146 0.077778 0.367188 0.082407 0.368750 0.085185 0.369792 0.086111 0.371354 0.087037 0.374479 0.087037 0.377083 0.085185 0.378646 0.082407 0.379688 0.077778 0.379688 0.072222 0.379167 0.069444 0.378646 0.067593 0.377083 0.064815 0.374479 0.062963 0.371354 0.062963
0 0.388021 0.650000 0.386979 0.650926 0.385937 0.651852 0.384375 0.654630 0.383854 0.656481 0.383333 0.658333 0.383333 0.663889 0.383854 0.665741 0.384375 0.667593 0.385937 0.670370 0.386979 0.671296 0.388021 0.672222 0.391146 0.672222 0.392188 0.671296 0.393229 0.670370 0.394792 0.667593 0.395313 0.665741 0.395833 0.663889 0.395833 0.658333 0.395313 0.656481 0.394792 0.654630 0.393229 0.651852 0.392188 0.650926 0.391146 0.650000 0.388021 0.650000
8 0.490729 0.541019 0.491969 0.479130 0.457448 0.476963 0.458057 0.455778 0.491969 0.456861 0.493188 0.397120 0.506021 0.397120 0.505411 0.459037 0.537917 0.461204 0.537812 0.483241 0.503880 0.480759 0.503594 0.539444
