1 0.816667 0.628704 0.815104 0.629630 0.814063 0.630556 0.812500 0.633333 0.811979 0.635185 0.811458 0.637963 0.811458 0.643519 0.812500 0.648148 0.814063 0.650926 0.815104 0.651852 0.816667 0.652778 0.819792 0.652778 0.822396 0.650926 0.823958 0.648148 0.825000 0.643519 0.825000 0.637963 0.824479 0.635185 0.823958 0.633333 0.822396 0.630556 0.819792 0.628704 0.816667 0.628704
8 0.490729 0.541019 0.491969 0.479130 0.457448 0.476963 0.458057 0.455778 0.491969 0.456861 0.493188 0.397120 0.506021 0.397120 0.505411 0.459037 0.537917 0.461204 0.537812 0.483241 0.503880 0.480759 0.503594 0.539444
8 0.490729 0.541019 0.491969 0.479130 0.457448 0.476963 0.458057 0.455778 0.491969 0.456861 0.493188 0.397120 0.506021 0.397120 0.505411 0.459037 0.537917 0.461204 0.537812 0.483241 0.503880 0.480759 0.503594 0.539444
0 0.546354 0.558333 0.544271 0.559259 0.543229 0.560185 0.541667 0.562037 0.540104 0.564815 0.539583 0.568519 0.539062 0.573148 0.539583 0.579630 0.540104 0.581481 0.542188 0.585185 0.543750 0.587037 0.544792 0.587963 0.550521 0.587963 0.551562 0.587037 0.552604 0.586111 0.554167 0.583333 0.555208 0.580556 0.555729 0.578704 0.556250 0.574074 0.556250 0.570370 0.555208 0.565741 0.554167 0.562963 0.552604 0.560185 0.551562 0.559259 0.549479 0.558333 0.546354 0.558333
0 0.782292 0.536111 0.778646 0.537037 0.776042 0.538889 0.775000 0.539815 0.774479 0.540741 0.774479 0.541667 0.773438 0.543519 0.772917 0.546296 0.772917 0.554630 0.773438 0.557407 0.774479 0.561111 0.776042 0.562037 0.778646 0.564815 0.781771 0.565741 0.783333 0.565741 0.784896 0.564815 0.786458 0.563889 0.789583 0.558333 0.790625 0.555556 0.791146 0.552778 0.791146 0.549074 0.790625 0.547222 0.790104 0.545370 0.788021 0.540741 0.787500 0.539815 0.786458 0.538889 0.783854 0.537037 0.782292 0.536111
1 0.191146 0.903704 0.189583 0.904630 0.188542 0.905556 0.186979 0.908333 0.186458 0.910185 0.185938 0.912963 0.185938 0.918519 0.186979 0.923148 0.188542 0.925926 0.189583 0.926852 0.191146 0.927778 0.194271 0.927778 0.196875 0.925926 0.198437 0.923148 0.199479 0.918519 0.199479 0.912963 0.198958 0.910185 0.198437 0.908333 0.196875 0.905556 0.194271 0.903704 0.191146 0.903704
1 0.179167 0.854630 0.177604 0.855556 0.176563 0.856481 0.175000 0.859259 0.174479 0.861111 0.173958 0.863889 0.173958 0.869444 0.175000 0.874074 0.176563 0.876852 0.177604 0.877778 0.179167 0.878704 0.182292 0.878704 0.184896 0.876852 0.186458 0.874074 0.187500 0.869444 0.187500 0.863889 0.186979 0.861111 0.186458 0.859259 0.184896 0.856481 0.182292 0.854630 0.179167 0.854630
1 0.270833 0.783333 0.269271 0.784259 0.268229 0.785185 0.266667 0.787963 0.266146 0.789815 0.265625 0.792593 0.265625 0.798148 0.266667 0.802778 0.268229 0.805556 0.269271 0.806481 0.270833 0.807407 0.273958 0.807407 0.276562 0.805556 0.278125 0.802778 0.279167 0.798148 0.279167 0.792593 0.278646 0.789815 0.278125 0.787963 0.276562 0.785185 0.273958 0.783333 0.270833 0.783333
1 0.315625 0.858333 0.314063 0.859259 0.313021 0.860185 0.311458 0.862963 0.310937 0.864815 0.310417 0.867593 0.310417 0.873148 0.311458 0.877778 0.313021 0.880556 0.314063 0.881481 0.315625 0.882407 0.318750 0.882407 0.321354 0.880556 0.322917 0.877778 0.323958 0.873148 0.323958 0.867593 0.323437 0.864815 0.322917 0.862963 0.321354 0.860185 0.318750 0.858333 0.315625 0.858333
1 0.358854 0.870370 0.357292 0.871296 0.356250 0.872222 0.354687 0.875000 0.354167 0.876852 0.353646 0.879630 0.353646 0.885185 0.354687 0.889815 0.356250 0.892593 0.357292 0.893519 0.358854 0.894444 0.361979 0.894444 0.364583 0.892593 0.366146 0.889815 0.367188 0.885185 0.367188 0.879630 0.366667 0.876852 0.366146 0.875000 0.364583 0.872222 0.361979 0.870370 0.358854 0.870370
1 0.351042 0.710185 0.349479 0.711111 0.348438 0.712037 0.346875 0.714815 0.346354 0.716667 0.345833 0.719444 0.345833 0.725000 0.346875 0.729630 0.348438 0.732407 0.349479 0.733333 0.351042 0.734259 0.354167 0.734259 0.356771 0.732407 0.358333 0.729630 0.359375 0.725000 0.359375 0.719444 0.358854 0.716667 0.358333 0.714815 0.356771 0.712037 0.354167 0.710185 0.351042 0.710185
1 0.454688 0.705556 0.453125 0.706481 0.452083 0.707407 0.450521 0.710185 0.450000 0.712037 0.449479 0.714815 0.449479 0.720370 0.450521 0.725000 0.452083 0.727778 0.453125 0.728704 0.454688 0.729630 0.457813 0.729630 0.460417 0.727778 0.461979 0.725000 0.463021 0.720370 0.463021 0.714815 0.462500 0.712037 0.461979 0.710185 0.460417 0.707407 0.457813 0.705556 0.454688 0.705556
1 0.478646 0.482407 0.477083 0.483333 0.476042 0.484259 0.474479 0.487037 0.473958 0.488889 0.473438 0.491667 0.473438 0.497222 0.474479 0.501852 0.476042 0.504630 0.477083 0.505556 0.478646 0.506481 0.481771 0.506481 0.484375 0.504630 0.485938 0.501852 0.486979 0.497222 0.486979 0.491667 0.486458 0.488889 0.485938 0.487037 0.484375 0.484259 0.481771 0.482407 0.478646 0.482407
1 0.183854 0.273148 0.182292 0.274074 0.181250 0.275000 0.179688 0.277778 0.179167 0.279630 0.178646 0.282407 0.178646 0.287963 0.179688 0.292593 0.181250 0.295370 0.182292 0.296296 0.183854 0.297222 0.186979 0.297222 0.189583 0.295370 0.191146 0.292593 0.192188 0.287963 0.192188 0.282407 0.191667 0.279630 0.191146 0.277778 0.189583 0.275000 0.186979 0.273148 0.183854 0.273148
1 0.461458 0.284259 0.459896 0.285185 0.458854 0.286111 0.457292 0.288889 0.456771 0.290741 0.456250 0.293519 0.456250 0.299074 0.457292 0.303704 0.458854 0.306481 0.459896 0.307407 0.461458 0.308333 0.464583 0.308333 0.467187 0.306481 0.468750 0.303704 0.469792 0.299074 0.469792 0.293519 0.469271 0.290741 0.468750 0.288889 0.467187 0.286111 0.464583 0.284259 0.461458 0.284259
1 0.533854 0.079630 0.532292 0.080556 0.531250 0.081481 0.529687 0.084259 0.529167 0.086111 0.528646 0.088889 0.528646 0.094444 0.529687 0.099074 0.531250 0.101852 0.532292 0.102778 0.533854 0.103704 0.536979 0.103704 0.539583 0.101852 0.541146 0.099074 0.542188 0.094444 0.542188 0.088889 0.541667 0.086111 0.541146 0.084259 0.539583 0.081481 0.536979 0.079630 0.533854 0.079630
