1 0.620833 0.295370 0.619271 0.296296 0.618229 0.297222 0.616667 0.300000 0.616146 0.301852 0.615625 0.304630 0.615625 0.310185 0.616667 0.314815 0.618229 0.317593 0.619271 0.318519 0.620833 0.319444 0.623958 0.319444 0.626563 0.317593 0.628125 0.314815 0.629167 0.310185 0.629167 0.304630 0.628646 0.301852 0.628125 0.300000 0.626563 0.297222 0.623958 0.295370 0.620833 0.295370
0 0.356250 0.490741 0.353646 0.492593 0.351562 0.496296 0.351042 0.498148 0.350521 0.500926 0.350521 0.504630 0.351042 0.507407 0.351562 0.509259 0.353646 0.512963 0.356250 0.514815 0.359375 0.514815 0.361979 0.512963 0.364063 0.509259 0.364583 0.507407 0.365104 0.504630 0.365104 0.500926 0.364583 0.498148 0.364063 0.496296 0.361979 0.492593 0.359375 0.490741 0.356250 0.490741
8 0.490729 0.541019 0.491969 0.479130 0.457448 0.476963 0.458057 0.455778 0.491969 0.456861 0.493188 0.397120 0.506021 0.397120 0.505411 0.459037 0.537917 0.461204 0.537812 0.483241 0.503880 0.480759 0.503594 0.539444
8 0.490729 0.541019 0.491969 0.479130 0.457448 0.476963 0.458057 0.455778 0.491969 0.456861 0.493188 0.397120 0.506021 0.397120 0.505411 0.459037 0.537917 0.461204 0.537812 0.483241 0.503880 0.480759 0.503594 0.539444
1 0.503646 0.824074 0.502083 0.825000 0.501042 0.825926 0.499479 0.828704 0.498958 0.830556 0.498437 0.833333 0.498437 0.838889 0.499479 0.843519 0.501042 0.846296 0.502083 0.847222 0.503646 0.848148 0.506771 0.848148 0.509375 0.846296 0.510938 0.843519 0.511979 0.838889 0.511979 0.833333 0.511458 0.830556 0.510938 0.828704 0.509375 0.825926 0.506771 0.824074 0.503646 0.824074
1 0.578646 0.601852 0.577083 0.602778 0.576042 0.603704 0.574479 0.606481 0.573958 0.608333 0.573438 0.611111 0.573438 0.616667 0.574479 0.621296 0.576042 0.624074 0.577083 0.625000 0.578646 0.625926 0.581771 0.625926 0.584375 0.624074 0.585938 0.621296 0.586979 0.616667 0.586979 0.611111 0.586458 0.608333 0.585938 0.606481 0.584375 0.603704 0.581771 0.601852 0.578646 0.601852
1 0.644271 0.462037 0.642708 0.462963 0.641667 0.463889 0.640104 0.466667 0.639583 0.468519 0.639062 0.471296 0.639062 0.476852 0.640104 0.481481 0.641667 0.484259 0.642708 0.485185 0.644271 0.486111 0.647396 0.486111 0.650000 0.484259 0.651563 0.481481 0.652604 0.476852 0.652604 0.471296 0.652083 0.468519 0.651563 0.466667 0.650000 0.463889 0.647396 0.462037 0.644271 0.462037
1 0.697917 0.422222 0.696354 0.423148 0.695312 0.424074 0.693750 0.426852 0.693229 0.428704 0.692708 0.431481 0.692708 0.437037 0.693750 0.441667 0.695312 0.444444 0.696354 0.445370 0.697917 0.446296 0.701042 0.446296 0.703646 0.444444 0.705208 0.441667 0.706250 0.437037 0.706250 0.431481 0.705729 0.428704 0.705208 0.426852 0.703646 0.424074 0.701042 0.422222 0.697917 0.422222
1 0.534896 0.104630 0.533333 0.105556 0.532292 0.106481 0.530729 0.109259 0.530208 0.111111 0.529687 0.113889 0.529687 0.119444 0.530729 0.124074 0.532292 0.126852 0.533333 0.127778 0.534896 0.128704 0.538021 0.128704 0.540625 0.126852 0.542188 0.124074 0.543229 0.119444 0.543229 0.113889 0.542708 0.111111 0.542188 0.109259 0.540625 0.106481 0.538021 0.104630 0.534896 0.104630
1 0.631250 0.074074 0.629687 0.075000 0.628646 0.075926 0.627083 0.078704 0.626563 0.080556 0.626042 0.083333 0.626042 0.088889 0.627083 0.093519 0.628646 0.096296 0.629687 0.097222 0.631250 0.098148 0.634375 0.098148 0.636979 0.096296 0.638542 0.093519 0.639583 0.088889 0.639583 0.083333 0.639062 0.080556 0.638542 0.078704 0.636979 0.075926 0.634375 0.074074 0.631250 0.074074
1 0.315104 0.349074 0.313542 0.350000 0.312500 0.350926 0.310937 0.353704 0.310417 0.355556 0.309896 0.358333 0.309896 0.363889 0.310937 0.368519 0.312500 0.371296 0.313542 0.372222 0.315104 0.373148 0.318229 0.373148 0.320833 0.371296 0.322396 0.368519 0.323437 0.363889 0.323437 0.358333 0.322917 0.355556 0.322396 0.353704 0.320833 0.350926 0.318229 0.349074 0.315104 0.349074
