1 0.816667 0.166667 0.815104 0.167593 0.814063 0.168519 0.812500 0.171296 0.811979 0.173148 0.811458 0.175926 0.811458 0.181481 0.812500 0.186111 0.814063 0.188889 0.815104 0.189815 0.816667 0.190741 0.819792 0.190741 0.822396 0.188889 0.823958 0.186111 0.825000 0.181481 0.825000 0.175926 0.824479 0.173148 0.823958 0.171296 0.822396 0.168519 0.819792 0.166667 0.816667 0.166667
1 0.816667 0.625926 0.815104 0.626852 0.814063 0.627778 0.812500 0.630556 0.811979 0.632407 0.811458 0.635185 0.811458 0.640741 0.812500 0.645370 0.814063 0.648148 0.815104 0.649074 0.816667 0.650000 0.819792 0.650000 0.822396 0.648148 0.823958 0.645370 0.825000 0.640741 0.825000 0.635185 0.824479 0.632407 0.823958 0.630556 0.822396 0.627778 0.819792 0.625926 0.816667 0.625926
1 0.815104 0.817593 0.813542 0.818519 0.812500 0.819444 0.810937 0.822222 0.810417 0.824074 0.809896 0.826852 0.809896 0.832407 0.810937 0.837037 0.812500 0.839815 0.813542 0.840741 0.815104 0.841667 0.818229 0.841667 0.820833 0.839815 0.822396 0.837037 0.823438 0.832407 0.823438 0.826852 0.822917 0.824074 0.822396 0.822222 0.820833 0.819444 0.818229 0.817593 0.815104 0.817593
1 0.813021 0.743519 0.811458 0.744444 0.810417 0.745370 0.808854 0.748148 0.808333 0.750000 0.807813 0.752778 0.807813 0.758333 0.808854 0.762963 0.810417 0.765741 0.811458 0.766667 0.813021 0.767593 0.816146 0.767593 0.818750 0.765741 0.820312 0.762963 0.821354 0.758333 0.821354 0.752778 0.820833 0.750000 0.820312 0.748148 0.818750 0.745370 0.816146 0.743519 0.813021 0.743519
1 0.730208 0.773148 0.728646 0.774074 0.727604 0.775000 0.726042 0.777778 0.725521 0.779630 0.725000 0.782407 0.725000 0.787963 0.726042 0.792593 0.727604 0.795370 0.728646 0.796296 0.730208 0.797222 0.733333 0.797222 0.735938 0.795370 0.737500 0.792593 0.738542 0.787963 0.738542 0.782407 0.738021 0.779630 0.737500 0.777778 0.735938 0.775000 0.733333 0.773148 0.730208 0.773148
1 0.407292 0.883333 0.405729 0.884259 0.404687 0.885185 0.403125 0.887963 0.402604 0.889815 0.402083 0.892593 0.402083 0.898148 0.403125 0.902778 0.404687 0.905556 0.405729 0.906481 0.407292 0.907407 0.410417 0.907407 0.413021 0.905556 0.414583 0.902778 0.415625 0.898148 0.415625 0.892593 0.415104 0.889815 0.414583 0.887963 0.413021 0.885185 0.410417 0.883333 0.407292 0.883333
1 0.562500 0.717593 0.560937 0.718519 0.559896 0.719444 0.558333 0.722222 0.557813 0.724074 0.557292 0.726852 0.557292 0.732407 0.558333 0.737037 0.559896 0.739815 0.560937 0.740741 0.562500 0.741667 0.565625 0.741667 0.568229 0.739815 0.569792 0.737037 0.570833 0.732407 0.570833 0.726852 0.570312 0.724074 0.569792 0.722222 0.568229 0.719444 0.565625 0.717593 0.562500 0.717593
1 0.539062 0.592593 0.537500 0.593519 0.536458 0.594444 0.534896 0.597222 0.534375 0.599074 0.533854 0.601852 0.533854 0.607407 0.534896 0.612037 0.536458 0.614815 0.537500 0.615741 0.539062 0.616667 0.542188 0.616667 0.544792 0.614815 0.546354 0.612037 0.547396 0.607407 0.547396 0.601852 0.546875 0.599074 0.546354 0.597222 0.544792 0.594444 0.542188 0.592593 0.539062 0.592593
1 0.434896 0.625000 0.433333 0.625926 0.432292 0.626852 0.430729 0.629630 0.430208 0.631481 0.429688 0.634259 0.429688 0.639815 0.430729 0.644444 0.432292 0.647222 0.433333 0.648148 0.434896 0.649074 0.438021 0.649074 0.440625 0.647222 0.442188 0.644444 0.443229 0.639815 0.443229 0.634259 0.442708 0.631481 0.442188 0.629630 0.440625 0.626852 0.438021 0.625000 0.434896 0.625000
1 0.480729 0.500000 0.479167 0.500926 0.478125 0.501852 0.476562 0.504630 0.476042 0.506481 0.475521 0.509259 0.475521 0.514815 0.476562 0.519444 0.478125 0.522222 0.479167 0.523148 0.480729 0.524074 0.483854 0.524074 0.486458 0.522222 0.488021 0.519444 0.489063 0.514815 0.489063 0.509259 0.488542 0.506481 0.488021 0.504630 0.486458 0.501852 0.483854 0.500000 0.480729 0.500000
8 0.490729 0.541019 0.491969 0.479130 0.457448 0.476963 0.458057 0.455778 0.491969 0.456861 0.493188 0.397120 0.506021 0.397120 0.505411 0.459037 0.537917 0.461204 0.537812 0.483241 0.503880 0.480759 0.503594 0.539444
8 0.490729 0.541019 0.491969 0.479130 0.457448 0.476963 0.458057 0.455778 0.491969 0.456861 0.493188 0.397120 0.506021 0.397120 0.505411 0.459037 0.537917 0.461204 0.537812 0.483241 0.503880 0.480759 0.503594 0.539444
1 0.622396 0.064815 0.620833 0.065741 0.619792 0.066667 0.618229 0.069444 0.617708 0.071296 0.617188 0.074074 0.617188 0.079630 0.618229 0.084259 0.619792 0.087037 0.620833 0.087963 0.622396 0.088889 0.625521 0.088889 0.628125 0.087037 0.629687 0.084259 0.630729 0.079630 0.630729 0.074074 0.630208 0.071296 0.629687 0.069444 0.628125 0.066667 0.625521 0.064815 0.622396 0.064815
1 0.800521 0.169444 0.798958 0.170370 0.797917 0.171296 0.796354 0.174074 0.795833 0.175926 0.795312 0.178704 0.795312 0.184259 0.796354 0.188889 0.797917 0.191667 0.798958 0.192593 0.800521 0.193519 0.803646 0.193519 0.806250 0.191667 0.807813 0.188889 0.808854 0.184259 0.808854 0.178704 0.808333 0.175926 0.807813 0.174074 0.806250 0.171296 0.803646 0.169444 0.800521 0.169444
0 0.532292 0.549074 0.531250 0.550000 0.530208 0.550926 0.528125 0.554630 0.527604 0.556481 0.527083 0.558333 0.526563 0.561111 0.526563 0.564815 0.527083 0.568519 0.527604 0.570370 0.528125 0.572222 0.531250 0.577778 0.532292 0.578704 0.534896 0.579630 0.536979 0.579630 0.538021 0.578704 0.540104 0.575926 0.542188 0.572222 0.542708 0.570370 0.543229 0.567593 0.543229 0.559259 0.542708 0.556481 0.539583 0.550926 0.538542 0.550000 0.537500 0.549074 0.532292 0.549074
0 0.808333 0.475926 0.805729 0.476852 0.804688 0.477778 0.803125 0.479630 0.801562 0.482407 0.801042 0.484259 0.800521 0.486111 0.800000 0.488889 0.800000 0.491667 0.800521 0.495370 0.801042 0.498148 0.802604 0.500926 0.803646 0.501852 0.804688 0.501852 0.805729 0.503704 0.806771 0.504630 0.810937 0.504630 0.814063 0.503704 0.815104 0.502778 0.817708 0.498148 0.818229 0.496296 0.818750 0.493519 0.818750 0.486111 0.818229 0.484259 0.817708 0.483333 0.814583 0.478704 0.813542 0.477778 0.812500 0.476852 0.810937 0.475926 0.808333 0.475926
