1 0.576042 0.900000 0.574479 0.900926 0.572396 0.903704 0.571875 0.904630 0.571354 0.906481 0.570312 0.910185 0.570312 0.917593 0.571354 0.922222 0.572396 0.924074 0.572917 0.924074 0.574479 0.926852 0.576042 0.927778 0.579167 0.927778 0.580729 0.926852 0.582292 0.924074 0.582812 0.924074 0.583854 0.922222 0.584896 0.917593 0.584896 0.910185 0.583854 0.906481 0.583333 0.904630 0.582812 0.903704 0.580729 0.900926 0.579167 0.900000 0.576042 0.900000
1 0.607812 0.895370 0.606250 0.896296 0.605208 0.897222 0.603125 0.900926 0.602083 0.905556 0.602083 0.911111 0.603125 0.915741 0.605208 0.919444 0.606250 0.920370 0.607812 0.921296 0.609896 0.921296 0.611458 0.920370 0.612500 0.919444 0.614583 0.915741 0.615625 0.911111 0.615625 0.905556 0.614583 0.900926 0.612500 0.897222 0.611458 0.896296 0.609896 0.895370 0.607812 0.895370
1 0.818229 0.239815 0.816667 0.240741 0.815625 0.241667 0.814063 0.244444 0.813542 0.246296 0.813021 0.249074 0.813021 0.254630 0.814063 0.259259 0.815625 0.262037 0.816667 0.262963 0.818229 0.263889 0.821354 0.263889 0.823958 0.262037 0.825521 0.259259 0.826562 0.254630 0.826562 0.249074 0.826042 0.246296 0.825521 0.244444 0.823958 0.241667 0.821354 0.239815 0.818229 0.239815
0 0.744271 0.825000 0.743229 0.825926 0.741146 0.828704 0.739583 0.831481 0.739062 0.833333 0.738542 0.836111 0.738542 0.840741 0.739062 0.845370 0.742188 0.851852 0.743229 0.853704 0.744271 0.854630 0.746354 0.855556 0.751042 0.855556 0.752083 0.854630 0.753125 0.853704 0.755729 0.849074 0.756250 0.847222 0.756250 0.837037 0.754687 0.831481 0.753125 0.828704 0.752083 0.827778 0.751042 0.826852 0.748437 0.825000 0.744271 0.825000
1 0.561458 0.117593 0.559896 0.118519 0.558854 0.119444 0.556250 0.124074 0.555729 0.125926 0.555208 0.128704 0.555208 0.133333 0.555729 0.135185 0.556250 0.137037 0.558854 0.141667 0.559896 0.142593 0.561458 0.143519 0.564063 0.143519 0.565104 0.142593 0.566146 0.141667 0.568750 0.137037 0.569271 0.135185 0.569792 0.133333 0.569792 0.128704 0.569271 0.125926 0.568750 0.124074 0.566146 0.119444 0.565104 0.118519 0.564063 0.117593 0.561458 0.117593
1 0.687500 0.869444 0.684896 0.871296 0.682813 0.875000 0.682292 0.876852 0.681771 0.879630 0.681771 0.883333 0.682292 0.886111 0.682813 0.887963 0.684896 0.891667 0.687500 0.893519 0.690625 0.893519 0.693229 0.891667 0.695312 0.887963 0.695833 0.886111 0.696354 0.883333 0.696354 0.879630 0.695833 0.876852 0.695312 0.875000 0.693229 0.871296 0.690625 0.869444 0.687500 0.869444
1 0.580208 0.070370 0.578125 0.071296 0.576042 0.074074 0.574479 0.076852 0.573958 0.078704 0.573438 0.081481 0.573438 0.087963 0.573958 0.089815 0.574479 0.091667 0.576042 0.094444 0.578125 0.097222 0.580208 0.098148 0.583854 0.098148 0.585417 0.097222 0.586979 0.095370 0.589063 0.091667 0.589583 0.089815 0.590104 0.087963 0.590104 0.081481 0.589583 0.078704 0.589063 0.076852 0.586979 0.073148 0.585417 0.071296 0.583854 0.070370 0.580208 0.070370
1 0.595313 0.060185 0.593750 0.061111 0.591146 0.065741 0.590104 0.068519 0.589583 0.071296 0.589583 0.078704 0.590104 0.081481 0.590625 0.083333 0.593750 0.088889 0.595313 0.089815 0.598437 0.089815 0.600000 0.088889 0.603125 0.083333 0.603646 0.081481 0.604167 0.078704 0.604167 0.071296 0.603646 0.068519 0.602604 0.065741 0.600000 0.061111 0.598437 0.060185 0.595313 0.060185
1 0.777083 0.544444 0.774479 0.546296 0.771875 0.550926 0.771354 0.553704 0.771354 0.557407 0.771875 0.560185 0.774479 0.564815 0.777083 0.566667 0.781250 0.566667 0.783854 0.564815 0.786458 0.560185 0.786979 0.557407 0.786979 0.553704 0.786458 0.550926 0.783854 0.546296 0.781250 0.544444 0.777083 0.544444
1 0.270833 0.426852 0.269271 0.427778 0.268229 0.428704 0.266667 0.431481 0.266146 0.433333 0.265625 0.436111 0.265625 0.441667 0.266667 0.446296 0.268229 0.449074 0.269271 0.450000 0.270833 0.450926 0.273958 0.450926 0.276562 0.449074 0.278125 0.446296 0.279167 0.441667 0.279167 0.436111 0.278646 0.433333 0.278125 0.431481 0.276562 0.428704 0.273958 0.426852 0.270833 0.426852
8 0.490729 0.541019 0.491969 0.479130 0.457448 0.476963 0.458057 0.455778 0.491969 0.456861 0.493188 0.397120 0.506021 0.397120 0.505411 0.459037 0.537917 0.461204 0.537812 0.483241 0.503880 0.480759 0.503594 0.539444
8 0.490729 0.541019 0.491969 0.479130 0.457448 0.476963 0.458057 0.455778 0.491969 0.456861 0.493188 0.397120 0.506021 0.397120 0.505411 0.459037 0.537917 0.461204 0.537812 0.483241 0.503880 0.480759 0.503594 0.539444
1 0.449479 0.773148 0.447917 0.774074 0.446875 0.775000 0.445312 0.777778 0.444792 0.779630 0.444271 0.782407 0.444271 0.787963 0.445312 0.792593 0.446875 0.795370 0.447917 0.796296 0.449479 0.797222 0.452604 0.797222 0.455208 0.795370 0.456771 0.792593 0.457813 0.787963 0.457813 0.782407 0.457292 0.779630 0.456771 0.777778 0.455208 0.775000 0.452604 0.773148 0.449479 0.773148
1 0.389583 0.889815 0.388021 0.890741 0.385937 0.893519 0.385417 0.894444 0.384896 0.896296 0.383854 0.900000 0.383854 0.907407 0.384896 0.912037 0.385937 0.913889 0.386458 0.913889 0.388021 0.916667 0.389583 0.917593 0.392708 0.917593 0.394271 0.916667 0.395833 0.913889 0.396354 0.913889 0.397396 0.912037 0.398438 0.907407 0.398438 0.900000 0.397396 0.896296 0.396875 0.894444 0.396354 0.893519 0.394271 0.890741 0.392708 0.889815 0.389583 0.889815
1 0.533854 0.901852 0.531250 0.903704 0.529167 0.907407 0.528646 0.909259 0.528125 0.912037 0.528125 0.915741 0.528646 0.918519 0.529167 0.920370 0.531250 0.924074 0.533854 0.925926 0.536979 0.925926 0.539583 0.924074 0.541667 0.920370 0.542188 0.918519 0.542708 0.915741 0.542708 0.912037 0.542188 0.909259 0.541667 0.907407 0.539583 0.903704 0.536979 0.901852 0.533854 0.901852
