1 0.727083 0.550926 0.725521 0.551852 0.724479 0.552778 0.722917 0.555556 0.722396 0.557407 0.721875 0.560185 0.721875 0.565741 0.722917 0.570370 0.724479 0.573148 0.725521 0.574074 0.727083 0.575000 0.730208 0.575000 0.732812 0.573148 0.734375 0.570370 0.735417 0.565741 0.735417 0.560185 0.734896 0.557407 0.734375 0.555556 0.732812 0.552778 0.730208 0.550926 0.727083 0.550926
1 0.776042 0.183333 0.774479 0.184259 0.773438 0.185185 0.771875 0.187963 0.771354 0.189815 0.770833 0.192593 0.770833 0.198148 0.771875 0.202778 0.773438 0.205556 0.774479 0.206481 0.776042 0.207407 0.779167 0.207407 0.781771 0.205556 0.783333 0.202778 0.784375 0.198148 0.784375 0.192593 0.783854 0.189815 0.783333 0.187963 0.781771 0.185185 0.779167 0.183333 0.776042 0.183333
1 0.622917 0.063889 0.621354 0.064815 0.620313 0.065741 0.618750 0.068519 0.618229 0.070370 0.617708 0.073148 0.617708 0.078704 0.618750 0.083333 0.620313 0.086111 0.621354 0.087037 0.622917 0.087963 0.626042 0.087963 0.628646 0.086111 0.630208 0.083333 0.631250 0.078704 0.631250 0.073148 0.630729 0.070370 0.630208 0.068519 0.628646 0.065741 0.626042 0.063889 0.622917 0.063889
1 0.288021 0.215741 0.286458 0.216667 0.285417 0.217593 0.283854 0.220370 0.283333 0.222222 0.282813 0.225000 0.282813 0.230556 0.283854 0.235185 0.285417 0.237963 0.286458 0.238889 0.288021 0.239815 0.291146 0.239815 0.293750 0.237963 0.295312 0.235185 0.296354 0.230556 0.296354 0.225000 0.295833 0.222222 0.295312 0.220370 0.293750 0.217593 0.291146 0.215741 0.288021 0.215741
1 0.273438 0.376852 0.271875 0.377778 0.270833 0.378704 0.269271 0.381481 0.268750 0.383333 0.268229 0.386111 0.268229 0.391667 0.269271 0.396296 0.270833 0.399074 0.271875 0.400000 0.273438 0.400926 0.276562 0.400926 0.279167 0.399074 0.280729 0.396296 0.281771 0.391667 0.281771 0.386111 0.281250 0.383333 0.280729 0.381481 0.279167 0.378704 0.276562 0.376852 0.273438 0.376852
1 0.185417 0.312037 0.183854 0.312963 0.182812 0.313889 0.181250 0.316667 0.180729 0.318519 0.180208 0.321296 0.180208 0.326852 0.181250 0.331481 0.182812 0.334259 0.183854 0.335185 0.185417 0.336111 0.188542 0.336111 0.191146 0.334259 0.192708 0.331481 0.193750 0.326852 0.193750 0.321296 0.193229 0.318519 0.192708 0.316667 0.191146 0.313889 0.188542 0.312037 0.185417 0.312037
1 0.466667 0.504630 0.465104 0.505556 0.464062 0.506481 0.462500 0.509259 0.461979 0.511111 0.461458 0.513889 0.461458 0.519444 0.462500 0.524074 0.464062 0.526852 0.465104 0.527778 0.466667 0.528704 0.469792 0.528704 0.472396 0.526852 0.473958 0.524074 0.475000 0.519444 0.475000 0.513889 0.474479 0.511111 0.473958 0.509259 0.472396 0.506481 0.469792 0.504630 0.466667 0.504630
1 0.615625 0.582407 0.614062 0.583333 0.613021 0.584259 0.611458 0.587037 0.610938 0.588889 0.610417 0.591667 0.610417 0.597222 0.611458 0.601852 0.613021 0.604630 0.614062 0.605556 0.615625 0.606481 0.618750 0.606481 0.621354 0.604630 0.622917 0.601852 0.623958 0.597222 0.623958 0.591667 0.623437 0.588889 0.622917 0.587037 0.621354 0.584259 0.618750 0.582407 0.615625 0.582407
1 0.801042 0.874074 0.799479 0.875000 0.798438 0.875926 0.796875 0.878704 0.796354 0.880556 0.795833 0.883333 0.795833 0.888889 0.796875 0.893519 0.798438 0.896296 0.799479 0.897222 0.801042 0.898148 0.804167 0.898148 0.806771 0.896296 0.808333 0.893519 0.809375 0.888889 0.809375 0.883333 0.808854 0.880556 0.808333 0.878704 0.806771 0.875926 0.804167 0.874074 0.801042 0.874074
1 0.576562 0.813889 0.575000 0.814815 0.573958 0.815741 0.572396 0.818519 0.571875 0.820370 0.571354 0.823148 0.571354 0.828704 0.572396 0.833333 0.573958 0.836111 0.575000 0.837037 0.576562 0.837963 0.579688 0.837963 0.582292 0.836111 0.583854 0.833333 0.584896 0.828704 0.584896 0.823148 0.584375 0.820370 0.583854 0.818519 0.582292 0.815741 0.579688 0.813889 0.576562 0.813889
1 0.486979 0.871296 0.485417 0.872222 0.484375 0.873148 0.482812 0.875926 0.482292 0.877778 0.481771 0.880556 0.481771 0.886111 0.482812 0.890741 0.484375 0.893519 0.485417 0.894444 0.486979 0.895370 0.490104 0.895370 0.492708 0.893519 0.494271 0.890741 0.495312 0.886111 0.495312 0.880556 0.494792 0.877778 0.494271 0.875926 0.492708 0.873148 0.490104 0.871296 0.486979 0.871296
1 0.286979 0.785185 0.285417 0.786111 0.284375 0.787037 0.282813 0.789815 0.282292 0.791667 0.281771 0.794444 0.281771 0.800000 0.282813 0.804630 0.284375 0.807407 0.285417 0.808333 0.286979 0.809259 0.290104 0.809259 0.292708 0.807407 0.294271 0.804630 0.295312 0.800000 0.295312 0.794444 0.294792 0.791667 0.294271 0.789815 0.292708 0.787037 0.290104 0.785185 0.286979 0.785185
8 0.490729 0.541019 0.491969 0.479130 0.457448 0.476963 0.458057 0.455778 0.491969 0.456861 0.493188 0.397120 0.506021 0.397120 0.505411 0.459037 0.537917 0.461204 0.537812 0.483241 0.503880 0.480759 0.503594 0.539444
8 0.490729 0.541019 0.491969 0.479130 0.457448 0.476963 0.458057 0.455778 0.491969 0.456861 0.493188 0.397120 0.506021 0.397120 0.505411 0.459037 0.537917 0.461204 0.537812 0.483241 0.503880 0.480759 0.503594 0.539444
0 0.534375 0.551852 0.533333 0.552778 0.532292 0.553704 0.530729 0.556481 0.530208 0.558333 0.529687 0.560185 0.529687 0.565741 0.530208 0.568519 0.532292 0.572222 0.533333 0.573148 0.534375 0.574074 0.536458 0.574074 0.537500 0.573148 0.538542 0.572222 0.540625 0.568519 0.541146 0.565741 0.541146 0.560185 0.540625 0.558333 0.540104 0.556481 0.538542 0.553704 0.537500 0.552778 0.536458 0.551852 0.534375 0.551852
0 0.389583 0.866667 0.388542 0.867593 0.387500 0.868519 0.385937 0.871296 0.385417 0.873148 0.384896 0.875000 0.384896 0.880556 0.385417 0.882407 0.385937 0.884259 0.387500 0.887037 0.388542 0.887963 0.389583 0.888889 0.392708 0.888889 0.393750 0.887963 0.394792 0.887037 0.396354 0.884259 0.396875 0.882407 0.397396 0.880556 0.397396 0.875000 0.396875 0.873148 0.396354 0.871296 0.394792 0.868519 0.393750 0.867593 0.392708 0.866667 0.389583 0.866667
