1 0.348958 0.202778 0.347396 0.203704 0.346354 0.204630 0.344792 0.207407 0.344271 0.209259 0.343750 0.212037 0.343750 0.217593 0.344792 0.222222 0.346354 0.225000 0.347396 0.225926 0.348958 0.226852 0.352083 0.226852 0.354687 0.225000 0.356250 0.222222 0.357292 0.217593 0.357292 0.212037 0.356771 0.209259 0.356250 0.207407 0.354687 0.204630 0.352083 0.202778 0.348958 0.202778
1 0.532292 0.141667 0.530729 0.142593 0.529687 0.143519 0.528125 0.146296 0.527604 0.148148 0.527083 0.150926 0.527083 0.156481 0.528125 0.161111 0.529687 0.163889 0.530729 0.164815 0.532292 0.165741 0.535417 0.165741 0.538021 0.163889 0.539583 0.161111 0.540625 0.156481 0.540625 0.150926 0.540104 0.148148 0.539583 0.146296 0.538021 0.143519 0.535417 0.141667 0.532292 0.141667
1 0.514583 0.075000 0.513021 0.075926 0.511979 0.076852 0.510417 0.079630 0.509896 0.081481 0.509375 0.084259 0.509375 0.089815 0.510417 0.094444 0.511979 0.097222 0.513021 0.098148 0.514583 0.099074 0.517708 0.099074 0.520312 0.097222 0.521875 0.094444 0.522917 0.089815 0.522917 0.084259 0.522396 0.081481 0.521875 0.079630 0.520312 0.076852 0.517708 0.075000 0.514583 0.075000
0 0.162500 0.882407 0.160938 0.883333 0.159375 0.884259 0.158333 0.885185 0.156771 0.887963 0.154688 0.895370 0.154688 0.903704 0.155729 0.908333 0.156250 0.911111 0.158333 0.914815 0.159896 0.915741 0.162500 0.916667 0.165104 0.915741 0.169271 0.912037 0.170313 0.910185 0.172917 0.903704 0.173437 0.900926 0.173437 0.893519 0.172917 0.891667 0.172396 0.889815 0.171354 0.887037 0.169792 0.884259 0.168750 0.883333 0.167187 0.882407 0.162500 0.882407
0 0.544792 0.558333 0.541667 0.561111 0.539062 0.565741 0.538542 0.568519 0.538542 0.575926 0.539062 0.578704 0.539583 0.581481 0.540104 0.583333 0.540625 0.584259 0.542188 0.585185 0.543229 0.587037 0.544271 0.587963 0.546354 0.588889 0.548958 0.588889 0.550521 0.587963 0.552083 0.587037 0.554167 0.584259 0.556771 0.579630 0.556771 0.575926 0.557813 0.572222 0.557813 0.570370 0.557292 0.567593 0.556771 0.565741 0.555208 0.562963 0.554688 0.562963 0.552604 0.559259 0.551042 0.558333 0.544792 0.558333
8 0.490729 0.541019 0.491969 0.479130 0.457448 0.476963 0.458057 0.455778 0.491969 0.456861 0.493188 0.397120 0.506021 0.397120 0.505411 0.459037 0.537917 0.461204 0.537812 0.483241 0.503880 0.480759 0.503594 0.539444
8 0.490729 0.541019 0.491969 0.479130 0.457448 0.476963 0.458057 0.455778 0.491969 0.456861 0.493188 0.397120 0.506021 0.397120 0.505411 0.459037 0.537917 0.461204 0.537812 0.483241 0.503880 0.480759 0.503594 0.539444
1 0.163021 0.842593 0.161458 0.843519 0.160417 0.844444 0.158854 0.847222 0.158333 0.849074 0.157812 0.851852 0.157812 0.857407 0.158854 0.862037 0.160417 0.864815 0.161458 0.865741 0.163021 0.866667 0.166146 0.866667 0.168750 0.864815 0.170313 0.862037 0.171354 0.857407 0.171354 0.851852 0.170833 0.849074 0.170313 0.847222 0.168750 0.844444 0.166146 0.842593 0.163021 0.842593
1 0.789062 0.891667 0.787500 0.892593 0.786458 0.893519 0.784896 0.896296 0.784375 0.898148 0.783854 0.900926 0.783854 0.906481 0.784896 0.911111 0.786458 0.913889 0.787500 0.914815 0.789062 0.915741 0.792188 0.915741 0.794792 0.913889 0.796354 0.911111 0.797396 0.906481 0.797396 0.900926 0.796875 0.898148 0.796354 0.896296 0.794792 0.893519 0.792188 0.891667 0.789062 0.891667
1 0.731250 0.881481 0.729688 0.882407 0.728646 0.883333 0.727083 0.886111 0.726562 0.887963 0.726042 0.890741 0.726042 0.896296 0.727083 0.900926 0.728646 0.903704 0.729688 0.904630 0.731250 0.905556 0.734375 0.905556 0.736979 0.903704 0.738542 0.900926 0.739583 0.896296 0.739583 0.890741 0.739062 0.887963 0.738542 0.886111 0.736979 0.883333 0.734375 0.881481 0.731250 0.881481
1 0.467708 0.496296 0.466146 0.497222 0.465104 0.498148 0.463542 0.500926 0.463021 0.502778 0.462500 0.505556 0.462500 0.511111 0.463542 0.515741 0.465104 0.518519 0.466146 0.519444 0.467708 0.520370 0.470833 0.520370 0.473438 0.518519 0.475000 0.515741 0.476042 0.511111 0.476042 0.505556 0.475521 0.502778 0.475000 0.500926 0.473438 0.498148 0.470833 0.496296 0.467708 0.496296
1 0.172396 0.094444 0.170833 0.095370 0.169792 0.096296 0.168229 0.099074 0.167708 0.100926 0.167187 0.103704 0.167187 0.109259 0.168229 0.113889 0.169792 0.116667 0.170833 0.117593 0.172396 0.118519 0.175521 0.118519 0.178125 0.116667 0.179688 0.113889 0.180729 0.109259 0.180729 0.103704 0.180208 0.100926 0.179688 0.099074 0.178125 0.096296 0.175521 0.094444 0.172396 0.094444
1 0.212500 0.057407 0.210938 0.058333 0.209896 0.059259 0.208333 0.062037 0.207813 0.063889 0.207292 0.066667 0.207292 0.072222 0.208333 0.076852 0.209896 0.079630 0.210938 0.080556 0.212500 0.081481 0.215625 0.081481 0.218229 0.079630 0.219792 0.076852 0.220833 0.072222 0.220833 0.066667 0.220312 0.063889 0.219792 0.062037 0.218229 0.059259 0.215625 0.057407 0.212500 0.057407
1 0.248438 0.148148 0.246875 0.149074 0.245833 0.150000 0.244271 0.152778 0.243750 0.154630 0.243229 0.157407 0.243229 0.162963 0.244271 0.167593 0.245833 0.170370 0.246875 0.171296 0.248438 0.172222 0.251563 0.172222 0.254167 0.170370 0.255729 0.167593 0.256771 0.162963 0.256771 0.157407 0.256250 0.154630 0.255729 0.152778 0.254167 0.150000 0.251563 0.148148 0.248438 0.148148
1 0.322396 0.075000 0.320833 0.075926 0.319792 0.076852 0.318229 0.079630 0.317708 0.081481 0.317188 0.084259 0.317188 0.089815 0.318229 0.094444 0.319792 0.097222 0.320833 0.098148 0.322396 0.099074 0.325521 0.099074 0.328125 0.097222 0.329688 0.094444 0.330729 0.089815 0.330729 0.084259 0.330208 0.081481 0.329688 0.079630 0.328125 0.076852 0.325521 0.075000 0.322396 0.075000
1 0.328125 0.205556 0.326562 0.206481 0.325521 0.207407 0.323958 0.210185 0.323437 0.212037 0.322917 0.214815 0.322917 0.220370 0.323958 0.225000 0.325521 0.227778 0.326562 0.228704 0.328125 0.229630 0.331250 0.229630 0.333854 0.227778 0.335417 0.225000 0.336458 0.220370 0.336458 0.214815 0.335938 0.212037 0.335417 0.210185 0.333854 0.207407 0.331250 0.205556 0.328125 0.205556
