0 0.547396 0.558333 0.545833 0.559259 0.543229 0.561111 0.541146 0.562963 0.540104 0.564815 0.539583 0.566667 0.539062 0.573148 0.539583 0.579630 0.540104 0.582407 0.541146 0.584259 0.543750 0.587037 0.544792 0.587963 0.548438 0.588889 0.550521 0.587963 0.552083 0.587037 0.555729 0.580556 0.556250 0.578704 0.556250 0.573148 0.556250 0.570370 0.555208 0.564815 0.554167 0.562963 0.553646 0.562963 0.552083 0.560185 0.551042 0.559259 0.549479 0.558333 0.547396 0.558333
0 0.668750 0.248148 0.666667 0.249074 0.664583 0.250926 0.663542 0.252778 0.663542 0.253704 0.661979 0.256481 0.661458 0.258333 0.660937 0.261111 0.660937 0.265741 0.661979 0.269444 0.663021 0.271296 0.663542 0.271296 0.664583 0.273148 0.664583 0.274074 0.665625 0.275926 0.666667 0.276852 0.670312 0.276852 0.672917 0.275926 0.673958 0.275000 0.676562 0.271296 0.677604 0.269444 0.678125 0.267593 0.678646 0.265741 0.678646 0.256481 0.678125 0.253704 0.677604 0.251852 0.675521 0.250000 0.673958 0.249074 0.671354 0.248148 0.668750 0.248148
8 0.490729 0.541019 0.491969 0.479130 0.457448 0.476963 0.458057 0.455778 0.491969 0.456861 0.493188 0.397120 0.506021 0.397120 0.505411 0.459037 0.537917 0.461204 0.537812 0.483241 0.503880 0.480759 0.503594 0.539444
1 0.236458 0.064815 0.234896 0.065741 0.233854 0.066667 0.232292 0.069444 0.231771 0.071296 0.231250 0.074074 0.231250 0.079630 0.232292 0.084259 0.233854 0.087037 0.234896 0.087963 0.236458 0.088889 0.239583 0.088889 0.242188 0.087037 0.243750 0.084259 0.244792 0.079630 0.244792 0.074074 0.244271 0.071296 0.243750 0.069444 0.242188 0.066667 0.239583 0.064815 0.236458 0.064815
1 0.512500 0.062037 0.510938 0.062963 0.509896 0.063889 0.508333 0.066667 0.507812 0.068519 0.507292 0.071296 0.507292 0.076852 0.508333 0.081481 0.509896 0.084259 0.510938 0.085185 0.512500 0.086111 0.515625 0.086111 0.518229 0.084259 0.519792 0.081481 0.520833 0.076852 0.520833 0.071296 0.520312 0.068519 0.519792 0.066667 0.518229 0.063889 0.515625 0.062037 0.512500 0.062037
1 0.640104 0.140741 0.638542 0.141667 0.637500 0.142593 0.635938 0.145370 0.635417 0.147222 0.634896 0.150000 0.634896 0.155556 0.635938 0.160185 0.637500 0.162963 0.638542 0.163889 0.640104 0.164815 0.643229 0.164815 0.645833 0.162963 0.647396 0.160185 0.648438 0.155556 0.648438 0.150000 0.647917 0.147222 0.647396 0.145370 0.645833 0.142593 0.643229 0.140741 0.640104 0.140741
1 0.515104 0.131481 0.513542 0.132407 0.512500 0.133333 0.510938 0.136111 0.510417 0.137963 0.509896 0.140741 0.509896 0.146296 0.510938 0.150926 0.512500 0.153704 0.513542 0.154630 0.515104 0.155556 0.518229 0.155556 0.520833 0.153704 0.522396 0.150926 0.523438 0.146296 0.523438 0.140741 0.522917 0.137963 0.522396 0.136111 0.520833 0.133333 0.518229 0.131481 0.515104 0.131481
1 0.516667 0.195370 0.515104 0.196296 0.514062 0.197222 0.512500 0.200000 0.511979 0.201852 0.511458 0.204630 0.511458 0.210185 0.512500 0.214815 0.514062 0.217593 0.515104 0.218519 0.516667 0.219444 0.519792 0.219444 0.522396 0.217593 0.523958 0.214815 0.525000 0.210185 0.525000 0.204630 0.524479 0.201852 0.523958 0.200000 0.522396 0.197222 0.519792 0.195370 0.516667 0.195370
1 0.477604 0.212037 0.476042 0.212963 0.475000 0.213889 0.473438 0.216667 0.472917 0.218519 0.472396 0.221296 0.472396 0.226852 0.473438 0.231481 0.475000 0.234259 0.476042 0.235185 0.477604 0.236111 0.480729 0.236111 0.483333 0.234259 0.484896 0.231481 0.485938 0.226852 0.485938 0.221296 0.485417 0.218519 0.484896 0.216667 0.483333 0.213889 0.480729 0.212037 0.477604 0.212037
1 0.505208 0.348148 0.503646 0.349074 0.502604 0.350000 0.501042 0.352778 0.500521 0.354630 0.500000 0.357407 0.500000 0.362963 0.501042 0.367593 0.502604 0.370370 0.503646 0.371296 0.505208 0.372222 0.508333 0.372222 0.510938 0.370370 0.512500 0.367593 0.513542 0.362963 0.513542 0.357407 0.513021 0.354630 0.512500 0.352778 0.510938 0.350000 0.508333 0.348148 0.505208 0.348148
1 0.817708 0.625926 0.816146 0.626852 0.815104 0.627778 0.813542 0.630556 0.813021 0.632407 0.812500 0.635185 0.812500 0.640741 0.813542 0.645370 0.815104 0.648148 0.816146 0.649074 0.817708 0.650000 0.820833 0.650000 0.823438 0.648148 0.825000 0.645370 0.826042 0.640741 0.826042 0.635185 0.825521 0.632407 0.825000 0.630556 0.823438 0.627778 0.820833 0.625926 0.817708 0.625926
1 0.455729 0.702778 0.454167 0.703704 0.453125 0.704630 0.451562 0.707407 0.451042 0.709259 0.450521 0.712037 0.450521 0.717593 0.451562 0.722222 0.453125 0.725000 0.454167 0.725926 0.455729 0.726852 0.458854 0.726852 0.461458 0.725000 0.463021 0.722222 0.464062 0.717593 0.464062 0.712037 0.463542 0.709259 0.463021 0.707407 0.461458 0.704630 0.458854 0.702778 0.455729 0.702778
1 0.468750 0.496296 0.467187 0.497222 0.466146 0.498148 0.464583 0.500926 0.464062 0.502778 0.463542 0.505556 0.463542 0.511111 0.464583 0.515741 0.466146 0.518519 0.467187 0.519444 0.468750 0.520370 0.471875 0.520370 0.474479 0.518519 0.476042 0.515741 0.477083 0.511111 0.477083 0.505556 0.476562 0.502778 0.476042 0.500926 0.474479 0.498148 0.471875 0.496296 0.468750 0.496296
1 0.387500 0.543519 0.385937 0.544444 0.384896 0.545370 0.383333 0.548148 0.382812 0.550000 0.382292 0.552778 0.382292 0.558333 0.383333 0.562963 0.384896 0.565741 0.385937 0.566667 0.387500 0.567593 0.390625 0.567593 0.393229 0.565741 0.394792 0.562963 0.395833 0.558333 0.395833 0.552778 0.395313 0.550000 0.394792 0.548148 0.393229 0.545370 0.390625 0.543519 0.387500 0.543519
1 0.246875 0.715741 0.245312 0.716667 0.244271 0.717593 0.242708 0.720370 0.242188 0.722222 0.241667 0.725000 0.241667 0.730556 0.242708 0.735185 0.244271 0.737963 0.245312 0.738889 0.246875 0.739815 0.250000 0.739815 0.252604 0.737963 0.254167 0.735185 0.255208 0.730556 0.255208 0.725000 0.254688 0.722222 0.254167 0.720370 0.252604 0.717593 0.250000 0.715741 0.246875 0.715741
8 0.490729 0.541019 0.491969 0.479130 0.457448 0.476963 0.458057 0.455778 0.491969 0.456861 0.493188 0.397120 0.506021 0.397120 0.505411 0.459037 0.537917 0.461204 0.537812 0.483241 0.503880 0.480759 0.503594 0.539444
