1 0.211979 0.850000 0.210417 0.850926 0.209375 0.851852 0.207813 0.854630 0.207292 0.856481 0.206771 0.859259 0.206771 0.864815 0.207813 0.869444 0.209375 0.872222 0.210417 0.873148 0.211979 0.874074 0.215104 0.874074 0.217708 0.872222 0.219271 0.869444 0.220312 0.864815 0.220312 0.859259 0.219792 0.856481 0.219271 0.854630 0.217708 0.851852 0.215104 0.850000 0.211979 0.850000
8 0.490729 0.541019 0.491969 0.479130 0.457448 0.476963 0.458057 0.455778 0.491969 0.456861 0.493188 0.397120 0.506021 0.397120 0.505411 0.459037 0.537917 0.461204 0.537812 0.483241 0.503880 0.480759 0.503594 0.539444
8 0.490729 0.541019 0.491969 0.479130 0.457448 0.476963 0.458057 0.455778 0.491969 0.456861 0.493188 0.397120 0.506021 0.397120 0.505411 0.459037 0.537917 0.461204 0.537812 0.483241 0.503880 0.480759 0.503594 0.539444
0 0.545312 0.558333 0.543750 0.559259 0.541146 0.562037 0.540104 0.563889 0.539583 0.567593 0.539062 0.571296 0.539062 0.575926 0.539583 0.580556 0.540104 0.582407 0.541667 0.585185 0.543229 0.587037 0.544271 0.587963 0.547917 0.588889 0.550521 0.587963 0.552083 0.587037 0.555208 0.581481 0.555729 0.579630 0.556250 0.575000 0.556250 0.569444 0.555729 0.566667 0.555208 0.564815 0.553646 0.561111 0.553125 0.560185 0.552083 0.559259 0.550521 0.558333 0.545312 0.558333
0 0.754167 0.497222 0.752604 0.498148 0.751042 0.500000 0.747917 0.505556 0.747396 0.507407 0.746875 0.510185 0.746875 0.512963 0.747396 0.514815 0.748437 0.516667 0.750000 0.517593 0.750521 0.519444 0.751042 0.522222 0.753125 0.525000 0.754167 0.525926 0.756250 0.526852 0.760417 0.525926 0.761458 0.525000 0.764062 0.521296 0.764583 0.519444 0.766146 0.512963 0.766146 0.510185 0.765625 0.506481 0.765104 0.504630 0.764062 0.501852 0.763021 0.500000 0.759896 0.497222 0.754167 0.497222
1 0.479167 0.482407 0.477604 0.483333 0.476562 0.484259 0.475000 0.487037 0.474479 0.488889 0.473958 0.491667 0.473958 0.497222 0.475000 0.501852 0.476562 0.504630 0.477604 0.505556 0.479167 0.506481 0.482292 0.506481 0.484896 0.504630 0.486458 0.501852 0.487500 0.497222 0.487500 0.491667 0.486979 0.488889 0.486458 0.487037 0.484896 0.484259 0.482292 0.482407 0.479167 0.482407
1 0.455729 0.704630 0.454167 0.705556 0.453125 0.706481 0.451562 0.709259 0.451042 0.711111 0.450521 0.713889 0.450521 0.719444 0.451562 0.724074 0.453125 0.726852 0.454167 0.727778 0.455729 0.728704 0.458854 0.728704 0.461458 0.726852 0.463021 0.724074 0.464062 0.719444 0.464062 0.713889 0.463542 0.711111 0.463021 0.709259 0.461458 0.706481 0.458854 0.704630 0.455729 0.704630
1 0.353125 0.712037 0.351562 0.712963 0.350521 0.713889 0.348958 0.716667 0.348438 0.718519 0.347917 0.721296 0.347917 0.726852 0.348958 0.731481 0.350521 0.734259 0.351562 0.735185 0.353125 0.736111 0.356250 0.736111 0.358854 0.734259 0.360417 0.731481 0.361458 0.726852 0.361458 0.721296 0.360938 0.718519 0.360417 0.716667 0.358854 0.713889 0.356250 0.712037 0.353125 0.712037
1 0.461458 0.281481 0.459896 0.282407 0.458854 0.283333 0.457292 0.286111 0.456771 0.287963 0.456250 0.290741 0.456250 0.296296 0.457292 0.300926 0.458854 0.303704 0.459896 0.304630 0.461458 0.305556 0.464583 0.305556 0.467187 0.303704 0.468750 0.300926 0.469792 0.296296 0.469792 0.290741 0.469271 0.287963 0.468750 0.286111 0.467187 0.283333 0.464583 0.281481 0.461458 0.281481
1 0.653125 0.255556 0.651563 0.256481 0.650521 0.257407 0.648958 0.260185 0.648438 0.262037 0.647917 0.264815 0.647917 0.270370 0.648958 0.275000 0.650521 0.277778 0.651563 0.278704 0.653125 0.279630 0.656250 0.279630 0.658854 0.277778 0.660417 0.275000 0.661458 0.270370 0.661458 0.264815 0.660937 0.262037 0.660417 0.260185 0.658854 0.257407 0.656250 0.255556 0.653125 0.255556
1 0.223438 0.270370 0.221875 0.271296 0.220833 0.272222 0.219271 0.275000 0.218750 0.276852 0.218229 0.279630 0.218229 0.285185 0.219271 0.289815 0.220833 0.292593 0.221875 0.293519 0.223438 0.294444 0.226562 0.294444 0.229167 0.292593 0.230729 0.289815 0.231771 0.285185 0.231771 0.279630 0.231250 0.276852 0.230729 0.275000 0.229167 0.272222 0.226562 0.270370 0.223438 0.270370
1 0.273958 0.748148 0.272396 0.749074 0.271354 0.750000 0.269792 0.752778 0.269271 0.754630 0.268750 0.757407 0.268750 0.762963 0.269792 0.767593 0.271354 0.770370 0.272396 0.771296 0.273958 0.772222 0.277083 0.772222 0.279687 0.770370 0.281250 0.767593 0.282292 0.762963 0.282292 0.757407 0.281771 0.754630 0.281250 0.752778 0.279687 0.750000 0.277083 0.748148 0.273958 0.748148
1 0.358854 0.865741 0.357292 0.866667 0.356250 0.867593 0.354687 0.870370 0.354167 0.872222 0.353646 0.875000 0.353646 0.880556 0.354687 0.885185 0.356250 0.887963 0.357292 0.888889 0.358854 0.889815 0.361979 0.889815 0.364583 0.887963 0.366146 0.885185 0.367188 0.880556 0.367188 0.875000 0.366667 0.872222 0.366146 0.870370 0.364583 0.867593 0.361979 0.865741 0.358854 0.865741
1 0.259375 0.881481 0.257812 0.882407 0.256771 0.883333 0.255208 0.886111 0.254688 0.887963 0.254167 0.890741 0.254167 0.896296 0.255208 0.900926 0.256771 0.903704 0.257812 0.904630 0.259375 0.905556 0.262500 0.905556 0.265104 0.903704 0.266667 0.900926 0.267708 0.896296 0.267708 0.890741 0.267188 0.887963 0.266667 0.886111 0.265104 0.883333 0.262500 0.881481 0.259375 0.881481
1 0.193229 0.868519 0.191667 0.869444 0.190625 0.870370 0.189062 0.873148 0.188542 0.875000 0.188021 0.877778 0.188021 0.883333 0.189062 0.887963 0.190625 0.890741 0.191667 0.891667 0.193229 0.892593 0.196354 0.892593 0.198958 0.890741 0.200521 0.887963 0.201563 0.883333 0.201563 0.877778 0.201042 0.875000 0.200521 0.873148 0.198958 0.870370 0.196354 0.868519 0.193229 0.868519
1 0.817708 0.625926 0.816146 0.626852 0.815104 0.627778 0.813542 0.630556 0.813021 0.632407 0.812500 0.635185 0.812500 0.640741 0.813542 0.645370 0.815104 0.648148 0.816146 0.649074 0.817708 0.650000 0.820833 0.650000 0.823438 0.648148 0.825000 0.645370 0.826042 0.640741 0.826042 0.635185 0.825521 0.632407 0.825000 0.630556 0.823438 0.627778 0.820833 0.625926 0.817708 0.625926
