1 0.560417 0.070370 0.558854 0.071296 0.557813 0.072222 0.556250 0.075000 0.555729 0.076852 0.555208 0.079630 0.555208 0.085185 0.556250 0.089815 0.557813 0.092593 0.558854 0.093519 0.560417 0.094444 0.563542 0.094444 0.566146 0.092593 0.567708 0.089815 0.568750 0.085185 0.568750 0.079630 0.568229 0.076852 0.567708 0.075000 0.566146 0.072222 0.563542 0.070370 0.560417 0.070370
1 0.533333 0.121296 0.531771 0.122222 0.530729 0.123148 0.529167 0.125926 0.528646 0.127778 0.528125 0.130556 0.528125 0.136111 0.529167 0.140741 0.530729 0.143519 0.531771 0.144444 0.533333 0.145370 0.536458 0.145370 0.539062 0.143519 0.540625 0.140741 0.541667 0.136111 0.541667 0.130556 0.541146 0.127778 0.540625 0.125926 0.539062 0.123148 0.536458 0.121296 0.533333 0.121296
1 0.792188 0.896296 0.790625 0.897222 0.789583 0.898148 0.788021 0.900926 0.787500 0.902778 0.786979 0.905556 0.786979 0.911111 0.788021 0.915741 0.789583 0.918519 0.790625 0.919444 0.792188 0.920370 0.795312 0.920370 0.797917 0.918519 0.799479 0.915741 0.800521 0.911111 0.800521 0.905556 0.800000 0.902778 0.799479 0.900926 0.797917 0.898148 0.795312 0.896296 0.792188 0.896296
1 0.311458 0.060185 0.309896 0.061111 0.308854 0.062037 0.307292 0.064815 0.306771 0.066667 0.306250 0.069444 0.306250 0.075000 0.307292 0.079630 0.308854 0.082407 0.309896 0.083333 0.311458 0.084259 0.314583 0.084259 0.317188 0.082407 0.318750 0.079630 0.319792 0.075000 0.319792 0.069444 0.319271 0.066667 0.318750 0.064815 0.317188 0.062037 0.314583 0.060185 0.311458 0.060185
1 0.742708 0.898148 0.741146 0.899074 0.740104 0.900000 0.738542 0.902778 0.738021 0.904630 0.737500 0.907407 0.737500 0.912963 0.738542 0.917593 0.740104 0.920370 0.741146 0.921296 0.742708 0.922222 0.745833 0.922222 0.748437 0.920370 0.750000 0.917593 0.751042 0.912963 0.751042 0.907407 0.750521 0.904630 0.750000 0.902778 0.748437 0.900000 0.745833 0.898148 0.742708 0.898148
1 0.246875 0.146296 0.245312 0.147222 0.244271 0.148148 0.242708 0.150926 0.242188 0.152778 0.241667 0.155556 0.241667 0.161111 0.242708 0.165741 0.244271 0.168519 0.245312 0.169444 0.246875 0.170370 0.250000 0.170370 0.252604 0.168519 0.254167 0.165741 0.255208 0.161111 0.255208 0.155556 0.254688 0.152778 0.254167 0.150926 0.252604 0.148148 0.250000 0.146296 0.246875 0.146296
1 0.212500 0.060185 0.210938 0.061111 0.209896 0.062037 0.208333 0.064815 0.207813 0.066667 0.207292 0.069444 0.207292 0.075000 0.208333 0.079630 0.209896 0.082407 0.210938 0.083333 0.212500 0.084259 0.215625 0.084259 0.218229 0.082407 0.219792 0.079630 0.220833 0.075000 0.220833 0.069444 0.220312 0.066667 0.219792 0.064815 0.218229 0.062037 0.215625 0.060185 0.212500 0.060185
1 0.173437 0.092593 0.171875 0.093519 0.170833 0.094444 0.169271 0.097222 0.168750 0.099074 0.168229 0.101852 0.168229 0.107407 0.169271 0.112037 0.170833 0.114815 0.171875 0.115741 0.173437 0.116667 0.176563 0.116667 0.179167 0.114815 0.180729 0.112037 0.181771 0.107407 0.181771 0.101852 0.181250 0.099074 0.180729 0.097222 0.179167 0.094444 0.176563 0.092593 0.173437 0.092593
0 0.162500 0.882407 0.160938 0.883333 0.159375 0.884259 0.158333 0.885185 0.156250 0.888889 0.155729 0.890741 0.155208 0.892593 0.154688 0.895370 0.154688 0.903704 0.156250 0.908333 0.156250 0.911111 0.158333 0.914815 0.161458 0.916667 0.162500 0.916667 0.165104 0.915741 0.169271 0.912037 0.170313 0.910185 0.171354 0.907407 0.172917 0.903704 0.173437 0.900000 0.173437 0.895370 0.172917 0.891667 0.171875 0.888889 0.170833 0.886111 0.169792 0.884259 0.168229 0.883333 0.166667 0.882407 0.162500 0.882407
0 0.544792 0.558333 0.541667 0.561111 0.539062 0.565741 0.538542 0.568519 0.538542 0.575926 0.539062 0.578704 0.539583 0.581481 0.540104 0.583333 0.540625 0.584259 0.542188 0.585185 0.543229 0.587037 0.544271 0.587963 0.545833 0.588889 0.549479 0.588889 0.551042 0.587963 0.552083 0.587037 0.553646 0.585185 0.556250 0.580556 0.556771 0.578704 0.556771 0.575000 0.557292 0.570370 0.557292 0.568519 0.556771 0.566667 0.556250 0.564815 0.555729 0.563889 0.552604 0.559259 0.550000 0.558333 0.544792 0.558333
8 0.490729 0.541019 0.491969 0.479130 0.457448 0.476963 0.458057 0.455778 0.491969 0.456861 0.493188 0.397120 0.506021 0.397120 0.505411 0.459037 0.537917 0.461204 0.537812 0.483241 0.503880 0.480759 0.503594 0.539444
1 0.468750 0.495370 0.467187 0.496296 0.466146 0.497222 0.464583 0.500000 0.464062 0.501852 0.463542 0.504630 0.463542 0.510185 0.464583 0.514815 0.466146 0.517593 0.467187 0.518519 0.468750 0.519444 0.471875 0.519444 0.474479 0.517593 0.476042 0.514815 0.477083 0.510185 0.477083 0.504630 0.476562 0.501852 0.476042 0.500000 0.474479 0.497222 0.471875 0.495370 0.468750 0.495370
8 0.490729 0.541019 0.491969 0.479130 0.457448 0.476963 0.458057 0.455778 0.491969 0.456861 0.493188 0.397120 0.506021 0.397120 0.505411 0.459037 0.537917 0.461204 0.537812 0.483241 0.503880 0.480759 0.503594 0.539444
1 0.320833 0.163889 0.319271 0.164815 0.318229 0.165741 0.316667 0.168519 0.316146 0.170370 0.315625 0.173148 0.315625 0.178704 0.316667 0.183333 0.318229 0.186111 0.319271 0.187037 0.320833 0.187963 0.323958 0.187963 0.326562 0.186111 0.328125 0.183333 0.329167 0.178704 0.329167 0.173148 0.328646 0.170370 0.328125 0.168519 0.326562 0.165741 0.323958 0.163889 0.320833 0.163889
1 0.160938 0.844444 0.159375 0.845370 0.158333 0.846296 0.156771 0.849074 0.156250 0.850926 0.155729 0.853704 0.155729 0.859259 0.156771 0.863889 0.158333 0.866667 0.159375 0.867593 0.160938 0.868519 0.164062 0.868519 0.166667 0.866667 0.168229 0.863889 0.169271 0.859259 0.169271 0.853704 0.168750 0.850926 0.168229 0.849074 0.166667 0.846296 0.164062 0.844444 0.160938 0.844444
1 0.345833 0.210185 0.344271 0.211111 0.343229 0.212037 0.341667 0.214815 0.341146 0.216667 0.340625 0.219444 0.340625 0.225000 0.341667 0.229630 0.343229 0.232407 0.344271 0.233333 0.345833 0.234259 0.348958 0.234259 0.351562 0.232407 0.353125 0.229630 0.354167 0.225000 0.354167 0.219444 0.353646 0.216667 0.353125 0.214815 0.351562 0.212037 0.348958 0.210185 0.345833 0.210185
