1 0.307292 0.270370 0.305729 0.271296 0.304688 0.272222 0.303125 0.275000 0.302604 0.276852 0.302083 0.279630 0.302083 0.285185 0.303125 0.289815 0.304688 0.292593 0.305729 0.293519 0.307292 0.294444 0.310417 0.294444 0.313021 0.292593 0.314583 0.289815 0.315625 0.285185 0.315625 0.279630 0.315104 0.276852 0.314583 0.275000 0.313021 0.272222 0.310417 0.270370 0.307292 0.270370
1 0.223438 0.316667 0.221875 0.317593 0.220833 0.318519 0.219271 0.321296 0.218750 0.323148 0.218229 0.325926 0.218229 0.331481 0.219271 0.336111 0.220833 0.338889 0.221875 0.339815 0.223438 0.340741 0.226562 0.340741 0.229167 0.338889 0.230729 0.336111 0.231771 0.331481 0.231771 0.325926 0.231250 0.323148 0.230729 0.321296 0.229167 0.318519 0.226562 0.316667 0.223438 0.316667
1 0.247917 0.148148 0.246354 0.149074 0.245312 0.150000 0.243750 0.152778 0.243229 0.154630 0.242708 0.157407 0.242708 0.162963 0.243750 0.167593 0.245312 0.170370 0.246354 0.171296 0.247917 0.172222 0.251042 0.172222 0.253646 0.170370 0.255208 0.167593 0.256250 0.162963 0.256250 0.157407 0.255729 0.154630 0.255208 0.152778 0.253646 0.150000 0.251042 0.148148 0.247917 0.148148
1 0.358854 0.079630 0.357292 0.080556 0.356250 0.081481 0.354687 0.084259 0.354167 0.086111 0.353646 0.088889 0.353646 0.094444 0.354687 0.099074 0.356250 0.101852 0.357292 0.102778 0.358854 0.103704 0.361979 0.103704 0.364583 0.101852 0.366146 0.099074 0.367188 0.094444 0.367188 0.088889 0.366667 0.086111 0.366146 0.084259 0.364583 0.081481 0.361979 0.079630 0.358854 0.079630
1 0.465104 0.077778 0.463542 0.078704 0.462500 0.079630 0.460938 0.082407 0.460417 0.084259 0.459896 0.087037 0.459896 0.092593 0.460938 0.097222 0.462500 0.100000 0.463542 0.100926 0.465104 0.101852 0.468229 0.101852 0.470833 0.100000 0.472396 0.097222 0.473438 0.092593 0.473438 0.087037 0.472917 0.084259 0.472396 0.082407 0.470833 0.079630 0.468229 0.077778 0.465104 0.077778
0 0.162500 0.882407 0.160938 0.883333 0.159375 0.884259 0.158333 0.885185 0.156250 0.888889 0.155729 0.890741 0.154688 0.895370 0.154688 0.903704 0.155729 0.908333 0.156250 0.911111 0.158333 0.914815 0.161458 0.916667 0.162500 0.916667 0.165104 0.915741 0.166667 0.914815 0.167708 0.913889 0.169271 0.912037 0.170833 0.909259 0.171354 0.906481 0.172917 0.903704 0.173437 0.900000 0.173437 0.893519 0.172917 0.891667 0.172396 0.889815 0.171354 0.887037 0.169792 0.884259 0.168750 0.883333 0.166667 0.882407 0.162500 0.882407
0 0.544271 0.558333 0.543229 0.559259 0.540625 0.562963 0.540104 0.562963 0.539583 0.563889 0.539062 0.565741 0.538542 0.567593 0.538542 0.575926 0.539062 0.578704 0.539583 0.581481 0.540104 0.583333 0.540625 0.584259 0.542188 0.585185 0.543229 0.587037 0.544271 0.587963 0.546354 0.588889 0.549479 0.588889 0.551042 0.587963 0.552083 0.587037 0.553646 0.585185 0.556771 0.579630 0.556771 0.575926 0.557813 0.573148 0.557813 0.570370 0.557292 0.567593 0.556771 0.565741 0.555208 0.562963 0.553125 0.560185 0.552083 0.559259 0.550000 0.558333 0.544271 0.558333
1 0.420312 0.330556 0.418750 0.331481 0.417708 0.332407 0.416146 0.335185 0.415625 0.337037 0.415104 0.339815 0.415104 0.345370 0.416146 0.350000 0.417708 0.352778 0.418750 0.353704 0.420312 0.354630 0.423438 0.354630 0.426042 0.352778 0.427604 0.350000 0.428646 0.345370 0.428646 0.339815 0.428125 0.337037 0.427604 0.335185 0.426042 0.332407 0.423438 0.330556 0.420312 0.330556
1 0.467708 0.496296 0.466146 0.497222 0.465104 0.498148 0.463542 0.500926 0.463021 0.502778 0.462500 0.505556 0.462500 0.511111 0.463542 0.515741 0.465104 0.518519 0.466146 0.519444 0.467708 0.520370 0.470833 0.520370 0.473438 0.518519 0.475000 0.515741 0.476042 0.511111 0.476042 0.505556 0.475521 0.502778 0.475000 0.500926 0.473438 0.498148 0.470833 0.496296 0.467708 0.496296
1 0.594271 0.742593 0.592708 0.743519 0.591667 0.744444 0.590104 0.747222 0.589583 0.749074 0.589063 0.751852 0.589063 0.757407 0.590104 0.762037 0.591667 0.764815 0.592708 0.765741 0.594271 0.766667 0.597396 0.766667 0.600000 0.764815 0.601562 0.762037 0.602604 0.757407 0.602604 0.751852 0.602083 0.749074 0.601562 0.747222 0.600000 0.744444 0.597396 0.742593 0.594271 0.742593
8 0.490729 0.541019 0.491969 0.479130 0.457448 0.476963 0.458057 0.455778 0.491969 0.456861 0.493188 0.397120 0.506021 0.397120 0.505411 0.459037 0.537917 0.461204 0.537812 0.483241 0.503880 0.480759 0.503594 0.539444
8 0.490729 0.541019 0.491969 0.479130 0.457448 0.476963 0.458057 0.455778 0.491969 0.456861 0.493188 0.397120 0.506021 0.397120 0.505411 0.459037 0.537917 0.461204 0.537812 0.483241 0.503880 0.480759 0.503594 0.539444
1 0.785937 0.804630 0.784375 0.805556 0.783333 0.806481 0.781771 0.809259 0.781250 0.811111 0.780729 0.813889 0.780729 0.819444 0.781771 0.824074 0.783333 0.826852 0.784375 0.827778 0.785937 0.828704 0.789062 0.828704 0.791667 0.826852 0.793229 0.824074 0.794271 0.819444 0.794271 0.813889 0.793750 0.811111 0.793229 0.809259 0.791667 0.806481 0.789062 0.804630 0.785937 0.804630
1 0.164583 0.835185 0.163021 0.836111 0.161979 0.837037 0.160417 0.839815 0.159896 0.841667 0.159375 0.844444 0.159375 0.850000 0.160417 0.854630 0.161979 0.857407 0.163021 0.858333 0.164583 0.859259 0.167708 0.859259 0.170313 0.857407 0.171875 0.854630 0.172917 0.850000 0.172917 0.844444 0.172396 0.841667 0.171875 0.839815 0.170313 0.837037 0.167708 0.835185 0.164583 0.835185
1 0.173437 0.092593 0.171875 0.093519 0.170833 0.094444 0.169271 0.097222 0.168750 0.099074 0.168229 0.101852 0.168229 0.107407 0.169271 0.112037 0.170833 0.114815 0.171875 0.115741 0.173437 0.116667 0.176563 0.116667 0.179167 0.114815 0.180729 0.112037 0.181771 0.107407 0.181771 0.101852 0.181250 0.099074 0.180729 0.097222 0.179167 0.094444 0.176563 0.092593 0.173437 0.092593
1 0.312500 0.370370 0.310937 0.371296 0.309896 0.372222 0.308333 0.375000 0.307812 0.376852 0.307292 0.379630 0.307292 0.385185 0.308333 0.389815 0.309896 0.392593 0.310937 0.393519 0.312500 0.394444 0.315625 0.394444 0.318229 0.392593 0.319792 0.389815 0.320833 0.385185 0.320833 0.379630 0.320312 0.376852 0.319792 0.375000 0.318229 0.372222 0.315625 0.370370 0.312500 0.370370
