1 0.561979 0.719444 0.560417 0.720370 0.559375 0.721296 0.557813 0.724074 0.557292 0.725926 0.556771 0.728704 0.556771 0.734259 0.557813 0.738889 0.559375 0.741667 0.560417 0.742593 0.561979 0.743519 0.565104 0.743519 0.567708 0.741667 0.569271 0.738889 0.570312 0.734259 0.570312 0.728704 0.569792 0.725926 0.569271 0.724074 0.567708 0.721296 0.565104 0.719444 0.561979 0.719444
8 0.490729 0.541019 0.491969 0.479130 0.457448 0.476963 0.458057 0.455778 0.491969 0.456861 0.493188 0.397120 0.506021 0.397120 0.505411 0.459037 0.537917 0.461204 0.537812 0.483241 0.503880 0.480759 0.503594 0.539444
8 0.490729 0.541019 0.491969 0.479130 0.457448 0.476963 0.458057 0.455778 0.491969 0.456861 0.493188 0.397120 0.506021 0.397120 0.505411 0.459037 0.537917 0.461204 0.537812 0.483241 0.503880 0.480759 0.503594 0.539444
0 0.531771 0.549074 0.530208 0.550926 0.527604 0.555556 0.527083 0.557407 0.526563 0.560185 0.526563 0.565741 0.527083 0.568519 0.527604 0.570370 0.528125 0.572222 0.529167 0.574074 0.529167 0.575000 0.529687 0.575926 0.530729 0.576852 0.532813 0.578704 0.536458 0.579630 0.538021 0.577778 0.539583 0.576852 0.542708 0.571296 0.543229 0.568519 0.543750 0.564815 0.543750 0.560185 0.542708 0.556481 0.542188 0.554630 0.541667 0.553704 0.539583 0.550926 0.538021 0.549074 0.531771 0.549074
0 0.802604 0.510185 0.800000 0.512037 0.798958 0.512963 0.798438 0.513889 0.798438 0.514815 0.797396 0.516667 0.796875 0.519444 0.796875 0.529630 0.797396 0.533333 0.797917 0.535185 0.798958 0.537037 0.800521 0.537963 0.803646 0.539815 0.805729 0.540741 0.807292 0.540741 0.809896 0.538889 0.810937 0.537963 0.814063 0.532407 0.814583 0.530556 0.815104 0.527778 0.815104 0.520370 0.814583 0.517593 0.813542 0.515741 0.813021 0.515741 0.811979 0.512963 0.811458 0.512037 0.810937 0.512037 0.809896 0.510185 0.802604 0.510185
1 0.482292 0.500926 0.480729 0.501852 0.479687 0.502778 0.478125 0.505556 0.477604 0.507407 0.477083 0.510185 0.477083 0.515741 0.478125 0.520370 0.479687 0.523148 0.480729 0.524074 0.482292 0.525000 0.485417 0.525000 0.488021 0.523148 0.489583 0.520370 0.490625 0.515741 0.490625 0.510185 0.490104 0.507407 0.489583 0.505556 0.488021 0.502778 0.485417 0.500926 0.482292 0.500926
1 0.434896 0.625000 0.433333 0.625926 0.432292 0.626852 0.430729 0.629630 0.430208 0.631481 0.429688 0.634259 0.429688 0.639815 0.430729 0.644444 0.432292 0.647222 0.433333 0.648148 0.434896 0.649074 0.438021 0.649074 0.440625 0.647222 0.442188 0.644444 0.443229 0.639815 0.443229 0.634259 0.442708 0.631481 0.442188 0.629630 0.440625 0.626852 0.438021 0.625000 0.434896 0.625000
1 0.539062 0.593519 0.537500 0.594444 0.536458 0.595370 0.534896 0.598148 0.534375 0.600000 0.533854 0.602778 0.533854 0.608333 0.534896 0.612963 0.536458 0.615741 0.537500 0.616667 0.539062 0.617593 0.542188 0.617593 0.544792 0.615741 0.546354 0.612963 0.547396 0.608333 0.547396 0.602778 0.546875 0.600000 0.546354 0.598148 0.544792 0.595370 0.542188 0.593519 0.539062 0.593519
1 0.406771 0.884259 0.405208 0.885185 0.404167 0.886111 0.402604 0.888889 0.402083 0.890741 0.401562 0.893519 0.401562 0.899074 0.402604 0.903704 0.404167 0.906481 0.405208 0.907407 0.406771 0.908333 0.409896 0.908333 0.412500 0.906481 0.414062 0.903704 0.415104 0.899074 0.415104 0.893519 0.414583 0.890741 0.414062 0.888889 0.412500 0.886111 0.409896 0.884259 0.406771 0.884259
1 0.767708 0.774074 0.766146 0.775000 0.765104 0.775926 0.763542 0.778704 0.763021 0.780556 0.762500 0.783333 0.762500 0.788889 0.763542 0.793519 0.765104 0.796296 0.766146 0.797222 0.767708 0.798148 0.770833 0.798148 0.773438 0.796296 0.775000 0.793519 0.776042 0.788889 0.776042 0.783333 0.775521 0.780556 0.775000 0.778704 0.773438 0.775926 0.770833 0.774074 0.767708 0.774074
1 0.807813 0.787037 0.806250 0.787963 0.805208 0.788889 0.803646 0.791667 0.803125 0.793519 0.802604 0.796296 0.802604 0.801852 0.803646 0.806481 0.805208 0.809259 0.806250 0.810185 0.807813 0.811111 0.810937 0.811111 0.813542 0.809259 0.815104 0.806481 0.816146 0.801852 0.816146 0.796296 0.815625 0.793519 0.815104 0.791667 0.813542 0.788889 0.810937 0.787037 0.807813 0.787037
1 0.808854 0.748148 0.807292 0.749074 0.806250 0.750000 0.804688 0.752778 0.804167 0.754630 0.803646 0.757407 0.803646 0.762963 0.804688 0.767593 0.806250 0.770370 0.807292 0.771296 0.808854 0.772222 0.811979 0.772222 0.814583 0.770370 0.816146 0.767593 0.817187 0.762963 0.817187 0.757407 0.816667 0.754630 0.816146 0.752778 0.814583 0.750000 0.811979 0.748148 0.808854 0.748148
1 0.818750 0.627778 0.817187 0.628704 0.816146 0.629630 0.814583 0.632407 0.814063 0.634259 0.813542 0.637037 0.813542 0.642593 0.814583 0.647222 0.816146 0.650000 0.817187 0.650926 0.818750 0.651852 0.821875 0.651852 0.824479 0.650000 0.826042 0.647222 0.827083 0.642593 0.827083 0.637037 0.826562 0.634259 0.826042 0.632407 0.824479 0.629630 0.821875 0.627778 0.818750 0.627778
1 0.813542 0.200926 0.811979 0.201852 0.810937 0.202778 0.809375 0.205556 0.808854 0.207407 0.808333 0.210185 0.808333 0.215741 0.809375 0.220370 0.810937 0.223148 0.811979 0.224074 0.813542 0.225000 0.816667 0.225000 0.819271 0.223148 0.820833 0.220370 0.821875 0.215741 0.821875 0.210185 0.821354 0.207407 0.820833 0.205556 0.819271 0.202778 0.816667 0.200926 0.813542 0.200926
1 0.818229 0.170370 0.816667 0.171296 0.815625 0.172222 0.814063 0.175000 0.813542 0.176852 0.813021 0.179630 0.813021 0.185185 0.814063 0.189815 0.815625 0.192593 0.816667 0.193519 0.818229 0.194444 0.821354 0.194444 0.823958 0.192593 0.825521 0.189815 0.826562 0.185185 0.826562 0.179630 0.826042 0.176852 0.825521 0.175000 0.823958 0.172222 0.821354 0.170370 0.818229 0.170370
1 0.621354 0.070370 0.619792 0.071296 0.618750 0.072222 0.617188 0.075000 0.616667 0.076852 0.616146 0.079630 0.616146 0.085185 0.617188 0.089815 0.618750 0.092593 0.619792 0.093519 0.621354 0.094444 0.624479 0.094444 0.627083 0.092593 0.628646 0.089815 0.629687 0.085185 0.629687 0.079630 0.629167 0.076852 0.628646 0.075000 0.627083 0.072222 0.624479 0.070370 0.621354 0.070370
