1 0.173958 0.700926 0.172396 0.701852 0.171354 0.702778 0.169792 0.705556 0.169271 0.707407 0.168750 0.710185 0.168750 0.715741 0.169792 0.720370 0.171354 0.723148 0.172396 0.724074 0.173958 0.725000 0.177083 0.725000 0.179688 0.723148 0.181250 0.720370 0.182292 0.715741 0.182292 0.710185 0.181771 0.707407 0.181250 0.705556 0.179688 0.702778 0.177083 0.700926 0.173958 0.700926
0 0.388542 0.894444 0.387500 0.895370 0.383854 0.901852 0.383333 0.903704 0.382812 0.907407 0.382812 0.917593 0.383333 0.920370 0.385417 0.924074 0.388021 0.925926 0.389583 0.926852 0.393229 0.926852 0.396875 0.923148 0.399479 0.919444 0.400521 0.916667 0.401042 0.914815 0.401042 0.905556 0.400521 0.903704 0.399479 0.900926 0.397917 0.899074 0.396875 0.895370 0.395833 0.894444 0.388542 0.894444
0 0.532292 0.549074 0.530208 0.550926 0.529167 0.551852 0.528646 0.552778 0.528646 0.553704 0.527604 0.555556 0.527083 0.557407 0.526563 0.559259 0.526563 0.568519 0.528125 0.574074 0.529167 0.575926 0.531771 0.577778 0.537500 0.577778 0.538542 0.576852 0.539583 0.575926 0.542188 0.571296 0.542708 0.569444 0.543229 0.566667 0.543229 0.562037 0.542708 0.557407 0.542188 0.555556 0.541146 0.553704 0.541146 0.552778 0.540625 0.551852 0.540104 0.551852 0.539062 0.550000 0.538021 0.549074 0.532292 0.549074
1 0.242708 0.449074 0.241146 0.450000 0.240104 0.450926 0.238542 0.453704 0.238021 0.455556 0.237500 0.458333 0.237500 0.463889 0.238542 0.468519 0.240104 0.471296 0.241146 0.472222 0.242708 0.473148 0.245833 0.473148 0.248438 0.471296 0.250000 0.468519 0.251042 0.463889 0.251042 0.458333 0.250521 0.455556 0.250000 0.453704 0.248438 0.450926 0.245833 0.449074 0.242708 0.449074
1 0.226042 0.431481 0.224479 0.432407 0.223438 0.433333 0.221875 0.436111 0.221354 0.437963 0.220833 0.440741 0.220833 0.446296 0.221875 0.450926 0.223438 0.453704 0.224479 0.454630 0.226042 0.455556 0.229167 0.455556 0.231771 0.453704 0.233333 0.450926 0.234375 0.446296 0.234375 0.440741 0.233854 0.437963 0.233333 0.436111 0.231771 0.433333 0.229167 0.431481 0.226042 0.431481
1 0.246875 0.400000 0.245312 0.400926 0.244271 0.401852 0.242708 0.404630 0.242188 0.406481 0.241667 0.409259 0.241667 0.414815 0.242708 0.419444 0.244271 0.422222 0.245312 0.423148 0.246875 0.424074 0.250000 0.424074 0.252604 0.422222 0.254167 0.419444 0.255208 0.414815 0.255208 0.409259 0.254688 0.406481 0.254167 0.404630 0.252604 0.401852 0.250000 0.400000 0.246875 0.400000
1 0.272396 0.373148 0.270833 0.374074 0.269792 0.375000 0.268229 0.377778 0.267708 0.379630 0.267188 0.382407 0.267188 0.387963 0.268229 0.392593 0.269792 0.395370 0.270833 0.396296 0.272396 0.397222 0.275521 0.397222 0.278125 0.395370 0.279687 0.392593 0.280729 0.387963 0.280729 0.382407 0.280208 0.379630 0.279687 0.377778 0.278125 0.375000 0.275521 0.373148 0.272396 0.373148
1 0.289583 0.603704 0.288021 0.604630 0.286979 0.605556 0.285417 0.608333 0.284896 0.610185 0.284375 0.612963 0.284375 0.618519 0.285417 0.623148 0.286979 0.625926 0.288021 0.626852 0.289583 0.627778 0.292708 0.627778 0.295312 0.625926 0.296875 0.623148 0.297917 0.618519 0.297917 0.612963 0.297396 0.610185 0.296875 0.608333 0.295312 0.605556 0.292708 0.603704 0.289583 0.603704
1 0.239063 0.673148 0.237500 0.674074 0.236458 0.675000 0.234896 0.677778 0.234375 0.679630 0.233854 0.682407 0.233854 0.687963 0.234896 0.692593 0.236458 0.695370 0.237500 0.696296 0.239063 0.697222 0.242188 0.697222 0.244792 0.695370 0.246354 0.692593 0.247396 0.687963 0.247396 0.682407 0.246875 0.679630 0.246354 0.677778 0.244792 0.675000 0.242188 0.673148 0.239063 0.673148
1 0.160417 0.580556 0.158854 0.581481 0.157812 0.582407 0.156250 0.585185 0.155729 0.587037 0.155208 0.589815 0.155208 0.595370 0.156250 0.600000 0.157812 0.602778 0.158854 0.603704 0.160417 0.604630 0.163542 0.604630 0.166146 0.602778 0.167708 0.600000 0.168750 0.595370 0.168750 0.589815 0.168229 0.587037 0.167708 0.585185 0.166146 0.582407 0.163542 0.580556 0.160417 0.580556
1 0.366146 0.783333 0.364583 0.784259 0.363542 0.785185 0.361979 0.787963 0.361458 0.789815 0.360938 0.792593 0.360938 0.798148 0.361979 0.802778 0.363542 0.805556 0.364583 0.806481 0.366146 0.807407 0.369271 0.807407 0.371875 0.805556 0.373437 0.802778 0.374479 0.798148 0.374479 0.792593 0.373958 0.789815 0.373437 0.787963 0.371875 0.785185 0.369271 0.783333 0.366146 0.783333
1 0.488542 0.868519 0.486979 0.869444 0.485938 0.870370 0.484375 0.873148 0.483854 0.875000 0.483333 0.877778 0.483333 0.883333 0.484375 0.887963 0.485938 0.890741 0.486979 0.891667 0.488542 0.892593 0.491667 0.892593 0.494271 0.890741 0.495833 0.887963 0.496875 0.883333 0.496875 0.877778 0.496354 0.875000 0.495833 0.873148 0.494271 0.870370 0.491667 0.868519 0.488542 0.868519
1 0.800521 0.874074 0.798958 0.875000 0.797917 0.875926 0.796354 0.878704 0.795833 0.880556 0.795312 0.883333 0.795312 0.888889 0.796354 0.893519 0.797917 0.896296 0.798958 0.897222 0.800521 0.898148 0.803646 0.898148 0.806250 0.896296 0.807813 0.893519 0.808854 0.888889 0.808854 0.883333 0.808333 0.880556 0.807813 0.878704 0.806250 0.875926 0.803646 0.874074 0.800521 0.874074
1 0.621875 0.063889 0.620313 0.064815 0.619271 0.065741 0.617708 0.068519 0.617188 0.070370 0.616667 0.073148 0.616667 0.078704 0.617708 0.083333 0.619271 0.086111 0.620313 0.087037 0.621875 0.087963 0.625000 0.087963 0.627604 0.086111 0.629167 0.083333 0.630208 0.078704 0.630208 0.073148 0.629687 0.070370 0.629167 0.068519 0.627604 0.065741 0.625000 0.063889 0.621875 0.063889
8 0.490729 0.541019 0.491969 0.479130 0.457448 0.476963 0.458057 0.455778 0.491969 0.456861 0.493188 0.397120 0.506021 0.397120 0.505411 0.459037 0.537917 0.461204 0.537812 0.483241 0.503880 0.480759 0.503594 0.539444
8 0.490729 0.541019 0.491969 0.479130 0.457448 0.476963 0.458057 0.455778 0.491969 0.456861 0.493188 0.397120 0.506021 0.397120 0.505411 0.459037 0.537917 0.461204 0.537812 0.483241 0.503880 0.480759 0.503594 0.539444
