8 0.490729 0.541019 0.491969 0.479130 0.457448 0.476963 0.458057 0.455778 0.491969 0.456861 0.493188 0.397120 0.506021 0.397120 0.505411 0.459037 0.537917 0.461204 0.537812 0.483241 0.503880 0.480759 0.503594 0.539444
1 0.784896 0.476852 0.783333 0.477778 0.782292 0.478704 0.780729 0.481481 0.780208 0.483333 0.779687 0.486111 0.779687 0.491667 0.780729 0.496296 0.782292 0.499074 0.783333 0.500000 0.784896 0.500926 0.788021 0.500926 0.790625 0.499074 0.792188 0.496296 0.793229 0.491667 0.793229 0.486111 0.792708 0.483333 0.792188 0.481481 0.790625 0.478704 0.788021 0.476852 0.784896 0.476852
8 0.490729 0.541019 0.491969 0.479130 0.457448 0.476963 0.458057 0.455778 0.491969 0.456861 0.493188 0.397120 0.506021 0.397120 0.505411 0.459037 0.537917 0.461204 0.537812 0.483241 0.503880 0.480759 0.503594 0.539444
1 0.654687 0.128704 0.653125 0.129630 0.652083 0.130556 0.650521 0.133333 0.650000 0.135185 0.649479 0.137963 0.649479 0.143519 0.650521 0.148148 0.652083 0.150926 0.653125 0.151852 0.654687 0.152778 0.657813 0.152778 0.660417 0.150926 0.661979 0.148148 0.663021 0.143519 0.663021 0.137963 0.662500 0.135185 0.661979 0.133333 0.660417 0.130556 0.657813 0.128704 0.654687 0.128704
1 0.695312 0.132407 0.693750 0.133333 0.692708 0.134259 0.691146 0.137037 0.690625 0.138889 0.690104 0.141667 0.690104 0.147222 0.691146 0.151852 0.692708 0.154630 0.693750 0.155556 0.695312 0.156481 0.698438 0.156481 0.701042 0.154630 0.702604 0.151852 0.703646 0.147222 0.703646 0.141667 0.703125 0.138889 0.702604 0.137037 0.701042 0.134259 0.698438 0.132407 0.695312 0.132407
1 0.505729 0.828704 0.504167 0.829630 0.503125 0.830556 0.501563 0.833333 0.501042 0.835185 0.500521 0.837963 0.500521 0.843519 0.501563 0.848148 0.503125 0.850926 0.504167 0.851852 0.505729 0.852778 0.508854 0.852778 0.511458 0.850926 0.513021 0.848148 0.514062 0.843519 0.514062 0.837963 0.513542 0.835185 0.513021 0.833333 0.511458 0.830556 0.508854 0.828704 0.505729 0.828704
1 0.680208 0.141667 0.678646 0.142593 0.677604 0.143519 0.676042 0.146296 0.675521 0.148148 0.675000 0.150926 0.675000 0.156481 0.676042 0.161111 0.677604 0.163889 0.678646 0.164815 0.680208 0.165741 0.683333 0.165741 0.685937 0.163889 0.687500 0.161111 0.688542 0.156481 0.688542 0.150926 0.688021 0.148148 0.687500 0.146296 0.685937 0.143519 0.683333 0.141667 0.680208 0.141667
1 0.590104 0.204630 0.588542 0.205556 0.587500 0.206481 0.585938 0.209259 0.585417 0.211111 0.584896 0.213889 0.584896 0.219444 0.585938 0.224074 0.587500 0.226852 0.588542 0.227778 0.590104 0.228704 0.593229 0.228704 0.595833 0.226852 0.597396 0.224074 0.598437 0.219444 0.598437 0.213889 0.597917 0.211111 0.597396 0.209259 0.595833 0.206481 0.593229 0.204630 0.590104 0.204630
1 0.381250 0.061111 0.379688 0.062037 0.378646 0.062963 0.377083 0.065741 0.376563 0.067593 0.376042 0.070370 0.376042 0.075926 0.377083 0.080556 0.378646 0.083333 0.379688 0.084259 0.381250 0.085185 0.384375 0.085185 0.386979 0.083333 0.388542 0.080556 0.389583 0.075926 0.389583 0.070370 0.389062 0.067593 0.388542 0.065741 0.386979 0.062963 0.384375 0.061111 0.381250 0.061111
0 0.371875 0.636111 0.370312 0.637037 0.369271 0.637963 0.366667 0.642593 0.366146 0.644444 0.365625 0.647222 0.365625 0.651852 0.366146 0.653704 0.366667 0.655556 0.369271 0.660185 0.370312 0.661111 0.371875 0.662037 0.374479 0.662037 0.375521 0.661111 0.376563 0.660185 0.379167 0.655556 0.379688 0.653704 0.380208 0.651852 0.380208 0.647222 0.379688 0.644444 0.379167 0.642593 0.376563 0.637963 0.375521 0.637037 0.374479 0.636111 0.371875 0.636111
1 0.726562 0.232407 0.725000 0.233333 0.723958 0.234259 0.722396 0.237037 0.721875 0.238889 0.721354 0.241667 0.721354 0.247222 0.722396 0.251852 0.723958 0.254630 0.725000 0.255556 0.726562 0.256481 0.729688 0.256481 0.732292 0.254630 0.733854 0.251852 0.734896 0.247222 0.734896 0.241667 0.734375 0.238889 0.733854 0.237037 0.732292 0.234259 0.729688 0.232407 0.726562 0.232407
