1 0.248438 0.146296 0.246875 0.147222 0.245833 0.148148 0.244271 0.150926 0.243750 0.152778 0.243229 0.155556 0.243229 0.161111 0.244271 0.165741 0.245833 0.168519 0.246875 0.169444 0.248438 0.170370 0.251563 0.170370 0.254167 0.168519 0.255729 0.165741 0.256771 0.161111 0.256771 0.155556 0.256250 0.152778 0.255729 0.150926 0.254167 0.148148 0.251563 0.146296 0.248438 0.146296
1 0.341667 0.235185 0.340104 0.236111 0.339062 0.237037 0.337500 0.239815 0.336979 0.241667 0.336458 0.244444 0.336458 0.250000 0.337500 0.254630 0.339062 0.257407 0.340104 0.258333 0.341667 0.259259 0.344792 0.259259 0.347396 0.257407 0.348958 0.254630 0.350000 0.250000 0.350000 0.244444 0.349479 0.241667 0.348958 0.239815 0.347396 0.237037 0.344792 0.235185 0.341667 0.235185
1 0.377604 0.312037 0.376042 0.312963 0.375000 0.313889 0.373437 0.316667 0.372917 0.318519 0.372396 0.321296 0.372396 0.326852 0.373437 0.331481 0.375000 0.334259 0.376042 0.335185 0.377604 0.336111 0.380729 0.336111 0.383333 0.334259 0.384896 0.331481 0.385937 0.326852 0.385937 0.321296 0.385417 0.318519 0.384896 0.316667 0.383333 0.313889 0.380729 0.312037 0.377604 0.312037
1 0.468750 0.498148 0.467187 0.499074 0.466146 0.500000 0.464583 0.502778 0.464062 0.504630 0.463542 0.507407 0.463542 0.512963 0.464583 0.517593 0.466146 0.520370 0.467187 0.521296 0.468750 0.522222 0.471875 0.522222 0.474479 0.520370 0.476042 0.517593 0.477083 0.512963 0.477083 0.507407 0.476562 0.504630 0.476042 0.502778 0.474479 0.500000 0.471875 0.498148 0.468750 0.498148
1 0.160938 0.837963 0.159375 0.838889 0.158333 0.839815 0.156771 0.842593 0.156250 0.844444 0.155729 0.847222 0.155729 0.852778 0.156771 0.857407 0.158333 0.860185 0.159375 0.861111 0.160938 0.862037 0.164062 0.862037 0.166667 0.860185 0.168229 0.857407 0.169271 0.852778 0.169271 0.847222 0.168750 0.844444 0.168229 0.842593 0.166667 0.839815 0.164062 0.837963 0.160938 0.837963
1 0.667188 0.891667 0.665625 0.892593 0.664583 0.893519 0.663021 0.896296 0.662500 0.898148 0.661979 0.900926 0.661979 0.906481 0.663021 0.911111 0.664583 0.913889 0.665625 0.914815 0.667188 0.915741 0.670312 0.915741 0.672917 0.913889 0.674479 0.911111 0.675521 0.906481 0.675521 0.900926 0.675000 0.898148 0.674479 0.896296 0.672917 0.893519 0.670312 0.891667 0.667188 0.891667
1 0.796354 0.837037 0.794792 0.837963 0.793750 0.838889 0.792188 0.841667 0.791667 0.843519 0.791146 0.846296 0.791146 0.851852 0.792188 0.856481 0.793750 0.859259 0.794792 0.860185 0.796354 0.861111 0.799479 0.861111 0.802083 0.859259 0.803646 0.856481 0.804688 0.851852 0.804688 0.846296 0.804167 0.843519 0.803646 0.841667 0.802083 0.838889 0.799479 0.837037 0.796354 0.837037
1 0.526042 0.077778 0.524479 0.078704 0.523438 0.079630 0.521875 0.082407 0.521354 0.084259 0.520833 0.087037 0.520833 0.092593 0.521875 0.097222 0.523438 0.100000 0.524479 0.100926 0.526042 0.101852 0.529167 0.101852 0.531771 0.100000 0.533333 0.097222 0.534375 0.092593 0.534375 0.087037 0.533854 0.084259 0.533333 0.082407 0.531771 0.079630 0.529167 0.077778 0.526042 0.077778
1 0.317188 0.100000 0.315625 0.100926 0.314583 0.101852 0.313021 0.104630 0.312500 0.106481 0.311979 0.109259 0.311979 0.114815 0.313021 0.119444 0.314583 0.122222 0.315625 0.123148 0.317188 0.124074 0.320312 0.124074 0.322917 0.122222 0.324479 0.119444 0.325521 0.114815 0.325521 0.109259 0.325000 0.106481 0.324479 0.104630 0.322917 0.101852 0.320312 0.100000 0.317188 0.100000
0 0.161979 0.882407 0.160417 0.883333 0.157292 0.886111 0.156250 0.888889 0.155729 0.890741 0.155208 0.892593 0.154688 0.895370 0.154688 0.903704 0.155729 0.908333 0.156250 0.911111 0.158333 0.914815 0.159896 0.915741 0.165104 0.915741 0.169271 0.912037 0.170833 0.909259 0.171354 0.906481 0.172917 0.903704 0.173437 0.900000 0.173437 0.893519 0.172917 0.891667 0.172396 0.889815 0.171354 0.887037 0.169792 0.884259 0.168750 0.883333 0.167187 0.882407 0.161979 0.882407
0 0.544792 0.558333 0.541667 0.561111 0.540625 0.562963 0.540104 0.562963 0.539583 0.563889 0.539062 0.565741 0.538542 0.568519 0.538542 0.575926 0.539062 0.578704 0.539583 0.581481 0.540104 0.583333 0.540625 0.584259 0.541667 0.585185 0.542188 0.585185 0.544271 0.587963 0.546354 0.588889 0.548958 0.588889 0.550521 0.587963 0.552083 0.587037 0.554167 0.584259 0.556250 0.580556 0.556771 0.578704 0.556771 0.575000 0.557292 0.570370 0.557292 0.568519 0.556771 0.566667 0.556250 0.564815 0.555729 0.563889 0.553125 0.560185 0.552083 0.559259 0.550000 0.558333 0.544792 0.558333
8 0.490729 0.541019 0.491969 0.479130 0.457448 0.476963 0.458057 0.455778 0.491969 0.456861 0.493188 0.397120 0.506021 0.397120 0.505411 0.459037 0.537917 0.461204 0.537812 0.483241 0.503880 0.480759 0.503594 0.539444
8 0.490729 0.541019 0.491969 0.479130 0.457448 0.476963 0.458057 0.455778 0.491969 0.456861 0.493188 0.397120 0.506021 0.397120 0.505411 0.459037 0.537917 0.461204 0.537812 0.483241 0.503880 0.480759 0.503594 0.539444
1 0.172396 0.089815 0.170833 0.090741 0.169792 0.091667 0.168229 0.094444 0.167708 0.096296 0.167187 0.099074 0.167187 0.104630 0.168229 0.109259 0.169792 0.112037 0.170833 0.112963 0.172396 0.113889 0.175521 0.113889 0.178125 0.112037 0.179688 0.109259 0.180729 0.104630 0.180729 0.099074 0.180208 0.096296 0.179688 0.094444 0.178125 0.091667 0.175521 0.089815 0.172396 0.089815
1 0.228125 0.175000 0.226562 0.175926 0.225521 0.176852 0.223958 0.179630 0.223438 0.181481 0.222917 0.184259 0.222917 0.189815 0.223958 0.194444 0.225521 0.197222 0.226562 0.198148 0.228125 0.199074 0.231250 0.199074 0.233854 0.197222 0.235417 0.194444 0.236458 0.189815 0.236458 0.184259 0.235937 0.181481 0.235417 0.179630 0.233854 0.176852 0.231250 0.175000 0.228125 0.175000
1 0.413021 0.235185 0.411458 0.236111 0.410417 0.237037 0.408854 0.239815 0.408333 0.241667 0.407813 0.244444 0.407813 0.250000 0.408854 0.254630 0.410417 0.257407 0.411458 0.258333 0.413021 0.259259 0.416146 0.259259 0.418750 0.257407 0.420312 0.254630 0.421354 0.250000 0.421354 0.244444 0.420833 0.241667 0.420312 0.239815 0.418750 0.237037 0.416146 0.235185 0.413021 0.235185
