1 0.505729 0.829630 0.504167 0.830556 0.503125 0.831481 0.501563 0.834259 0.501042 0.836111 0.500521 0.838889 0.500521 0.844444 0.501563 0.849074 0.503125 0.851852 0.504167 0.852778 0.505729 0.853704 0.508854 0.853704 0.511458 0.851852 0.513021 0.849074 0.514062 0.844444 0.514062 0.838889 0.513542 0.836111 0.513021 0.834259 0.511458 0.831481 0.508854 0.829630 0.505729 0.829630
8 0.490729 0.541019 0.491969 0.479130 0.457448 0.476963 0.458057 0.455778 0.491969 0.456861 0.493188 0.397120 0.506021 0.397120 0.505411 0.459037 0.537917 0.461204 0.537812 0.483241 0.503880 0.480759 0.503594 0.539444
8 0.490729 0.541019 0.491969 0.479130 0.457448 0.476963 0.458057 0.455778 0.491969 0.456861 0.493188 0.397120 0.506021 0.397120 0.505411 0.459037 0.537917 0.461204 0.537812 0.483241 0.503880 0.480759 0.503594 0.539444
0 0.389583 0.639815 0.386979 0.641667 0.384375 0.646296 0.383854 0.649074 0.383854 0.652778 0.384375 0.655556 0.386979 0.660185 0.389583 0.662037 0.393750 0.662037 0.396354 0.660185 0.398958 0.655556 0.399479 0.652778 0.399479 0.649074 0.398958 0.646296 0.396354 0.641667 0.393750 0.639815 0.389583 0.639815
1 0.755729 0.496296 0.754167 0.497222 0.753125 0.498148 0.751563 0.500926 0.751042 0.502778 0.750521 0.505556 0.750521 0.511111 0.751563 0.515741 0.753125 0.518519 0.754167 0.519444 0.755729 0.520370 0.758854 0.520370 0.761458 0.518519 0.763021 0.515741 0.764062 0.511111 0.764062 0.505556 0.763542 0.502778 0.763021 0.500926 0.761458 0.498148 0.758854 0.496296 0.755729 0.496296
1 0.731771 0.267593 0.730208 0.268519 0.729167 0.269444 0.727604 0.272222 0.727083 0.274074 0.726562 0.276852 0.726562 0.282407 0.727604 0.287037 0.729167 0.289815 0.730208 0.290741 0.731771 0.291667 0.734896 0.291667 0.737500 0.289815 0.739062 0.287037 0.740104 0.282407 0.740104 0.276852 0.739583 0.274074 0.739062 0.272222 0.737500 0.269444 0.734896 0.267593 0.731771 0.267593
1 0.595833 0.212963 0.594271 0.213889 0.593229 0.214815 0.591667 0.217593 0.591146 0.219444 0.590625 0.222222 0.590625 0.227778 0.591667 0.232407 0.593229 0.235185 0.594271 0.236111 0.595833 0.237037 0.598958 0.237037 0.601562 0.235185 0.603125 0.232407 0.604167 0.227778 0.604167 0.222222 0.603646 0.219444 0.603125 0.217593 0.601562 0.214815 0.598958 0.212963 0.595833 0.212963
1 0.663021 0.076852 0.661458 0.077778 0.660417 0.078704 0.658854 0.081481 0.658333 0.083333 0.657813 0.086111 0.657813 0.091667 0.658854 0.096296 0.660417 0.099074 0.661458 0.100000 0.663021 0.100926 0.666146 0.100926 0.668750 0.099074 0.670312 0.096296 0.671354 0.091667 0.671354 0.086111 0.670833 0.083333 0.670312 0.081481 0.668750 0.078704 0.666146 0.076852 0.663021 0.076852
1 0.758854 0.112037 0.757292 0.112963 0.756250 0.113889 0.754687 0.116667 0.754167 0.118519 0.753646 0.121296 0.753646 0.126852 0.754687 0.131481 0.756250 0.134259 0.757292 0.135185 0.758854 0.136111 0.761979 0.136111 0.764583 0.134259 0.766146 0.131481 0.767188 0.126852 0.767188 0.121296 0.766667 0.118519 0.766146 0.116667 0.764583 0.113889 0.761979 0.112037 0.758854 0.112037
1 0.781771 0.152778 0.780208 0.153704 0.779167 0.154630 0.777604 0.157407 0.777083 0.159259 0.776563 0.162037 0.776563 0.167593 0.777604 0.172222 0.779167 0.175000 0.780208 0.175926 0.781771 0.176852 0.784896 0.176852 0.787500 0.175000 0.789062 0.172222 0.790104 0.167593 0.790104 0.162037 0.789583 0.159259 0.789062 0.157407 0.787500 0.154630 0.784896 0.152778 0.781771 0.152778
1 0.376042 0.065741 0.374479 0.066667 0.373437 0.067593 0.371875 0.070370 0.371354 0.072222 0.370833 0.075000 0.370833 0.080556 0.371875 0.085185 0.373437 0.087963 0.374479 0.088889 0.376042 0.089815 0.379167 0.089815 0.381771 0.087963 0.383333 0.085185 0.384375 0.080556 0.384375 0.075000 0.383854 0.072222 0.383333 0.070370 0.381771 0.067593 0.379167 0.065741 0.376042 0.065741
