1 0.505208 0.347222 0.503646 0.348148 0.502604 0.349074 0.501042 0.351852 0.500521 0.353704 0.500000 0.356481 0.500000 0.362037 0.501042 0.366667 0.502604 0.369444 0.503646 0.370370 0.505208 0.371296 0.508333 0.371296 0.510938 0.369444 0.512500 0.366667 0.513542 0.362037 0.513542 0.356481 0.513021 0.353704 0.512500 0.351852 0.510938 0.349074 0.508333 0.347222 0.505208 0.347222
1 0.454688 0.702778 0.453125 0.703704 0.452083 0.704630 0.450521 0.707407 0.450000 0.709259 0.449479 0.712037 0.449479 0.717593 0.450521 0.722222 0.452083 0.725000 0.453125 0.725926 0.454688 0.726852 0.457813 0.726852 0.460417 0.725000 0.461979 0.722222 0.463021 0.717593 0.463021 0.712037 0.462500 0.709259 0.461979 0.707407 0.460417 0.704630 0.457813 0.702778 0.454688 0.702778
1 0.386979 0.543519 0.385417 0.544444 0.384375 0.545370 0.382812 0.548148 0.382292 0.550000 0.381771 0.552778 0.381771 0.558333 0.382812 0.562963 0.384375 0.565741 0.385417 0.566667 0.386979 0.567593 0.390104 0.567593 0.392708 0.565741 0.394271 0.562963 0.395313 0.558333 0.395313 0.552778 0.394792 0.550000 0.394271 0.548148 0.392708 0.545370 0.390104 0.543519 0.386979 0.543519
1 0.467708 0.496296 0.466146 0.497222 0.465104 0.498148 0.463542 0.500926 0.463021 0.502778 0.462500 0.505556 0.462500 0.511111 0.463542 0.515741 0.465104 0.518519 0.466146 0.519444 0.467708 0.520370 0.470833 0.520370 0.473438 0.518519 0.475000 0.515741 0.476042 0.511111 0.476042 0.505556 0.475521 0.502778 0.475000 0.500926 0.473438 0.498148 0.470833 0.496296 0.467708 0.496296
1 0.245312 0.717593 0.243750 0.718519 0.242708 0.719444 0.241146 0.722222 0.240625 0.724074 0.240104 0.726852 0.240104 0.732407 0.241146 0.737037 0.242708 0.739815 0.243750 0.740741 0.245312 0.741667 0.248438 0.741667 0.251042 0.739815 0.252604 0.737037 0.253646 0.732407 0.253646 0.726852 0.253125 0.724074 0.252604 0.722222 0.251042 0.719444 0.248438 0.717593 0.245312 0.717593
1 0.817708 0.627778 0.816146 0.628704 0.815104 0.629630 0.813542 0.632407 0.813021 0.634259 0.812500 0.637037 0.812500 0.642593 0.813542 0.647222 0.815104 0.650000 0.816146 0.650926 0.817708 0.651852 0.820833 0.651852 0.823438 0.650000 0.825000 0.647222 0.826042 0.642593 0.826042 0.637037 0.825521 0.634259 0.825000 0.632407 0.823438 0.629630 0.820833 0.627778 0.817708 0.627778
1 0.459375 0.304630 0.457813 0.305556 0.456771 0.306481 0.455208 0.309259 0.454688 0.311111 0.454167 0.313889 0.454167 0.319444 0.455208 0.324074 0.456771 0.326852 0.457813 0.327778 0.459375 0.328704 0.462500 0.328704 0.465104 0.326852 0.466667 0.324074 0.467708 0.319444 0.467708 0.313889 0.467187 0.311111 0.466667 0.309259 0.465104 0.306481 0.462500 0.304630 0.459375 0.304630
1 0.515104 0.195370 0.513542 0.196296 0.512500 0.197222 0.510938 0.200000 0.510417 0.201852 0.509896 0.204630 0.509896 0.210185 0.510938 0.214815 0.512500 0.217593 0.513542 0.218519 0.515104 0.219444 0.518229 0.219444 0.520833 0.217593 0.522396 0.214815 0.523438 0.210185 0.523438 0.204630 0.522917 0.201852 0.522396 0.200000 0.520833 0.197222 0.518229 0.195370 0.515104 0.195370
1 0.582812 0.125926 0.581250 0.126852 0.580208 0.127778 0.578646 0.130556 0.578125 0.132407 0.577604 0.135185 0.577604 0.140741 0.578646 0.145370 0.580208 0.148148 0.581250 0.149074 0.582812 0.150000 0.585938 0.150000 0.588542 0.148148 0.590104 0.145370 0.591146 0.140741 0.591146 0.135185 0.590625 0.132407 0.590104 0.130556 0.588542 0.127778 0.585938 0.125926 0.582812 0.125926
1 0.640104 0.137963 0.638542 0.138889 0.637500 0.139815 0.635938 0.142593 0.635417 0.144444 0.634896 0.147222 0.634896 0.152778 0.635938 0.157407 0.637500 0.160185 0.638542 0.161111 0.640104 0.162037 0.643229 0.162037 0.645833 0.160185 0.647396 0.157407 0.648438 0.152778 0.648438 0.147222 0.647917 0.144444 0.647396 0.142593 0.645833 0.139815 0.643229 0.137963 0.640104 0.137963
1 0.512500 0.063889 0.510938 0.064815 0.509896 0.065741 0.508333 0.068519 0.507812 0.070370 0.507292 0.073148 0.507292 0.078704 0.508333 0.083333 0.509896 0.086111 0.510938 0.087037 0.512500 0.087963 0.515625 0.087963 0.518229 0.086111 0.519792 0.083333 0.520833 0.078704 0.520833 0.073148 0.520312 0.070370 0.519792 0.068519 0.518229 0.065741 0.515625 0.063889 0.512500 0.063889
1 0.242188 0.060185 0.240625 0.061111 0.239583 0.062037 0.238021 0.064815 0.237500 0.066667 0.236979 0.069444 0.236979 0.075000 0.238021 0.079630 0.239583 0.082407 0.240625 0.083333 0.242188 0.084259 0.245312 0.084259 0.247917 0.082407 0.249479 0.079630 0.250521 0.075000 0.250521 0.069444 0.250000 0.066667 0.249479 0.064815 0.247917 0.062037 0.245312 0.060185 0.242188 0.060185
0 0.545312 0.558333 0.544271 0.559259 0.543229 0.560185 0.541667 0.562037 0.540104 0.564815 0.539583 0.567593 0.539583 0.579630 0.540104 0.581481 0.540625 0.583333 0.541146 0.584259 0.542708 0.585185 0.543750 0.587037 0.544792 0.587963 0.550521 0.587963 0.552083 0.587037 0.555729 0.580556 0.556250 0.578704 0.556771 0.572222 0.556250 0.568519 0.555729 0.566667 0.555208 0.564815 0.552083 0.559259 0.550521 0.558333 0.545312 0.558333
0 0.732812 0.314815 0.731250 0.315741 0.729688 0.316667 0.728646 0.317593 0.727604 0.320370 0.727083 0.322222 0.726562 0.324074 0.726042 0.326852 0.726042 0.334259 0.727604 0.338889 0.728125 0.341667 0.729688 0.342593 0.731771 0.343519 0.736979 0.343519 0.738542 0.342593 0.739583 0.341667 0.741667 0.337963 0.743229 0.333333 0.743750 0.330556 0.743750 0.328704 0.742188 0.322222 0.741667 0.320370 0.741146 0.318519 0.739583 0.315741 0.737500 0.314815 0.732812 0.314815
8 0.490729 0.541019 0.491969 0.479130 0.457448 0.476963 0.458057 0.455778 0.491969 0.456861 0.493188 0.397120 0.506021 0.397120 0.505411 0.459037 0.537917 0.461204 0.537812 0.483241 0.503880 0.480759 0.503594 0.539444
8 0.490729 0.541019 0.491969 0.479130 0.457448 0.476963 0.458057 0.455778 0.491969 0.456861 0.493188 0.397120 0.506021 0.397120 0.505411 0.459037 0.537917 0.461204 0.537812 0.483241 0.503880 0.480759 0.503594 0.539444
