1 0.454688 0.701852 0.453125 0.702778 0.452083 0.703704 0.450521 0.706481 0.450000 0.708333 0.449479 0.711111 0.449479 0.716667 0.450521 0.721296 0.452083 0.724074 0.453125 0.725000 0.454688 0.725926 0.457813 0.725926 0.460417 0.724074 0.461979 0.721296 0.463021 0.716667 0.463021 0.711111 0.462500 0.708333 0.461979 0.706481 0.460417 0.703704 0.457813 0.701852 0.454688 0.701852
1 0.202083 0.878704 0.200521 0.879630 0.199479 0.880556 0.197917 0.883333 0.197396 0.885185 0.196875 0.887963 0.196875 0.893519 0.197917 0.898148 0.199479 0.900926 0.200521 0.901852 0.202083 0.902778 0.205208 0.902778 0.207813 0.900926 0.209375 0.898148 0.210417 0.893519 0.210417 0.887963 0.209896 0.885185 0.209375 0.883333 0.207813 0.880556 0.205208 0.878704 0.202083 0.878704
1 0.214062 0.899074 0.212500 0.900000 0.211458 0.900926 0.209896 0.903704 0.209375 0.905556 0.208854 0.908333 0.208854 0.913889 0.209896 0.918519 0.211458 0.921296 0.212500 0.922222 0.214062 0.923148 0.217188 0.923148 0.219792 0.921296 0.221354 0.918519 0.222396 0.913889 0.222396 0.908333 0.221875 0.905556 0.221354 0.903704 0.219792 0.900926 0.217188 0.899074 0.214062 0.899074
1 0.285417 0.900926 0.283854 0.901852 0.282813 0.902778 0.281250 0.905556 0.280729 0.907407 0.280208 0.910185 0.280208 0.915741 0.281250 0.920370 0.282813 0.923148 0.283854 0.924074 0.285417 0.925000 0.288542 0.925000 0.291146 0.923148 0.292708 0.920370 0.293750 0.915741 0.293750 0.910185 0.293229 0.907407 0.292708 0.905556 0.291146 0.902778 0.288542 0.900926 0.285417 0.900926
1 0.358854 0.865741 0.357292 0.866667 0.356250 0.867593 0.354687 0.870370 0.354167 0.872222 0.353646 0.875000 0.353646 0.880556 0.354687 0.885185 0.356250 0.887963 0.357292 0.888889 0.358854 0.889815 0.361979 0.889815 0.364583 0.887963 0.366146 0.885185 0.367188 0.880556 0.367188 0.875000 0.366667 0.872222 0.366146 0.870370 0.364583 0.867593 0.361979 0.865741 0.358854 0.865741
1 0.272917 0.783333 0.271354 0.784259 0.270313 0.785185 0.268750 0.787963 0.268229 0.789815 0.267708 0.792593 0.267708 0.798148 0.268750 0.802778 0.270313 0.805556 0.271354 0.806481 0.272917 0.807407 0.276042 0.807407 0.278646 0.805556 0.280208 0.802778 0.281250 0.798148 0.281250 0.792593 0.280729 0.789815 0.280208 0.787963 0.278646 0.785185 0.276042 0.783333 0.272917 0.783333
1 0.351042 0.709259 0.349479 0.710185 0.348438 0.711111 0.346875 0.713889 0.346354 0.715741 0.345833 0.718519 0.345833 0.724074 0.346875 0.728704 0.348438 0.731481 0.349479 0.732407 0.351042 0.733333 0.354167 0.733333 0.356771 0.731481 0.358333 0.728704 0.359375 0.724074 0.359375 0.718519 0.358854 0.715741 0.358333 0.713889 0.356771 0.711111 0.354167 0.709259 0.351042 0.709259
1 0.817708 0.628704 0.816146 0.629630 0.815104 0.630556 0.813542 0.633333 0.813021 0.635185 0.812500 0.637963 0.812500 0.643519 0.813542 0.648148 0.815104 0.650926 0.816146 0.651852 0.817708 0.652778 0.820833 0.652778 0.823438 0.650926 0.825000 0.648148 0.826042 0.643519 0.826042 0.637963 0.825521 0.635185 0.825000 0.633333 0.823438 0.630556 0.820833 0.628704 0.817708 0.628704
1 0.618229 0.162037 0.616667 0.162963 0.615625 0.163889 0.614062 0.166667 0.613542 0.168519 0.613021 0.171296 0.613021 0.176852 0.614062 0.181481 0.615625 0.184259 0.616667 0.185185 0.618229 0.186111 0.621354 0.186111 0.623958 0.184259 0.625521 0.181481 0.626563 0.176852 0.626563 0.171296 0.626042 0.168519 0.625521 0.166667 0.623958 0.163889 0.621354 0.162037 0.618229 0.162037
1 0.203646 0.236111 0.202083 0.237037 0.201042 0.237963 0.199479 0.240741 0.198958 0.242593 0.198437 0.245370 0.198437 0.250926 0.199479 0.255556 0.201042 0.258333 0.202083 0.259259 0.203646 0.260185 0.206771 0.260185 0.209375 0.258333 0.210938 0.255556 0.211979 0.250926 0.211979 0.245370 0.211458 0.242593 0.210938 0.240741 0.209375 0.237963 0.206771 0.236111 0.203646 0.236111
1 0.461458 0.280556 0.459896 0.281481 0.458854 0.282407 0.457292 0.285185 0.456771 0.287037 0.456250 0.289815 0.456250 0.295370 0.457292 0.300000 0.458854 0.302778 0.459896 0.303704 0.461458 0.304630 0.464583 0.304630 0.467187 0.302778 0.468750 0.300000 0.469792 0.295370 0.469792 0.289815 0.469271 0.287037 0.468750 0.285185 0.467187 0.282407 0.464583 0.280556 0.461458 0.280556
1 0.478646 0.483333 0.477083 0.484259 0.476042 0.485185 0.474479 0.487963 0.473958 0.489815 0.473438 0.492593 0.473438 0.498148 0.474479 0.502778 0.476042 0.505556 0.477083 0.506481 0.478646 0.507407 0.481771 0.507407 0.484375 0.505556 0.485938 0.502778 0.486979 0.498148 0.486979 0.492593 0.486458 0.489815 0.485938 0.487963 0.484375 0.485185 0.481771 0.483333 0.478646 0.483333
8 0.490729 0.541019 0.491969 0.479130 0.457448 0.476963 0.458057 0.455778 0.491969 0.456861 0.493188 0.397120 0.506021 0.397120 0.505411 0.459037 0.537917 0.461204 0.537812 0.483241 0.503880 0.480759 0.503594 0.539444
0 0.545312 0.558333 0.543750 0.559259 0.542188 0.561111 0.540625 0.562963 0.540104 0.564815 0.539583 0.567593 0.539062 0.571296 0.539062 0.575000 0.539583 0.579630 0.540104 0.582407 0.541667 0.585185 0.543229 0.587037 0.544271 0.587963 0.546875 0.588889 0.548958 0.588889 0.551042 0.587963 0.552083 0.587037 0.554688 0.582407 0.555729 0.579630 0.555729 0.575000 0.556250 0.574074 0.556250 0.570370 0.555208 0.565741 0.554688 0.563889 0.552083 0.559259 0.550521 0.558333 0.545312 0.558333
0 0.783333 0.488889 0.782292 0.489815 0.780208 0.492593 0.779167 0.492593 0.777083 0.496296 0.776563 0.498148 0.776042 0.505556 0.776563 0.509259 0.777604 0.512963 0.778646 0.514815 0.779687 0.515741 0.782292 0.517593 0.788021 0.517593 0.789583 0.516667 0.790625 0.515741 0.791667 0.514815 0.794271 0.510185 0.794792 0.508333 0.794792 0.500000 0.794271 0.497222 0.793750 0.495370 0.792708 0.493519 0.790625 0.491667 0.787500 0.488889 0.783333 0.488889
8 0.490729 0.541019 0.491969 0.479130 0.457448 0.476963 0.458057 0.455778 0.491969 0.456861 0.493188 0.397120 0.506021 0.397120 0.505411 0.459037 0.537917 0.461204 0.537812 0.483241 0.503880 0.480759 0.503594 0.539444
