1 0.288542 0.213889 0.286979 0.214815 0.285938 0.215741 0.284375 0.218519 0.283854 0.220370 0.283333 0.223148 0.283333 0.228704 0.284375 0.233333 0.285938 0.236111 0.286979 0.237037 0.288542 0.237963 0.291667 0.237963 0.294271 0.236111 0.295833 0.233333 0.296875 0.228704 0.296875 0.223148 0.296354 0.220370 0.295833 0.218519 0.294271 0.215741 0.291667 0.213889 0.288542 0.213889
1 0.191667 0.307407 0.190104 0.308333 0.189062 0.309259 0.187500 0.312037 0.186979 0.313889 0.186458 0.316667 0.186458 0.322222 0.187500 0.326852 0.189062 0.329630 0.190104 0.330556 0.191667 0.331481 0.194792 0.331481 0.197396 0.329630 0.198958 0.326852 0.200000 0.322222 0.200000 0.316667 0.199479 0.313889 0.198958 0.312037 0.197396 0.309259 0.194792 0.307407 0.191667 0.307407
1 0.273438 0.375926 0.271875 0.376852 0.270833 0.377778 0.269271 0.380556 0.268750 0.382407 0.268229 0.385185 0.268229 0.390741 0.269271 0.395370 0.270833 0.398148 0.271875 0.399074 0.273438 0.400000 0.276562 0.400000 0.279167 0.398148 0.280729 0.395370 0.281771 0.390741 0.281771 0.385185 0.281250 0.382407 0.280729 0.380556 0.279167 0.377778 0.276562 0.375926 0.273438 0.375926
1 0.800000 0.874074 0.798438 0.875000 0.797396 0.875926 0.795833 0.878704 0.795312 0.880556 0.794792 0.883333 0.794792 0.888889 0.795833 0.893519 0.797396 0.896296 0.798438 0.897222 0.800000 0.898148 0.803125 0.898148 0.805729 0.896296 0.807292 0.893519 0.808333 0.888889 0.808333 0.883333 0.807813 0.880556 0.807292 0.878704 0.805729 0.875926 0.803125 0.874074 0.800000 0.874074
1 0.622396 0.063889 0.620833 0.064815 0.619792 0.065741 0.618229 0.068519 0.617708 0.070370 0.617188 0.073148 0.617188 0.078704 0.618229 0.083333 0.619792 0.086111 0.620833 0.087037 0.622396 0.087963 0.625521 0.087963 0.628125 0.086111 0.629687 0.083333 0.630729 0.078704 0.630729 0.073148 0.630208 0.070370 0.629687 0.068519 0.628125 0.065741 0.625521 0.063889 0.622396 0.063889
1 0.578646 0.807407 0.577083 0.808333 0.576042 0.809259 0.574479 0.812037 0.573958 0.813889 0.573438 0.816667 0.573438 0.822222 0.574479 0.826852 0.576042 0.829630 0.577083 0.830556 0.578646 0.831481 0.581771 0.831481 0.584375 0.829630 0.585938 0.826852 0.586979 0.822222 0.586979 0.816667 0.586458 0.813889 0.585938 0.812037 0.584375 0.809259 0.581771 0.807407 0.578646 0.807407
1 0.487500 0.872222 0.485938 0.873148 0.484896 0.874074 0.483333 0.876852 0.482812 0.878704 0.482292 0.881481 0.482292 0.887037 0.483333 0.891667 0.484896 0.894444 0.485938 0.895370 0.487500 0.896296 0.490625 0.896296 0.493229 0.894444 0.494792 0.891667 0.495833 0.887037 0.495833 0.881481 0.495312 0.878704 0.494792 0.876852 0.493229 0.874074 0.490625 0.872222 0.487500 0.872222
1 0.288542 0.785185 0.286979 0.786111 0.285938 0.787037 0.284375 0.789815 0.283854 0.791667 0.283333 0.794444 0.283333 0.800000 0.284375 0.804630 0.285938 0.807407 0.286979 0.808333 0.288542 0.809259 0.291667 0.809259 0.294271 0.807407 0.295833 0.804630 0.296875 0.800000 0.296875 0.794444 0.296354 0.791667 0.295833 0.789815 0.294271 0.787037 0.291667 0.785185 0.288542 0.785185
1 0.466146 0.502778 0.464583 0.503704 0.463542 0.504630 0.461979 0.507407 0.461458 0.509259 0.460938 0.512037 0.460938 0.517593 0.461979 0.522222 0.463542 0.525000 0.464583 0.525926 0.466146 0.526852 0.469271 0.526852 0.471875 0.525000 0.473438 0.522222 0.474479 0.517593 0.474479 0.512037 0.473958 0.509259 0.473438 0.507407 0.471875 0.504630 0.469271 0.502778 0.466146 0.502778
1 0.632812 0.599074 0.631250 0.600000 0.630208 0.600926 0.628646 0.603704 0.628125 0.605556 0.627604 0.608333 0.627604 0.613889 0.628646 0.618519 0.630208 0.621296 0.631250 0.622222 0.632812 0.623148 0.635938 0.623148 0.638542 0.621296 0.640104 0.618519 0.641146 0.613889 0.641146 0.608333 0.640625 0.605556 0.640104 0.603704 0.638542 0.600926 0.635938 0.599074 0.632812 0.599074
1 0.731250 0.553704 0.729688 0.554630 0.728646 0.555556 0.727083 0.558333 0.726562 0.560185 0.726042 0.562963 0.726042 0.568519 0.727083 0.573148 0.728646 0.575926 0.729688 0.576852 0.731250 0.577778 0.734375 0.577778 0.736979 0.575926 0.738542 0.573148 0.739583 0.568519 0.739583 0.562963 0.739062 0.560185 0.738542 0.558333 0.736979 0.555556 0.734375 0.553704 0.731250 0.553704
1 0.782292 0.254630 0.780729 0.255556 0.779687 0.256481 0.778125 0.259259 0.777604 0.261111 0.777083 0.263889 0.777083 0.269444 0.778125 0.274074 0.779687 0.276852 0.780729 0.277778 0.782292 0.278704 0.785417 0.278704 0.788021 0.276852 0.789583 0.274074 0.790625 0.269444 0.790625 0.263889 0.790104 0.261111 0.789583 0.259259 0.788021 0.256481 0.785417 0.254630 0.782292 0.254630
0 0.390625 0.867593 0.388542 0.869444 0.387500 0.871296 0.386979 0.873148 0.386458 0.875000 0.386458 0.882407 0.386979 0.884259 0.388021 0.886111 0.388021 0.887037 0.388542 0.887963 0.389583 0.888889 0.390625 0.889815 0.392708 0.889815 0.393750 0.888889 0.394792 0.887963 0.395313 0.887037 0.395313 0.886111 0.396354 0.884259 0.396875 0.882407 0.396875 0.875000 0.395833 0.871296 0.394792 0.869444 0.393750 0.868519 0.392708 0.867593 0.390625 0.867593
0 0.533854 0.552778 0.532813 0.553704 0.531771 0.554630 0.530208 0.557407 0.529687 0.559259 0.529167 0.561111 0.529167 0.564815 0.529687 0.566667 0.530208 0.568519 0.531771 0.571296 0.532813 0.572222 0.533854 0.573148 0.536979 0.573148 0.538542 0.572222 0.540625 0.568519 0.541146 0.566667 0.541667 0.564815 0.541667 0.561111 0.541146 0.559259 0.540625 0.557407 0.538542 0.553704 0.536979 0.552778 0.533854 0.552778
8 0.490729 0.541019 0.491969 0.479130 0.457448 0.476963 0.458057 0.455778 0.491969 0.456861 0.493188 0.397120 0.506021 0.397120 0.505411 0.459037 0.537917 0.461204 0.537812 0.483241 0.503880 0.480759 0.503594 0.539444
8 0.490729 0.541019 0.491969 0.479130 0.457448 0.476963 0.458057 0.455778 0.491969 0.456861 0.493188 0.397120 0.506021 0.397120 0.505411 0.459037 0.537917 0.461204 0.537812 0.483241 0.503880 0.480759 0.503594 0.539444
