1 0.734896 0.498148 0.733333 0.499074 0.732292 0.500000 0.729688 0.504630 0.729167 0.506481 0.728646 0.509259 0.728646 0.513889 0.729167 0.515741 0.729688 0.517593 0.732292 0.522222 0.733333 0.523148 0.734896 0.524074 0.737500 0.524074 0.738542 0.523148 0.739583 0.522222 0.742188 0.517593 0.742708 0.515741 0.743229 0.513889 0.743229 0.509259 0.742708 0.506481 0.742188 0.504630 0.739583 0.500000 0.738542 0.499074 0.737500 0.498148 0.734896 0.498148
1 0.253646 0.739815 0.251042 0.741667 0.248958 0.745370 0.248438 0.747222 0.247917 0.750000 0.247917 0.753704 0.248438 0.756481 0.248958 0.758333 0.251042 0.762037 0.253646 0.763889 0.256771 0.763889 0.259375 0.762037 0.261458 0.758333 0.261979 0.756481 0.262500 0.753704 0.262500 0.750000 0.261979 0.747222 0.261458 0.745370 0.259375 0.741667 0.256771 0.739815 0.253646 0.739815
1 0.394271 0.771296 0.392708 0.772222 0.391667 0.773148 0.390104 0.775000 0.389062 0.777778 0.388542 0.779630 0.388021 0.782407 0.388021 0.788889 0.389062 0.792593 0.389583 0.794444 0.390104 0.795370 0.390625 0.795370 0.391667 0.797222 0.392708 0.798148 0.394271 0.799074 0.397917 0.799074 0.401042 0.796296 0.402083 0.794444 0.403646 0.788889 0.403646 0.782407 0.403125 0.779630 0.402604 0.777778 0.401562 0.775926 0.401562 0.775000 0.401042 0.774074 0.400000 0.773148 0.397917 0.771296 0.394271 0.771296
1 0.792708 0.887963 0.791146 0.888889 0.789583 0.890741 0.786979 0.895370 0.786458 0.898148 0.786458 0.903704 0.786979 0.906481 0.789583 0.911111 0.791146 0.912963 0.792708 0.913889 0.796875 0.913889 0.798438 0.912963 0.799479 0.912037 0.802604 0.906481 0.803125 0.903704 0.803125 0.898148 0.802604 0.895370 0.799479 0.889815 0.798438 0.888889 0.796875 0.887963 0.792708 0.887963
0 0.745313 0.825000 0.743229 0.825926 0.741146 0.828704 0.739583 0.831481 0.739062 0.833333 0.738542 0.836111 0.738542 0.841667 0.739062 0.845370 0.740625 0.849074 0.743229 0.853704 0.744271 0.854630 0.745833 0.855556 0.751042 0.855556 0.752083 0.854630 0.753125 0.853704 0.755208 0.850000 0.756250 0.847222 0.756250 0.837037 0.755729 0.835185 0.755208 0.833333 0.752604 0.828704 0.749479 0.825926 0.747917 0.825000 0.745313 0.825000
1 0.595313 0.061111 0.593750 0.062037 0.592708 0.062963 0.591146 0.064815 0.590104 0.067593 0.589583 0.069444 0.589063 0.072222 0.589063 0.078704 0.590104 0.082407 0.590625 0.084259 0.591146 0.085185 0.591667 0.085185 0.592708 0.087037 0.593750 0.087963 0.595313 0.088889 0.598958 0.088889 0.602083 0.086111 0.603125 0.084259 0.604688 0.078704 0.604688 0.072222 0.604167 0.069444 0.603646 0.067593 0.602604 0.065741 0.602604 0.064815 0.602083 0.063889 0.601042 0.062963 0.598958 0.061111 0.595313 0.061111
8 0.490729 0.541019 0.491969 0.479130 0.457448 0.476963 0.458057 0.455778 0.491969 0.456861 0.493188 0.397120 0.506021 0.397120 0.505411 0.459037 0.537917 0.461204 0.537812 0.483241 0.503880 0.480759 0.503594 0.539444
8 0.490729 0.541019 0.491969 0.479130 0.457448 0.476963 0.458057 0.455778 0.491969 0.456861 0.493188 0.397120 0.506021 0.397120 0.505411 0.459037 0.537917 0.461204 0.537812 0.483241 0.503880 0.480759 0.503594 0.539444
1 0.606771 0.333333 0.605208 0.334259 0.604167 0.335185 0.602083 0.338889 0.601042 0.343519 0.601042 0.349074 0.602083 0.353704 0.604167 0.357407 0.605208 0.358333 0.606771 0.359259 0.608854 0.359259 0.610417 0.358333 0.611458 0.357407 0.613542 0.353704 0.614583 0.349074 0.614583 0.343519 0.613542 0.338889 0.611458 0.335185 0.610417 0.334259 0.608854 0.333333 0.606771 0.333333
1 0.801562 0.325926 0.798958 0.327778 0.796875 0.331481 0.796354 0.333333 0.795833 0.336111 0.795833 0.339815 0.796354 0.342593 0.796875 0.344444 0.798958 0.348148 0.801562 0.350000 0.804688 0.350000 0.807292 0.348148 0.809375 0.344444 0.809896 0.342593 0.810417 0.339815 0.810417 0.336111 0.809896 0.333333 0.809375 0.331481 0.807292 0.327778 0.804688 0.325926 0.801562 0.325926
1 0.720313 0.177778 0.717708 0.179630 0.715625 0.183333 0.715104 0.185185 0.714583 0.187963 0.714583 0.191667 0.715104 0.194444 0.715625 0.196296 0.717708 0.200000 0.720313 0.201852 0.723437 0.201852 0.726042 0.200000 0.728125 0.196296 0.728646 0.194444 0.729167 0.191667 0.729167 0.187963 0.728646 0.185185 0.728125 0.183333 0.726042 0.179630 0.723437 0.177778 0.720313 0.177778
1 0.817708 0.215741 0.816146 0.216667 0.815104 0.217593 0.813542 0.219444 0.812500 0.222222 0.811979 0.224074 0.811458 0.226852 0.811458 0.233333 0.812500 0.237037 0.813021 0.238889 0.813542 0.239815 0.814063 0.239815 0.815104 0.241667 0.816146 0.242593 0.817708 0.243519 0.821354 0.243519 0.824479 0.240741 0.825521 0.238889 0.827083 0.233333 0.827083 0.226852 0.826562 0.224074 0.826042 0.222222 0.825000 0.220370 0.825000 0.219444 0.824479 0.218519 0.823438 0.217593 0.821354 0.215741 0.817708 0.215741
1 0.508333 0.178704 0.506771 0.179630 0.505729 0.180556 0.503646 0.184259 0.502604 0.188889 0.502604 0.194444 0.503646 0.199074 0.505729 0.202778 0.506771 0.203704 0.508333 0.204630 0.510417 0.204630 0.511979 0.203704 0.513021 0.202778 0.515104 0.199074 0.516146 0.194444 0.516146 0.188889 0.515104 0.184259 0.513021 0.180556 0.511979 0.179630 0.510417 0.178704 0.508333 0.178704
1 0.564583 0.163889 0.563021 0.164815 0.561979 0.165741 0.560417 0.167593 0.559375 0.170370 0.558854 0.172222 0.558333 0.175000 0.558333 0.181481 0.559375 0.185185 0.559896 0.187037 0.560417 0.187963 0.560937 0.187963 0.561979 0.189815 0.563021 0.190741 0.564583 0.191667 0.568229 0.191667 0.571354 0.188889 0.572396 0.187037 0.573958 0.181481 0.573958 0.175000 0.573438 0.172222 0.572917 0.170370 0.571875 0.168519 0.571875 0.167593 0.571354 0.166667 0.570312 0.165741 0.568229 0.163889 0.564583 0.163889
