8 0.490729 0.541019 0.491969 0.479130 0.457448 0.476963 0.458057 0.455778 0.491969 0.456861 0.493188 0.397120 0.506021 0.397120 0.505411 0.459037 0.537917 0.461204 0.537812 0.483241 0.503880 0.480759 0.503594 0.539444
8 0.490729 0.541019 0.491969 0.479130 0.457448 0.476963 0.458057 0.455778 0.491969 0.456861 0.493188 0.397120 0.506021 0.397120 0.505411 0.459037 0.537917 0.461204 0.537812 0.483241 0.503880 0.480759 0.503594 0.539444
1 0.175000 0.888889 0.172917 0.890741 0.171875 0.891667 0.171354 0.892593 0.169792 0.896296 0.169271 0.899074 0.169271 0.904630 0.169792 0.907407 0.171354 0.911111 0.171875 0.912037 0.172917 0.912963 0.175000 0.914815 0.179167 0.914815 0.181771 0.912963 0.182812 0.911111 0.182812 0.910185 0.184375 0.907407 0.184896 0.904630 0.184896 0.899074 0.184375 0.896296 0.182812 0.893519 0.182812 0.892593 0.181771 0.890741 0.179167 0.888889 0.175000 0.888889
1 0.219271 0.812037 0.217188 0.812963 0.214583 0.815741 0.213021 0.818519 0.211979 0.823148 0.211979 0.828704 0.213021 0.833333 0.214583 0.836111 0.217188 0.838889 0.219271 0.839815 0.223438 0.839815 0.225521 0.838889 0.228125 0.836111 0.229687 0.833333 0.230729 0.828704 0.230729 0.823148 0.229687 0.818519 0.228125 0.815741 0.225521 0.812963 0.223438 0.812037 0.219271 0.812037
1 0.275000 0.804630 0.273438 0.805556 0.271875 0.807407 0.269271 0.812037 0.268750 0.814815 0.268750 0.820370 0.269271 0.823148 0.271875 0.827778 0.273438 0.829630 0.275000 0.830556 0.279167 0.830556 0.280729 0.829630 0.281771 0.828704 0.284896 0.823148 0.285417 0.820370 0.285417 0.814815 0.284896 0.812037 0.281771 0.806481 0.280729 0.805556 0.279167 0.804630 0.275000 0.804630
1 0.215104 0.658333 0.212500 0.660185 0.211458 0.662037 0.211458 0.662963 0.209896 0.665741 0.209375 0.668519 0.209375 0.673148 0.210417 0.676852 0.211458 0.678704 0.212500 0.680556 0.215104 0.682407 0.219271 0.682407 0.221875 0.680556 0.222917 0.678704 0.223958 0.676852 0.224479 0.675000 0.225000 0.673148 0.225000 0.668519 0.224479 0.665741 0.222917 0.662963 0.222917 0.662037 0.221875 0.660185 0.219271 0.658333 0.215104 0.658333
1 0.389583 0.887037 0.387500 0.887963 0.383333 0.895370 0.382812 0.899074 0.382812 0.905556 0.383333 0.908333 0.387500 0.915741 0.389583 0.916667 0.393229 0.916667 0.394792 0.915741 0.398958 0.908333 0.399479 0.905556 0.399479 0.899074 0.398958 0.895370 0.394792 0.887963 0.393229 0.887037 0.389583 0.887037
1 0.449479 0.771296 0.447917 0.772222 0.445833 0.775000 0.445312 0.775926 0.444792 0.777778 0.443750 0.781481 0.443750 0.788889 0.444792 0.793519 0.445833 0.795370 0.446354 0.795370 0.447917 0.798148 0.449479 0.799074 0.452604 0.799074 0.454167 0.798148 0.455729 0.795370 0.456250 0.795370 0.457292 0.793519 0.458333 0.788889 0.458333 0.781481 0.457292 0.777778 0.456771 0.775926 0.456250 0.775000 0.454167 0.772222 0.452604 0.771296 0.449479 0.771296
1 0.544271 0.854630 0.542188 0.855556 0.541146 0.856481 0.538021 0.862037 0.537500 0.863889 0.536979 0.866667 0.536979 0.873148 0.537500 0.875000 0.538021 0.876852 0.541146 0.882407 0.542188 0.883333 0.544271 0.884259 0.547917 0.884259 0.549479 0.883333 0.550521 0.882407 0.553646 0.876852 0.554167 0.875000 0.554688 0.873148 0.554688 0.866667 0.554167 0.863889 0.553646 0.862037 0.550521 0.856481 0.549479 0.855556 0.547917 0.854630 0.544271 0.854630
0 0.744271 0.825000 0.743229 0.825926 0.741667 0.828704 0.741146 0.828704 0.740104 0.830556 0.739062 0.833333 0.738542 0.836111 0.738542 0.841667 0.739062 0.844444 0.739583 0.846296 0.742708 0.852778 0.743229 0.853704 0.744271 0.854630 0.746354 0.855556 0.750521 0.855556 0.752083 0.854630 0.753646 0.852778 0.755208 0.850000 0.756250 0.847222 0.756250 0.836111 0.754687 0.831481 0.753646 0.829630 0.752083 0.827778 0.748437 0.825000 0.744271 0.825000
1 0.590625 0.899074 0.588542 0.900000 0.587500 0.900926 0.585938 0.902778 0.584375 0.905556 0.583333 0.910185 0.583333 0.915741 0.583854 0.918519 0.584375 0.920370 0.585938 0.923148 0.587500 0.925000 0.588542 0.925926 0.590625 0.926852 0.594271 0.926852 0.595833 0.925926 0.596875 0.925000 0.597917 0.924074 0.600000 0.920370 0.600521 0.918519 0.601042 0.915741 0.601042 0.910185 0.600000 0.905556 0.597917 0.901852 0.596875 0.900926 0.595833 0.900000 0.594271 0.899074 0.590625 0.899074
1 0.687500 0.867593 0.685417 0.868519 0.683854 0.870370 0.681250 0.875000 0.680729 0.876852 0.680208 0.879630 0.680208 0.885185 0.680729 0.887963 0.681250 0.889815 0.683854 0.894444 0.685417 0.896296 0.687500 0.897222 0.691667 0.897222 0.693750 0.896296 0.695833 0.893519 0.697917 0.889815 0.698438 0.887963 0.698958 0.885185 0.698958 0.879630 0.698438 0.876852 0.697917 0.875000 0.695833 0.871296 0.693750 0.868519 0.691667 0.867593 0.687500 0.867593
1 0.595313 0.061111 0.593229 0.062037 0.591146 0.064815 0.589583 0.067593 0.589063 0.069444 0.588542 0.072222 0.588542 0.078704 0.589063 0.080556 0.589583 0.082407 0.591146 0.085185 0.593229 0.087963 0.595313 0.088889 0.598958 0.088889 0.600521 0.087963 0.602083 0.086111 0.604167 0.082407 0.604688 0.080556 0.605208 0.078704 0.605208 0.072222 0.604688 0.069444 0.604167 0.067593 0.602083 0.063889 0.600521 0.062037 0.598958 0.061111 0.595313 0.061111
1 0.169792 0.212037 0.168229 0.212963 0.167187 0.213889 0.166146 0.214815 0.164062 0.218519 0.163542 0.220370 0.163021 0.222222 0.163021 0.227778 0.163542 0.229630 0.164062 0.231481 0.166146 0.235185 0.167187 0.236111 0.168229 0.237037 0.169792 0.237963 0.173958 0.237963 0.175521 0.237037 0.177083 0.236111 0.179688 0.231481 0.180208 0.229630 0.180729 0.227778 0.180729 0.222222 0.180208 0.220370 0.179688 0.218519 0.177083 0.213889 0.175521 0.212963 0.173958 0.212037 0.169792 0.212037
