1 0.206771 0.438889 0.205208 0.439815 0.204167 0.440741 0.202604 0.443519 0.202083 0.445370 0.201563 0.448148 0.201563 0.453704 0.202604 0.458333 0.204167 0.461111 0.205208 0.462037 0.206771 0.462963 0.209896 0.462963 0.212500 0.461111 0.214062 0.458333 0.215104 0.453704 0.215104 0.448148 0.214583 0.445370 0.214062 0.443519 0.212500 0.440741 0.209896 0.438889 0.206771 0.438889
1 0.236979 0.442593 0.235417 0.443519 0.234375 0.444444 0.232813 0.447222 0.232292 0.449074 0.231771 0.451852 0.231771 0.457407 0.232813 0.462037 0.234375 0.464815 0.235417 0.465741 0.236979 0.466667 0.240104 0.466667 0.242708 0.464815 0.244271 0.462037 0.245312 0.457407 0.245312 0.451852 0.244792 0.449074 0.244271 0.447222 0.242708 0.444444 0.240104 0.442593 0.236979 0.442593
1 0.222396 0.458333 0.220833 0.459259 0.219792 0.460185 0.218229 0.462963 0.217708 0.464815 0.217188 0.467593 0.217188 0.473148 0.218229 0.477778 0.219792 0.480556 0.220833 0.481481 0.222396 0.482407 0.225521 0.482407 0.228125 0.480556 0.229687 0.477778 0.230729 0.473148 0.230729 0.467593 0.230208 0.464815 0.229687 0.462963 0.228125 0.460185 0.225521 0.458333 0.222396 0.458333
1 0.161458 0.582407 0.159896 0.583333 0.158854 0.584259 0.157292 0.587037 0.156771 0.588889 0.156250 0.591667 0.156250 0.597222 0.157292 0.601852 0.158854 0.604630 0.159896 0.605556 0.161458 0.606481 0.164583 0.606481 0.167187 0.604630 0.168750 0.601852 0.169792 0.597222 0.169792 0.591667 0.169271 0.588889 0.168750 0.587037 0.167187 0.584259 0.164583 0.582407 0.161458 0.582407
8 0.490729 0.541019 0.491969 0.479130 0.457448 0.476963 0.458057 0.455778 0.491969 0.456861 0.493188 0.397120 0.506021 0.397120 0.505411 0.459037 0.537917 0.461204 0.537812 0.483241 0.503880 0.480759 0.503594 0.539444
8 0.490729 0.541019 0.491969 0.479130 0.457448 0.476963 0.458057 0.455778 0.491969 0.456861 0.493188 0.397120 0.506021 0.397120 0.505411 0.459037 0.537917 0.461204 0.537812 0.483241 0.503880 0.480759 0.503594 0.539444
0 0.388542 0.894444 0.387500 0.895370 0.386458 0.897222 0.385417 0.899074 0.383854 0.901852 0.383333 0.903704 0.382812 0.907407 0.382812 0.916667 0.383333 0.920370 0.384896 0.923148 0.385937 0.924074 0.388542 0.925926 0.390104 0.926852 0.393229 0.926852 0.394792 0.925000 0.396354 0.924074 0.399479 0.919444 0.400521 0.916667 0.401042 0.914815 0.401042 0.905556 0.400521 0.903704 0.400000 0.901852 0.397396 0.896296 0.396875 0.895370 0.395833 0.894444 0.388542 0.894444
0 0.532292 0.549074 0.530208 0.550926 0.529167 0.551852 0.528646 0.552778 0.528646 0.553704 0.527604 0.555556 0.527083 0.557407 0.526563 0.559259 0.526563 0.568519 0.527083 0.570370 0.527604 0.572222 0.528646 0.575000 0.529687 0.575926 0.530729 0.576852 0.532292 0.577778 0.537500 0.577778 0.538542 0.576852 0.539583 0.575926 0.542188 0.571296 0.542708 0.569444 0.543229 0.567593 0.543229 0.562037 0.542708 0.557407 0.542188 0.555556 0.541146 0.553704 0.541146 0.552778 0.540625 0.551852 0.540104 0.551852 0.539062 0.550000 0.538021 0.549074 0.532292 0.549074
1 0.622396 0.063889 0.620833 0.064815 0.619792 0.065741 0.618229 0.068519 0.617708 0.070370 0.617188 0.073148 0.617188 0.078704 0.618229 0.083333 0.619792 0.086111 0.620833 0.087037 0.622396 0.087963 0.625521 0.087963 0.628125 0.086111 0.629687 0.083333 0.630729 0.078704 0.630729 0.073148 0.630208 0.070370 0.629687 0.068519 0.628125 0.065741 0.625521 0.063889 0.622396 0.063889
1 0.800521 0.875000 0.798958 0.875926 0.797917 0.876852 0.796354 0.879630 0.795833 0.881481 0.795312 0.884259 0.795312 0.889815 0.796354 0.894444 0.797917 0.897222 0.798958 0.898148 0.800521 0.899074 0.803646 0.899074 0.806250 0.897222 0.807813 0.894444 0.808854 0.889815 0.808854 0.884259 0.808333 0.881481 0.807813 0.879630 0.806250 0.876852 0.803646 0.875000 0.800521 0.875000
1 0.486458 0.871296 0.484896 0.872222 0.483854 0.873148 0.482292 0.875926 0.481771 0.877778 0.481250 0.880556 0.481250 0.886111 0.482292 0.890741 0.483854 0.893519 0.484896 0.894444 0.486458 0.895370 0.489583 0.895370 0.492188 0.893519 0.493750 0.890741 0.494792 0.886111 0.494792 0.880556 0.494271 0.877778 0.493750 0.875926 0.492188 0.873148 0.489583 0.871296 0.486458 0.871296
1 0.347396 0.862963 0.345833 0.863889 0.344792 0.864815 0.343229 0.867593 0.342708 0.869444 0.342187 0.872222 0.342187 0.877778 0.343229 0.882407 0.344792 0.885185 0.345833 0.886111 0.347396 0.887037 0.350521 0.887037 0.353125 0.885185 0.354687 0.882407 0.355729 0.877778 0.355729 0.872222 0.355208 0.869444 0.354687 0.867593 0.353125 0.864815 0.350521 0.862963 0.347396 0.862963
1 0.275000 0.368519 0.273438 0.369444 0.272396 0.370370 0.270833 0.373148 0.270313 0.375000 0.269792 0.377778 0.269792 0.383333 0.270833 0.387963 0.272396 0.390741 0.273438 0.391667 0.275000 0.392593 0.278125 0.392593 0.280729 0.390741 0.282292 0.387963 0.283333 0.383333 0.283333 0.377778 0.282813 0.375000 0.282292 0.373148 0.280729 0.370370 0.278125 0.368519 0.275000 0.368519
1 0.161979 0.645370 0.160417 0.646296 0.159375 0.647222 0.157812 0.650000 0.157292 0.651852 0.156771 0.654630 0.156771 0.660185 0.157812 0.664815 0.159375 0.667593 0.160417 0.668519 0.161979 0.669444 0.165104 0.669444 0.167708 0.667593 0.169271 0.664815 0.170313 0.660185 0.170313 0.654630 0.169792 0.651852 0.169271 0.650000 0.167708 0.647222 0.165104 0.645370 0.161979 0.645370
1 0.238542 0.673148 0.236979 0.674074 0.235937 0.675000 0.234375 0.677778 0.233854 0.679630 0.233333 0.682407 0.233333 0.687963 0.234375 0.692593 0.235937 0.695370 0.236979 0.696296 0.238542 0.697222 0.241667 0.697222 0.244271 0.695370 0.245833 0.692593 0.246875 0.687963 0.246875 0.682407 0.246354 0.679630 0.245833 0.677778 0.244271 0.675000 0.241667 0.673148 0.238542 0.673148
1 0.289583 0.603704 0.288021 0.604630 0.286979 0.605556 0.285417 0.608333 0.284896 0.610185 0.284375 0.612963 0.284375 0.618519 0.285417 0.623148 0.286979 0.625926 0.288021 0.626852 0.289583 0.627778 0.292708 0.627778 0.295312 0.625926 0.296875 0.623148 0.297917 0.618519 0.297917 0.612963 0.297396 0.610185 0.296875 0.608333 0.295312 0.605556 0.292708 0.603704 0.289583 0.603704
