1 0.317188 0.424074 0.315625 0.425000 0.314583 0.425926 0.313021 0.428704 0.312500 0.430556 0.311979 0.433333 0.311979 0.438889 0.313021 0.443519 0.314583 0.446296 0.315625 0.447222 0.317188 0.448148 0.320312 0.448148 0.322917 0.446296 0.324479 0.443519 0.325521 0.438889 0.325521 0.433333 0.325000 0.430556 0.324479 0.428704 0.322917 0.425926 0.320312 0.424074 0.317188 0.424074
8 0.490729 0.541019 0.491969 0.479130 0.457448 0.476963 0.458057 0.455778 0.491969 0.456861 0.493188 0.397120 0.506021 0.397120 0.505411 0.459037 0.537917 0.461204 0.537812 0.483241 0.503880 0.480759 0.503594 0.539444
8 0.490729 0.541019 0.491969 0.479130 0.457448 0.476963 0.458057 0.455778 0.491969 0.456861 0.493188 0.397120 0.506021 0.397120 0.505411 0.459037 0.537917 0.461204 0.537812 0.483241 0.503880 0.480759 0.503594 0.539444
1 0.429167 0.324074 0.427604 0.325000 0.426563 0.325926 0.425000 0.328704 0.424479 0.330556 0.423958 0.333333 0.423958 0.338889 0.425000 0.343519 0.426563 0.346296 0.427604 0.347222 0.429167 0.348148 0.432292 0.348148 0.434896 0.346296 0.436458 0.343519 0.437500 0.338889 0.437500 0.333333 0.436979 0.330556 0.436458 0.328704 0.434896 0.325926 0.432292 0.324074 0.429167 0.324074
1 0.391146 0.185185 0.389583 0.186111 0.388542 0.187037 0.386979 0.189815 0.386458 0.191667 0.385937 0.194444 0.385937 0.200000 0.386979 0.204630 0.388542 0.207407 0.389583 0.208333 0.391146 0.209259 0.394271 0.209259 0.396875 0.207407 0.398438 0.204630 0.399479 0.200000 0.399479 0.194444 0.398958 0.191667 0.398438 0.189815 0.396875 0.187037 0.394271 0.185185 0.391146 0.185185
1 0.301042 0.489815 0.299479 0.490741 0.298438 0.491667 0.296875 0.494444 0.296354 0.496296 0.295833 0.499074 0.295833 0.504630 0.296875 0.509259 0.298438 0.512037 0.299479 0.512963 0.301042 0.513889 0.304167 0.513889 0.306771 0.512037 0.308333 0.509259 0.309375 0.504630 0.309375 0.499074 0.308854 0.496296 0.308333 0.494444 0.306771 0.491667 0.304167 0.489815 0.301042 0.489815
1 0.247917 0.146296 0.246354 0.147222 0.245312 0.148148 0.243750 0.150926 0.243229 0.152778 0.242708 0.155556 0.242708 0.161111 0.243750 0.165741 0.245312 0.168519 0.246354 0.169444 0.247917 0.170370 0.251042 0.170370 0.253646 0.168519 0.255208 0.165741 0.256250 0.161111 0.256250 0.155556 0.255729 0.152778 0.255208 0.150926 0.253646 0.148148 0.251042 0.146296 0.247917 0.146296
1 0.214062 0.788889 0.212500 0.789815 0.211458 0.790741 0.209896 0.793519 0.209375 0.795370 0.208854 0.798148 0.208854 0.803704 0.209896 0.808333 0.211458 0.811111 0.212500 0.812037 0.214062 0.812963 0.217188 0.812963 0.219792 0.811111 0.221354 0.808333 0.222396 0.803704 0.222396 0.798148 0.221875 0.795370 0.221354 0.793519 0.219792 0.790741 0.217188 0.788889 0.214062 0.788889
1 0.815104 0.482407 0.813542 0.483333 0.812500 0.484259 0.810937 0.487037 0.810417 0.488889 0.809896 0.491667 0.809896 0.497222 0.810937 0.501852 0.812500 0.504630 0.813542 0.505556 0.815104 0.506481 0.818229 0.506481 0.820833 0.504630 0.822396 0.501852 0.823438 0.497222 0.823438 0.491667 0.822917 0.488889 0.822396 0.487037 0.820833 0.484259 0.818229 0.482407 0.815104 0.482407
1 0.417187 0.627778 0.415625 0.628704 0.414583 0.629630 0.413021 0.632407 0.412500 0.634259 0.411979 0.637037 0.411979 0.642593 0.413021 0.647222 0.414583 0.650000 0.415625 0.650926 0.417187 0.651852 0.420312 0.651852 0.422917 0.650000 0.424479 0.647222 0.425521 0.642593 0.425521 0.637037 0.425000 0.634259 0.424479 0.632407 0.422917 0.629630 0.420312 0.627778 0.417187 0.627778
1 0.472917 0.500000 0.471354 0.500926 0.470313 0.501852 0.468750 0.504630 0.468229 0.506481 0.467708 0.509259 0.467708 0.514815 0.468750 0.519444 0.470313 0.522222 0.471354 0.523148 0.472917 0.524074 0.476042 0.524074 0.478646 0.522222 0.480208 0.519444 0.481250 0.514815 0.481250 0.509259 0.480729 0.506481 0.480208 0.504630 0.478646 0.501852 0.476042 0.500000 0.472917 0.500000
1 0.744271 0.526852 0.742708 0.527778 0.741667 0.528704 0.740104 0.531481 0.739583 0.533333 0.739062 0.536111 0.739062 0.541667 0.740104 0.546296 0.741667 0.549074 0.742708 0.550000 0.744271 0.550926 0.747396 0.550926 0.750000 0.549074 0.751563 0.546296 0.752604 0.541667 0.752604 0.536111 0.752083 0.533333 0.751563 0.531481 0.750000 0.528704 0.747396 0.526852 0.744271 0.526852
1 0.751563 0.406481 0.750000 0.407407 0.748958 0.408333 0.747396 0.411111 0.746875 0.412963 0.746354 0.415741 0.746354 0.421296 0.747396 0.425926 0.748958 0.428704 0.750000 0.429630 0.751563 0.430556 0.754687 0.430556 0.757292 0.428704 0.758854 0.425926 0.759896 0.421296 0.759896 0.415741 0.759375 0.412963 0.758854 0.411111 0.757292 0.408333 0.754687 0.406481 0.751563 0.406481
0 0.165625 0.876852 0.164062 0.877778 0.162500 0.878704 0.161458 0.879630 0.158854 0.884259 0.158333 0.886111 0.157812 0.887963 0.157292 0.891667 0.156771 0.896296 0.157292 0.900926 0.158854 0.904630 0.160938 0.908333 0.162500 0.909259 0.165104 0.910185 0.166146 0.910185 0.169271 0.909259 0.170313 0.908333 0.172917 0.905556 0.173958 0.903704 0.174479 0.903704 0.175000 0.902778 0.175000 0.901852 0.177083 0.897222 0.177604 0.894444 0.177604 0.889815 0.177083 0.884259 0.175521 0.880556 0.173958 0.877778 0.171875 0.876852 0.165625 0.876852
0 0.546875 0.559259 0.544792 0.560185 0.543229 0.561111 0.541667 0.562037 0.540625 0.562963 0.540104 0.563889 0.539583 0.565741 0.539062 0.568519 0.539062 0.576852 0.539583 0.580556 0.540625 0.584259 0.542188 0.586111 0.543750 0.587963 0.546354 0.588889 0.548958 0.588889 0.551042 0.587963 0.552604 0.587037 0.555208 0.582407 0.556250 0.579630 0.556771 0.574074 0.556771 0.567593 0.555729 0.564815 0.554688 0.562963 0.553125 0.561111 0.552083 0.560185 0.550000 0.559259 0.546875 0.559259
