8 0.490729 0.541019 0.491969 0.479130 0.457448 0.476963 0.458057 0.455778 0.491969 0.456861 0.493188 0.397120 0.506021 0.397120 0.505411 0.459037 0.537917 0.461204 0.537812 0.483241 0.503880 0.480759 0.503594 0.539444
1 0.381771 0.061111 0.380208 0.062037 0.379167 0.062963 0.377604 0.065741 0.377083 0.067593 0.376563 0.070370 0.376563 0.075926 0.377604 0.080556 0.379167 0.083333 0.380208 0.084259 0.381771 0.085185 0.384896 0.085185 0.387500 0.083333 0.389062 0.080556 0.390104 0.075926 0.390104 0.070370 0.389583 0.067593 0.389062 0.065741 0.387500 0.062963 0.384896 0.061111 0.381771 0.061111
0 0.369271 0.653704 0.367708 0.654630 0.366667 0.655556 0.365104 0.658333 0.363542 0.662037 0.363021 0.665741 0.363021 0.672222 0.363542 0.675000 0.364583 0.677778 0.366667 0.681481 0.367708 0.682407 0.369271 0.683333 0.372917 0.683333 0.373958 0.682407 0.375000 0.681481 0.377083 0.677778 0.378125 0.675000 0.378646 0.672222 0.378646 0.665741 0.378125 0.662037 0.376563 0.658333 0.375000 0.655556 0.373958 0.654630 0.372917 0.653704 0.369271 0.653704
1 0.717187 0.229630 0.715625 0.230556 0.714583 0.231481 0.713021 0.234259 0.712500 0.236111 0.711979 0.238889 0.711979 0.244444 0.713021 0.249074 0.714583 0.251852 0.715625 0.252778 0.717187 0.253704 0.720313 0.253704 0.722917 0.251852 0.724479 0.249074 0.725521 0.244444 0.725521 0.238889 0.725000 0.236111 0.724479 0.234259 0.722917 0.231481 0.720313 0.229630 0.717187 0.229630
1 0.505729 0.828704 0.504167 0.829630 0.503125 0.830556 0.501563 0.833333 0.501042 0.835185 0.500521 0.837963 0.500521 0.843519 0.501563 0.848148 0.503125 0.850926 0.504167 0.851852 0.505729 0.852778 0.508854 0.852778 0.511458 0.850926 0.513021 0.848148 0.514062 0.843519 0.514062 0.837963 0.513542 0.835185 0.513021 0.833333 0.511458 0.830556 0.508854 0.828704 0.505729 0.828704
1 0.793229 0.468519 0.791667 0.469444 0.790625 0.470370 0.789062 0.473148 0.788542 0.475000 0.788021 0.477778 0.788021 0.483333 0.789062 0.487963 0.790625 0.490741 0.791667 0.491667 0.793229 0.492593 0.796354 0.492593 0.798958 0.490741 0.800521 0.487963 0.801562 0.483333 0.801562 0.477778 0.801042 0.475000 0.800521 0.473148 0.798958 0.470370 0.796354 0.468519 0.793229 0.468519
1 0.661979 0.121296 0.660417 0.122222 0.659375 0.123148 0.657813 0.125926 0.657292 0.127778 0.656771 0.130556 0.656771 0.136111 0.657813 0.140741 0.659375 0.143519 0.660417 0.144444 0.661979 0.145370 0.665104 0.145370 0.667708 0.143519 0.669271 0.140741 0.670312 0.136111 0.670312 0.130556 0.669792 0.127778 0.669271 0.125926 0.667708 0.123148 0.665104 0.121296 0.661979 0.121296
1 0.591146 0.210185 0.589583 0.211111 0.588542 0.212037 0.586979 0.214815 0.586458 0.216667 0.585938 0.219444 0.585938 0.225000 0.586979 0.229630 0.588542 0.232407 0.589583 0.233333 0.591146 0.234259 0.594271 0.234259 0.596875 0.232407 0.598437 0.229630 0.599479 0.225000 0.599479 0.219444 0.598958 0.216667 0.598437 0.214815 0.596875 0.212037 0.594271 0.210185 0.591146 0.210185
1 0.713542 0.087037 0.711979 0.087963 0.710938 0.088889 0.709375 0.091667 0.708854 0.093519 0.708333 0.096296 0.708333 0.101852 0.709375 0.106481 0.710938 0.109259 0.711979 0.110185 0.713542 0.111111 0.716667 0.111111 0.719271 0.109259 0.720833 0.106481 0.721875 0.101852 0.721875 0.096296 0.721354 0.093519 0.720833 0.091667 0.719271 0.088889 0.716667 0.087037 0.713542 0.087037
1 0.728125 0.098148 0.726562 0.099074 0.725521 0.100000 0.723958 0.102778 0.723437 0.104630 0.722917 0.107407 0.722917 0.112963 0.723958 0.117593 0.725521 0.120370 0.726562 0.121296 0.728125 0.122222 0.731250 0.122222 0.733854 0.120370 0.735417 0.117593 0.736458 0.112963 0.736458 0.107407 0.735938 0.104630 0.735417 0.102778 0.733854 0.100000 0.731250 0.098148 0.728125 0.098148
8 0.490729 0.541019 0.491969 0.479130 0.457448 0.476963 0.458057 0.455778 0.491969 0.456861 0.493188 0.397120 0.506021 0.397120 0.505411 0.459037 0.537917 0.461204 0.537812 0.483241 0.503880 0.480759 0.503594 0.539444
