1 0.248438 0.697222 0.246875 0.698148 0.245833 0.699074 0.244271 0.701852 0.243750 0.703704 0.243229 0.706481 0.243229 0.712037 0.244271 0.716667 0.245833 0.719444 0.246875 0.720370 0.248438 0.721296 0.251563 0.721296 0.254167 0.719444 0.255729 0.716667 0.256771 0.712037 0.256771 0.706481 0.256250 0.703704 0.255729 0.701852 0.254167 0.699074 0.251563 0.697222 0.248438 0.697222
1 0.298958 0.733333 0.297396 0.734259 0.296354 0.735185 0.294792 0.737963 0.294271 0.739815 0.293750 0.742593 0.293750 0.748148 0.294792 0.752778 0.296354 0.755556 0.297396 0.756481 0.298958 0.757407 0.302083 0.757407 0.304688 0.755556 0.306250 0.752778 0.307292 0.748148 0.307292 0.742593 0.306771 0.739815 0.306250 0.737963 0.304688 0.735185 0.302083 0.733333 0.298958 0.733333
1 0.220833 0.744444 0.219271 0.745370 0.218229 0.746296 0.216667 0.749074 0.216146 0.750926 0.215625 0.753704 0.215625 0.759259 0.216667 0.763889 0.218229 0.766667 0.219271 0.767593 0.220833 0.768519 0.223958 0.768519 0.226562 0.766667 0.228125 0.763889 0.229167 0.759259 0.229167 0.753704 0.228646 0.750926 0.228125 0.749074 0.226562 0.746296 0.223958 0.744444 0.220833 0.744444
1 0.284896 0.166667 0.283333 0.167593 0.282292 0.168519 0.280729 0.171296 0.280208 0.173148 0.279687 0.175926 0.279687 0.181481 0.280729 0.186111 0.282292 0.188889 0.283333 0.189815 0.284896 0.190741 0.288021 0.190741 0.290625 0.188889 0.292187 0.186111 0.293229 0.181481 0.293229 0.175926 0.292708 0.173148 0.292187 0.171296 0.290625 0.168519 0.288021 0.166667 0.284896 0.166667
1 0.816667 0.548148 0.815104 0.549074 0.814063 0.550000 0.812500 0.552778 0.811979 0.554630 0.811458 0.557407 0.811458 0.562963 0.812500 0.567593 0.814063 0.570370 0.815104 0.571296 0.816667 0.572222 0.819792 0.572222 0.822396 0.570370 0.823958 0.567593 0.825000 0.562963 0.825000 0.557407 0.824479 0.554630 0.823958 0.552778 0.822396 0.550000 0.819792 0.548148 0.816667 0.548148
0 0.206250 0.683333 0.204167 0.684259 0.201563 0.687037 0.200000 0.689815 0.198958 0.694444 0.198958 0.700000 0.200000 0.704630 0.201563 0.707407 0.204167 0.710185 0.206250 0.711111 0.210417 0.711111 0.212500 0.710185 0.215104 0.707407 0.216667 0.704630 0.217708 0.700000 0.217708 0.694444 0.216667 0.689815 0.215104 0.687037 0.212500 0.684259 0.210417 0.683333 0.206250 0.683333
0 0.489583 0.650000 0.487500 0.651852 0.486458 0.652778 0.485938 0.653704 0.484375 0.657407 0.483854 0.660185 0.483854 0.665741 0.484375 0.668519 0.485938 0.672222 0.486458 0.673148 0.487500 0.674074 0.489583 0.675926 0.493750 0.675926 0.496354 0.674074 0.497396 0.672222 0.497396 0.671296 0.498958 0.668519 0.499479 0.665741 0.499479 0.660185 0.498958 0.657407 0.497396 0.654630 0.497396 0.653704 0.496354 0.651852 0.493750 0.650000 0.489583 0.650000
1 0.772917 0.560185 0.771354 0.561111 0.770312 0.562037 0.768750 0.564815 0.768229 0.566667 0.767708 0.569444 0.767708 0.575000 0.768750 0.579630 0.770312 0.582407 0.771354 0.583333 0.772917 0.584259 0.776042 0.584259 0.778646 0.582407 0.780208 0.579630 0.781250 0.575000 0.781250 0.569444 0.780729 0.566667 0.780208 0.564815 0.778646 0.562037 0.776042 0.560185 0.772917 0.560185
1 0.611979 0.815741 0.610417 0.816667 0.609375 0.817593 0.607812 0.820370 0.607292 0.822222 0.606771 0.825000 0.606771 0.830556 0.607812 0.835185 0.609375 0.837963 0.610417 0.838889 0.611979 0.839815 0.615104 0.839815 0.617708 0.837963 0.619271 0.835185 0.620313 0.830556 0.620313 0.825000 0.619792 0.822222 0.619271 0.820370 0.617708 0.817593 0.615104 0.815741 0.611979 0.815741
1 0.466667 0.503704 0.465104 0.504630 0.464062 0.505556 0.462500 0.508333 0.461979 0.510185 0.461458 0.512963 0.461458 0.518519 0.462500 0.523148 0.464062 0.525926 0.465104 0.526852 0.466667 0.527778 0.469792 0.527778 0.472396 0.525926 0.473958 0.523148 0.475000 0.518519 0.475000 0.512963 0.474479 0.510185 0.473958 0.508333 0.472396 0.505556 0.469792 0.503704 0.466667 0.503704
1 0.173437 0.384259 0.171875 0.385185 0.170833 0.386111 0.169271 0.388889 0.168750 0.390741 0.168229 0.393519 0.168229 0.399074 0.169271 0.403704 0.170833 0.406481 0.171875 0.407407 0.173437 0.408333 0.176563 0.408333 0.179167 0.406481 0.180729 0.403704 0.181771 0.399074 0.181771 0.393519 0.181250 0.390741 0.180729 0.388889 0.179167 0.386111 0.176563 0.384259 0.173437 0.384259
1 0.307812 0.902778 0.306250 0.903704 0.305208 0.904630 0.303646 0.907407 0.303125 0.909259 0.302604 0.912037 0.302604 0.917593 0.303646 0.922222 0.305208 0.925000 0.306250 0.925926 0.307812 0.926852 0.310937 0.926852 0.313542 0.925000 0.315104 0.922222 0.316146 0.917593 0.316146 0.912037 0.315625 0.909259 0.315104 0.907407 0.313542 0.904630 0.310937 0.902778 0.307812 0.902778
8 0.490729 0.541019 0.491969 0.479130 0.457448 0.476963 0.458057 0.455778 0.491969 0.456861 0.493188 0.397120 0.506021 0.397120 0.505411 0.459037 0.537917 0.461204 0.537812 0.483241 0.503880 0.480759 0.503594 0.539444
8 0.490729 0.541019 0.491969 0.479130 0.457448 0.476963 0.458057 0.455778 0.491969 0.456861 0.493188 0.397120 0.506021 0.397120 0.505411 0.459037 0.537917 0.461204 0.537812 0.483241 0.503880 0.480759 0.503594 0.539444
1 0.238021 0.671296 0.236458 0.672222 0.235417 0.673148 0.233854 0.675926 0.233333 0.677778 0.232813 0.680556 0.232813 0.686111 0.233854 0.690741 0.235417 0.693519 0.236458 0.694444 0.238021 0.695370 0.241146 0.695370 0.243750 0.693519 0.245312 0.690741 0.246354 0.686111 0.246354 0.680556 0.245833 0.677778 0.245312 0.675926 0.243750 0.673148 0.241146 0.671296 0.238021 0.671296
