8 0.490729 0.541019 0.491969 0.479130 0.457448 0.476963 0.458057 0.455778 0.491969 0.456861 0.493188 0.397120 0.506021 0.397120 0.505411 0.459037 0.537917 0.461204 0.537812 0.483241 0.503880 0.480759 0.503594 0.539444
1 0.161979 0.597222 0.160417 0.598148 0.159375 0.599074 0.157812 0.601852 0.157292 0.603704 0.156771 0.606481 0.156771 0.612037 0.157812 0.616667 0.159375 0.619444 0.160417 0.620370 0.161979 0.621296 0.165104 0.621296 0.167708 0.619444 0.169271 0.616667 0.170313 0.612037 0.170313 0.606481 0.169792 0.603704 0.169271 0.601852 0.167708 0.599074 0.165104 0.597222 0.161979 0.597222
1 0.174479 0.540741 0.172917 0.541667 0.171875 0.542593 0.170313 0.545370 0.169792 0.547222 0.169271 0.550000 0.169271 0.555556 0.170313 0.560185 0.171875 0.562963 0.172917 0.563889 0.174479 0.564815 0.177604 0.564815 0.180208 0.562963 0.181771 0.560185 0.182812 0.555556 0.182812 0.550000 0.182292 0.547222 0.181771 0.545370 0.180208 0.542593 0.177604 0.540741 0.174479 0.540741
1 0.316667 0.493519 0.315104 0.494444 0.314063 0.495370 0.312500 0.498148 0.311979 0.500000 0.311458 0.502778 0.311458 0.508333 0.312500 0.512963 0.314063 0.515741 0.315104 0.516667 0.316667 0.517593 0.319792 0.517593 0.322396 0.515741 0.323958 0.512963 0.325000 0.508333 0.325000 0.502778 0.324479 0.500000 0.323958 0.498148 0.322396 0.495370 0.319792 0.493519 0.316667 0.493519
1 0.480729 0.498148 0.479167 0.499074 0.478125 0.500000 0.476562 0.502778 0.476042 0.504630 0.475521 0.507407 0.475521 0.512963 0.476562 0.517593 0.478125 0.520370 0.479167 0.521296 0.480729 0.522222 0.483854 0.522222 0.486458 0.520370 0.488021 0.517593 0.489063 0.512963 0.489063 0.507407 0.488542 0.504630 0.488021 0.502778 0.486458 0.500000 0.483854 0.498148 0.480729 0.498148
1 0.369792 0.617593 0.368229 0.618519 0.367188 0.619444 0.365625 0.622222 0.365104 0.624074 0.364583 0.626852 0.364583 0.632407 0.365625 0.637037 0.367188 0.639815 0.368229 0.640741 0.369792 0.641667 0.372917 0.641667 0.375521 0.639815 0.377083 0.637037 0.378125 0.632407 0.378125 0.626852 0.377604 0.624074 0.377083 0.622222 0.375521 0.619444 0.372917 0.617593 0.369792 0.617593
1 0.407292 0.886111 0.405729 0.887037 0.404687 0.887963 0.403125 0.890741 0.402604 0.892593 0.402083 0.895370 0.402083 0.900926 0.403125 0.905556 0.404687 0.908333 0.405729 0.909259 0.407292 0.910185 0.410417 0.910185 0.413021 0.908333 0.414583 0.905556 0.415625 0.900926 0.415625 0.895370 0.415104 0.892593 0.414583 0.890741 0.413021 0.887963 0.410417 0.886111 0.407292 0.886111
1 0.561979 0.717593 0.560417 0.718519 0.559375 0.719444 0.557813 0.722222 0.557292 0.724074 0.556771 0.726852 0.556771 0.732407 0.557813 0.737037 0.559375 0.739815 0.560417 0.740741 0.561979 0.741667 0.565104 0.741667 0.567708 0.739815 0.569271 0.737037 0.570312 0.732407 0.570312 0.726852 0.569792 0.724074 0.569271 0.722222 0.567708 0.719444 0.565104 0.717593 0.561979 0.717593
1 0.623958 0.797222 0.622396 0.798148 0.621354 0.799074 0.619792 0.801852 0.619271 0.803704 0.618750 0.806481 0.618750 0.812037 0.619792 0.816667 0.621354 0.819444 0.622396 0.820370 0.623958 0.821296 0.627083 0.821296 0.629687 0.819444 0.631250 0.816667 0.632292 0.812037 0.632292 0.806481 0.631771 0.803704 0.631250 0.801852 0.629687 0.799074 0.627083 0.797222 0.623958 0.797222
1 0.705729 0.821296 0.704167 0.822222 0.703125 0.823148 0.701562 0.825926 0.701042 0.827778 0.700521 0.830556 0.700521 0.836111 0.701562 0.840741 0.703125 0.843519 0.704167 0.844444 0.705729 0.845370 0.708854 0.845370 0.711458 0.843519 0.713021 0.840741 0.714063 0.836111 0.714063 0.830556 0.713542 0.827778 0.713021 0.825926 0.711458 0.823148 0.708854 0.821296 0.705729 0.821296
0 0.532292 0.549074 0.531250 0.550000 0.530208 0.550926 0.527604 0.555556 0.527083 0.557407 0.526563 0.560185 0.526563 0.565741 0.527083 0.568519 0.527604 0.570370 0.528125 0.572222 0.530208 0.575926 0.531250 0.576852 0.532292 0.577778 0.537500 0.577778 0.538542 0.576852 0.539583 0.575926 0.542188 0.571296 0.542708 0.569444 0.543229 0.565741 0.543229 0.559259 0.542708 0.556481 0.539583 0.550926 0.538542 0.550000 0.537500 0.549074 0.532292 0.549074
0 0.797917 0.492593 0.795312 0.493519 0.794271 0.494444 0.792188 0.498148 0.791146 0.500926 0.791146 0.512037 0.793750 0.517593 0.795312 0.519444 0.796354 0.520370 0.797396 0.521296 0.803646 0.521296 0.806771 0.518519 0.807813 0.516667 0.809896 0.509259 0.809896 0.504630 0.809375 0.500926 0.808854 0.498148 0.806771 0.494444 0.805729 0.493519 0.803646 0.492593 0.797917 0.492593
8 0.490729 0.541019 0.491969 0.479130 0.457448 0.476963 0.458057 0.455778 0.491969 0.456861 0.493188 0.397120 0.506021 0.397120 0.505411 0.459037 0.537917 0.461204 0.537812 0.483241 0.503880 0.480759 0.503594 0.539444
1 0.813542 0.895370 0.811979 0.896296 0.810937 0.897222 0.809375 0.900000 0.808854 0.901852 0.808333 0.904630 0.808333 0.910185 0.809375 0.914815 0.810937 0.917593 0.811979 0.918519 0.813542 0.919444 0.816667 0.919444 0.819271 0.917593 0.820833 0.914815 0.821875 0.910185 0.821875 0.904630 0.821354 0.901852 0.820833 0.900000 0.819271 0.897222 0.816667 0.895370 0.813542 0.895370
1 0.723958 0.564815 0.722396 0.565741 0.721354 0.566667 0.719792 0.569444 0.719271 0.571296 0.718750 0.574074 0.718750 0.579630 0.719792 0.584259 0.721354 0.587037 0.722396 0.587963 0.723958 0.588889 0.727083 0.588889 0.729688 0.587037 0.731250 0.584259 0.732292 0.579630 0.732292 0.574074 0.731771 0.571296 0.731250 0.569444 0.729688 0.566667 0.727083 0.564815 0.723958 0.564815
1 0.622396 0.063889 0.620833 0.064815 0.619792 0.065741 0.618229 0.068519 0.617708 0.070370 0.617188 0.073148 0.617188 0.078704 0.618229 0.083333 0.619792 0.086111 0.620833 0.087037 0.622396 0.087963 0.625521 0.087963 0.628125 0.086111 0.629687 0.083333 0.630729 0.078704 0.630729 0.073148 0.630208 0.070370 0.629687 0.068519 0.628125 0.065741 0.625521 0.063889 0.622396 0.063889
