1 0.244271 0.326852 0.242708 0.327778 0.241667 0.328704 0.240104 0.331481 0.239583 0.333333 0.239063 0.336111 0.239063 0.341667 0.240104 0.346296 0.241667 0.349074 0.242708 0.350000 0.244271 0.350926 0.247396 0.350926 0.250000 0.349074 0.251563 0.346296 0.252604 0.341667 0.252604 0.336111 0.252083 0.333333 0.251563 0.331481 0.250000 0.328704 0.247396 0.326852 0.244271 0.326852
1 0.187500 0.776852 0.185938 0.777778 0.184896 0.778704 0.183333 0.781481 0.182812 0.783333 0.182292 0.786111 0.182292 0.791667 0.183333 0.796296 0.184896 0.799074 0.185938 0.800000 0.187500 0.800926 0.190625 0.800926 0.193229 0.799074 0.194792 0.796296 0.195833 0.791667 0.195833 0.786111 0.195312 0.783333 0.194792 0.781481 0.193229 0.778704 0.190625 0.776852 0.187500 0.776852
1 0.293750 0.777778 0.292187 0.778704 0.291146 0.779630 0.289583 0.782407 0.289062 0.784259 0.288542 0.787037 0.288542 0.792593 0.289583 0.797222 0.291146 0.800000 0.292187 0.800926 0.293750 0.801852 0.296875 0.801852 0.299479 0.800000 0.301042 0.797222 0.302083 0.792593 0.302083 0.787037 0.301563 0.784259 0.301042 0.782407 0.299479 0.779630 0.296875 0.777778 0.293750 0.777778
1 0.297917 0.735185 0.296354 0.736111 0.295312 0.737037 0.293750 0.739815 0.293229 0.741667 0.292708 0.744444 0.292708 0.750000 0.293750 0.754630 0.295312 0.757407 0.296354 0.758333 0.297917 0.759259 0.301042 0.759259 0.303646 0.757407 0.305208 0.754630 0.306250 0.750000 0.306250 0.744444 0.305729 0.741667 0.305208 0.739815 0.303646 0.737037 0.301042 0.735185 0.297917 0.735185
1 0.261458 0.622222 0.259896 0.623148 0.258854 0.624074 0.257292 0.626852 0.256771 0.628704 0.256250 0.631481 0.256250 0.637037 0.257292 0.641667 0.258854 0.644444 0.259896 0.645370 0.261458 0.646296 0.264583 0.646296 0.267188 0.644444 0.268750 0.641667 0.269792 0.637037 0.269792 0.631481 0.269271 0.628704 0.268750 0.626852 0.267188 0.624074 0.264583 0.622222 0.261458 0.622222
1 0.465625 0.503704 0.464062 0.504630 0.463021 0.505556 0.461458 0.508333 0.460938 0.510185 0.460417 0.512963 0.460417 0.518519 0.461458 0.523148 0.463021 0.525926 0.464062 0.526852 0.465625 0.527778 0.468750 0.527778 0.471354 0.525926 0.472917 0.523148 0.473958 0.518519 0.473958 0.512963 0.473438 0.510185 0.472917 0.508333 0.471354 0.505556 0.468750 0.503704 0.465625 0.503704
8 0.490729 0.541019 0.491969 0.479130 0.457448 0.476963 0.458057 0.455778 0.491969 0.456861 0.493188 0.397120 0.506021 0.397120 0.505411 0.459037 0.537917 0.461204 0.537812 0.483241 0.503880 0.480759 0.503594 0.539444
8 0.490729 0.541019 0.491969 0.479130 0.457448 0.476963 0.458057 0.455778 0.491969 0.456861 0.493188 0.397120 0.506021 0.397120 0.505411 0.459037 0.537917 0.461204 0.537812 0.483241 0.503880 0.480759 0.503594 0.539444
1 0.792188 0.594444 0.790625 0.595370 0.789583 0.596296 0.788021 0.599074 0.787500 0.600926 0.786979 0.603704 0.786979 0.609259 0.788021 0.613889 0.789583 0.616667 0.790625 0.617593 0.792188 0.618519 0.795312 0.618519 0.797917 0.616667 0.799479 0.613889 0.800521 0.609259 0.800521 0.603704 0.800000 0.600926 0.799479 0.599074 0.797917 0.596296 0.795312 0.594444 0.792188 0.594444
0 0.234375 0.622222 0.231771 0.624074 0.229687 0.627778 0.229167 0.629630 0.228646 0.632407 0.228646 0.636111 0.229167 0.638889 0.229687 0.640741 0.231771 0.644444 0.234375 0.646296 0.237500 0.646296 0.240104 0.644444 0.242188 0.640741 0.242708 0.638889 0.243229 0.636111 0.243229 0.632407 0.242708 0.629630 0.242188 0.627778 0.240104 0.624074 0.237500 0.622222 0.234375 0.622222
0 0.475521 0.633333 0.473958 0.634259 0.472917 0.635185 0.471354 0.637963 0.469792 0.641667 0.469271 0.645370 0.469271 0.651852 0.469792 0.654630 0.470833 0.657407 0.472917 0.661111 0.473958 0.662037 0.475521 0.662963 0.479167 0.662963 0.480208 0.662037 0.481250 0.661111 0.483333 0.657407 0.484375 0.654630 0.484896 0.651852 0.484896 0.645370 0.484375 0.641667 0.482812 0.637963 0.481250 0.635185 0.480208 0.634259 0.479167 0.633333 0.475521 0.633333
1 0.817187 0.549074 0.815625 0.550000 0.814583 0.550926 0.813021 0.553704 0.812500 0.555556 0.811979 0.558333 0.811979 0.563889 0.813021 0.568519 0.814583 0.571296 0.815625 0.572222 0.817187 0.573148 0.820312 0.573148 0.822917 0.571296 0.824479 0.568519 0.825521 0.563889 0.825521 0.558333 0.825000 0.555556 0.824479 0.553704 0.822917 0.550926 0.820312 0.549074 0.817187 0.549074
1 0.598437 0.799074 0.596875 0.800000 0.595833 0.800926 0.594271 0.803704 0.593750 0.805556 0.593229 0.808333 0.593229 0.813889 0.594271 0.818519 0.595833 0.821296 0.596875 0.822222 0.598437 0.823148 0.601562 0.823148 0.604167 0.821296 0.605729 0.818519 0.606771 0.813889 0.606771 0.808333 0.606250 0.805556 0.605729 0.803704 0.604167 0.800926 0.601562 0.799074 0.598437 0.799074
1 0.270833 0.150926 0.269271 0.151852 0.268229 0.152778 0.266667 0.155556 0.266146 0.157407 0.265625 0.160185 0.265625 0.165741 0.266667 0.170370 0.268229 0.173148 0.269271 0.174074 0.270833 0.175000 0.273958 0.175000 0.276562 0.173148 0.278125 0.170370 0.279167 0.165741 0.279167 0.160185 0.278646 0.157407 0.278125 0.155556 0.276562 0.152778 0.273958 0.150926 0.270833 0.150926
1 0.308854 0.901852 0.307292 0.902778 0.306250 0.903704 0.304688 0.906481 0.304167 0.908333 0.303646 0.911111 0.303646 0.916667 0.304688 0.921296 0.306250 0.924074 0.307292 0.925000 0.308854 0.925926 0.311979 0.925926 0.314583 0.924074 0.316146 0.921296 0.317188 0.916667 0.317188 0.911111 0.316667 0.908333 0.316146 0.906481 0.314583 0.903704 0.311979 0.901852 0.308854 0.901852
