1 0.516667 0.199074 0.515104 0.200000 0.514062 0.200926 0.512500 0.203704 0.511979 0.205556 0.511458 0.208333 0.511458 0.213889 0.512500 0.218519 0.514062 0.221296 0.515104 0.222222 0.516667 0.223148 0.519792 0.223148 0.522396 0.221296 0.523958 0.218519 0.525000 0.213889 0.525000 0.208333 0.524479 0.205556 0.523958 0.203704 0.522396 0.200926 0.519792 0.199074 0.516667 0.199074
1 0.506250 0.350000 0.504687 0.350926 0.503646 0.351852 0.502083 0.354630 0.501563 0.356481 0.501042 0.359259 0.501042 0.364815 0.502083 0.369444 0.503646 0.372222 0.504687 0.373148 0.506250 0.374074 0.509375 0.374074 0.511979 0.372222 0.513542 0.369444 0.514583 0.364815 0.514583 0.359259 0.514062 0.356481 0.513542 0.354630 0.511979 0.351852 0.509375 0.350000 0.506250 0.350000
1 0.469271 0.405556 0.467708 0.406481 0.466667 0.407407 0.465104 0.410185 0.464583 0.412037 0.464062 0.414815 0.464062 0.420370 0.465104 0.425000 0.466667 0.427778 0.467708 0.428704 0.469271 0.429630 0.472396 0.429630 0.475000 0.427778 0.476562 0.425000 0.477604 0.420370 0.477604 0.414815 0.477083 0.412037 0.476562 0.410185 0.475000 0.407407 0.472396 0.405556 0.469271 0.405556
1 0.247917 0.715741 0.246354 0.716667 0.245312 0.717593 0.243750 0.720370 0.243229 0.722222 0.242708 0.725000 0.242708 0.730556 0.243750 0.735185 0.245312 0.737963 0.246354 0.738889 0.247917 0.739815 0.251042 0.739815 0.253646 0.737963 0.255208 0.735185 0.256250 0.730556 0.256250 0.725000 0.255729 0.722222 0.255208 0.720370 0.253646 0.717593 0.251042 0.715741 0.247917 0.715741
8 0.490729 0.541019 0.491969 0.479130 0.457448 0.476963 0.458057 0.455778 0.491969 0.456861 0.493188 0.397120 0.506021 0.397120 0.505411 0.459037 0.537917 0.461204 0.537812 0.483241 0.503880 0.480759 0.503594 0.539444
1 0.454688 0.701852 0.453125 0.702778 0.452083 0.703704 0.450521 0.706481 0.450000 0.708333 0.449479 0.711111 0.449479 0.716667 0.450521 0.721296 0.452083 0.724074 0.453125 0.725000 0.454688 0.725926 0.457813 0.725926 0.460417 0.724074 0.461979 0.721296 0.463021 0.716667 0.463021 0.711111 0.462500 0.708333 0.461979 0.706481 0.460417 0.703704 0.457813 0.701852 0.454688 0.701852
1 0.387500 0.544444 0.385937 0.545370 0.384896 0.546296 0.383333 0.549074 0.382812 0.550926 0.382292 0.553704 0.382292 0.559259 0.383333 0.563889 0.384896 0.566667 0.385937 0.567593 0.387500 0.568519 0.390625 0.568519 0.393229 0.566667 0.394792 0.563889 0.395833 0.559259 0.395833 0.553704 0.395313 0.550926 0.394792 0.549074 0.393229 0.546296 0.390625 0.544444 0.387500 0.544444
0 0.545833 0.558333 0.544271 0.559259 0.541667 0.562037 0.540104 0.564815 0.539583 0.569444 0.539583 0.578704 0.540104 0.580556 0.540625 0.582407 0.542188 0.585185 0.545312 0.587963 0.550521 0.587963 0.552083 0.587037 0.555208 0.581481 0.555729 0.579630 0.556250 0.577778 0.556771 0.571296 0.555729 0.568519 0.555729 0.566667 0.555208 0.564815 0.552083 0.559259 0.550000 0.558333 0.545833 0.558333
0 0.786458 0.433333 0.783333 0.436111 0.781771 0.439815 0.781250 0.441667 0.780729 0.445370 0.780729 0.450926 0.781771 0.454630 0.782292 0.457407 0.783333 0.459259 0.787500 0.462963 0.790625 0.462963 0.792188 0.462037 0.793229 0.460185 0.794271 0.460185 0.796875 0.455556 0.797917 0.452778 0.798438 0.450000 0.798438 0.442593 0.797917 0.440741 0.794271 0.434259 0.792708 0.433333 0.786458 0.433333
8 0.490729 0.541019 0.491969 0.479130 0.457448 0.476963 0.458057 0.455778 0.491969 0.456861 0.493188 0.397120 0.506021 0.397120 0.505411 0.459037 0.537917 0.461204 0.537812 0.483241 0.503880 0.480759 0.503594 0.539444
1 0.467708 0.493519 0.466146 0.494444 0.465104 0.495370 0.463542 0.498148 0.463021 0.500000 0.462500 0.502778 0.462500 0.508333 0.463542 0.512963 0.465104 0.515741 0.466146 0.516667 0.467708 0.517593 0.470833 0.517593 0.473438 0.515741 0.475000 0.512963 0.476042 0.508333 0.476042 0.502778 0.475521 0.500000 0.475000 0.498148 0.473438 0.495370 0.470833 0.493519 0.467708 0.493519
1 0.817708 0.625926 0.816146 0.626852 0.815104 0.627778 0.813542 0.630556 0.813021 0.632407 0.812500 0.635185 0.812500 0.640741 0.813542 0.645370 0.815104 0.648148 0.816146 0.649074 0.817708 0.650000 0.820833 0.650000 0.823438 0.648148 0.825000 0.645370 0.826042 0.640741 0.826042 0.635185 0.825521 0.632407 0.825000 0.630556 0.823438 0.627778 0.820833 0.625926 0.817708 0.625926
1 0.230729 0.059259 0.229167 0.060185 0.228125 0.061111 0.226562 0.063889 0.226042 0.065741 0.225521 0.068519 0.225521 0.074074 0.226562 0.078704 0.228125 0.081481 0.229167 0.082407 0.230729 0.083333 0.233854 0.083333 0.236458 0.081481 0.238021 0.078704 0.239063 0.074074 0.239063 0.068519 0.238542 0.065741 0.238021 0.063889 0.236458 0.061111 0.233854 0.059259 0.230729 0.059259
1 0.512500 0.060185 0.510938 0.061111 0.509896 0.062037 0.508333 0.064815 0.507812 0.066667 0.507292 0.069444 0.507292 0.075000 0.508333 0.079630 0.509896 0.082407 0.510938 0.083333 0.512500 0.084259 0.515625 0.084259 0.518229 0.082407 0.519792 0.079630 0.520833 0.075000 0.520833 0.069444 0.520312 0.066667 0.519792 0.064815 0.518229 0.062037 0.515625 0.060185 0.512500 0.060185
1 0.667188 0.090741 0.665625 0.091667 0.664583 0.092593 0.663021 0.095370 0.662500 0.097222 0.661979 0.100000 0.661979 0.105556 0.663021 0.110185 0.664583 0.112963 0.665625 0.113889 0.667188 0.114815 0.670312 0.114815 0.672917 0.112963 0.674479 0.110185 0.675521 0.105556 0.675521 0.100000 0.675000 0.097222 0.674479 0.095370 0.672917 0.092593 0.670312 0.090741 0.667188 0.090741
1 0.642188 0.138889 0.640625 0.139815 0.639583 0.140741 0.638021 0.143519 0.637500 0.145370 0.636979 0.148148 0.636979 0.153704 0.638021 0.158333 0.639583 0.161111 0.640625 0.162037 0.642188 0.162963 0.645312 0.162963 0.647917 0.161111 0.649479 0.158333 0.650521 0.153704 0.650521 0.148148 0.650000 0.145370 0.649479 0.143519 0.647917 0.140741 0.645312 0.138889 0.642188 0.138889
