1 0.284375 0.189815 0.282813 0.190741 0.281771 0.191667 0.280208 0.194444 0.279687 0.196296 0.279167 0.199074 0.279167 0.204630 0.280208 0.209259 0.281771 0.212037 0.282813 0.212963 0.284375 0.213889 0.287500 0.213889 0.290104 0.212037 0.291667 0.209259 0.292708 0.204630 0.292708 0.199074 0.292187 0.196296 0.291667 0.194444 0.290104 0.191667 0.287500 0.189815 0.284375 0.189815
8 0.490729 0.541019 0.491969 0.479130 0.457448 0.476963 0.458057 0.455778 0.491969 0.456861 0.493188 0.397120 0.506021 0.397120 0.505411 0.459037 0.537917 0.461204 0.537812 0.483241 0.503880 0.480759 0.503594 0.539444
8 0.490729 0.541019 0.491969 0.479130 0.457448 0.476963 0.458057 0.455778 0.491969 0.456861 0.493188 0.397120 0.506021 0.397120 0.505411 0.459037 0.537917 0.461204 0.537812 0.483241 0.503880 0.480759 0.503594 0.539444
0 0.495833 0.649074 0.494271 0.650000 0.491146 0.655556 0.490625 0.657407 0.490104 0.660185 0.490104 0.667593 0.490625 0.670370 0.491146 0.672222 0.494271 0.677778 0.495833 0.678704 0.497917 0.678704 0.499479 0.677778 0.500521 0.676852 0.502604 0.672222 0.503125 0.670370 0.503646 0.667593 0.503646 0.660185 0.503125 0.657407 0.502604 0.655556 0.500521 0.650926 0.499479 0.650000 0.497917 0.649074 0.495833 0.649074
0 0.227604 0.659259 0.225521 0.660185 0.222917 0.662963 0.221354 0.665741 0.220312 0.670370 0.220312 0.675926 0.221354 0.680556 0.222917 0.683333 0.225521 0.686111 0.227604 0.687037 0.231771 0.687037 0.233854 0.686111 0.236458 0.683333 0.238021 0.680556 0.239063 0.675926 0.239063 0.670370 0.238021 0.665741 0.236458 0.662963 0.233854 0.660185 0.231771 0.659259 0.227604 0.659259
1 0.181771 0.383333 0.180208 0.384259 0.179167 0.385185 0.177604 0.387963 0.177083 0.389815 0.176563 0.392593 0.176563 0.398148 0.177604 0.402778 0.179167 0.405556 0.180208 0.406481 0.181771 0.407407 0.184896 0.407407 0.187500 0.405556 0.189062 0.402778 0.190104 0.398148 0.190104 0.392593 0.189583 0.389815 0.189062 0.387963 0.187500 0.385185 0.184896 0.383333 0.181771 0.383333
1 0.163542 0.636111 0.161979 0.637037 0.160938 0.637963 0.159375 0.640741 0.158854 0.642593 0.158333 0.645370 0.158333 0.650926 0.159375 0.655556 0.160938 0.658333 0.161979 0.659259 0.163542 0.660185 0.166667 0.660185 0.169271 0.658333 0.170833 0.655556 0.171875 0.650926 0.171875 0.645370 0.171354 0.642593 0.170833 0.640741 0.169271 0.637963 0.166667 0.636111 0.163542 0.636111
1 0.248958 0.658333 0.247396 0.659259 0.246354 0.660185 0.244792 0.662963 0.244271 0.664815 0.243750 0.667593 0.243750 0.673148 0.244792 0.677778 0.246354 0.680556 0.247396 0.681481 0.248958 0.682407 0.252083 0.682407 0.254688 0.680556 0.256250 0.677778 0.257292 0.673148 0.257292 0.667593 0.256771 0.664815 0.256250 0.662963 0.254688 0.660185 0.252083 0.658333 0.248958 0.658333
1 0.309375 0.902778 0.307812 0.903704 0.306771 0.904630 0.305208 0.907407 0.304688 0.909259 0.304167 0.912037 0.304167 0.917593 0.305208 0.922222 0.306771 0.925000 0.307812 0.925926 0.309375 0.926852 0.312500 0.926852 0.315104 0.925000 0.316667 0.922222 0.317708 0.917593 0.317708 0.912037 0.317188 0.909259 0.316667 0.907407 0.315104 0.904630 0.312500 0.902778 0.309375 0.902778
1 0.298958 0.732407 0.297396 0.733333 0.296354 0.734259 0.294792 0.737037 0.294271 0.738889 0.293750 0.741667 0.293750 0.747222 0.294792 0.751852 0.296354 0.754630 0.297396 0.755556 0.298958 0.756481 0.302083 0.756481 0.304688 0.754630 0.306250 0.751852 0.307292 0.747222 0.307292 0.741667 0.306771 0.738889 0.306250 0.737037 0.304688 0.734259 0.302083 0.732407 0.298958 0.732407
1 0.340625 0.663889 0.339062 0.664815 0.338021 0.665741 0.336458 0.668519 0.335938 0.670370 0.335417 0.673148 0.335417 0.678704 0.336458 0.683333 0.338021 0.686111 0.339062 0.687037 0.340625 0.687963 0.343750 0.687963 0.346354 0.686111 0.347917 0.683333 0.348958 0.678704 0.348958 0.673148 0.348438 0.670370 0.347917 0.668519 0.346354 0.665741 0.343750 0.663889 0.340625 0.663889
1 0.611458 0.811111 0.609896 0.812037 0.608854 0.812963 0.607292 0.815741 0.606771 0.817593 0.606250 0.820370 0.606250 0.825926 0.607292 0.830556 0.608854 0.833333 0.609896 0.834259 0.611458 0.835185 0.614583 0.835185 0.617188 0.833333 0.618750 0.830556 0.619792 0.825926 0.619792 0.820370 0.619271 0.817593 0.618750 0.815741 0.617188 0.812963 0.614583 0.811111 0.611458 0.811111
1 0.817187 0.547222 0.815625 0.548148 0.814583 0.549074 0.813021 0.551852 0.812500 0.553704 0.811979 0.556481 0.811979 0.562037 0.813021 0.566667 0.814583 0.569444 0.815625 0.570370 0.817187 0.571296 0.820312 0.571296 0.822917 0.569444 0.824479 0.566667 0.825521 0.562037 0.825521 0.556481 0.825000 0.553704 0.824479 0.551852 0.822917 0.549074 0.820312 0.547222 0.817187 0.547222
1 0.789062 0.547222 0.787500 0.548148 0.786458 0.549074 0.784896 0.551852 0.784375 0.553704 0.783854 0.556481 0.783854 0.562037 0.784896 0.566667 0.786458 0.569444 0.787500 0.570370 0.789062 0.571296 0.792188 0.571296 0.794792 0.569444 0.796354 0.566667 0.797396 0.562037 0.797396 0.556481 0.796875 0.553704 0.796354 0.551852 0.794792 0.549074 0.792188 0.547222 0.789062 0.547222
1 0.466667 0.503704 0.465104 0.504630 0.464062 0.505556 0.462500 0.508333 0.461979 0.510185 0.461458 0.512963 0.461458 0.518519 0.462500 0.523148 0.464062 0.525926 0.465104 0.526852 0.466667 0.527778 0.469792 0.527778 0.472396 0.525926 0.473958 0.523148 0.475000 0.518519 0.475000 0.512963 0.474479 0.510185 0.473958 0.508333 0.472396 0.505556 0.469792 0.503704 0.466667 0.503704
