8 0.490729 0.541019 0.491969 0.479130 0.457448 0.476963 0.458057 0.455778 0.491969 0.456861 0.493188 0.397120 0.506021 0.397120 0.505411 0.459037 0.537917 0.461204 0.537812 0.483241 0.503880 0.480759 0.503594 0.539444
0 0.531250 0.550000 0.528646 0.550926 0.527083 0.552778 0.525521 0.554630 0.524479 0.556481 0.523958 0.559259 0.523958 0.568519 0.524479 0.572222 0.525000 0.574074 0.526563 0.576852 0.528646 0.579630 0.532292 0.580556 0.534896 0.579630 0.536458 0.578704 0.537500 0.576852 0.539062 0.571296 0.539583 0.568519 0.540104 0.563889 0.539583 0.560185 0.538021 0.554630 0.536458 0.551852 0.535417 0.550926 0.533854 0.550000 0.531250 0.550000
0 0.775521 0.530556 0.772396 0.533333 0.770833 0.535185 0.769792 0.537037 0.769271 0.538889 0.769271 0.549074 0.770312 0.552778 0.771875 0.553704 0.773958 0.557407 0.775000 0.558333 0.776563 0.559259 0.779687 0.559259 0.781250 0.558333 0.782292 0.557407 0.783333 0.556481 0.784896 0.553704 0.785417 0.553704 0.786458 0.551852 0.786979 0.550000 0.787500 0.548148 0.787500 0.539815 0.786979 0.537963 0.783854 0.532407 0.782292 0.531481 0.780208 0.530556 0.775521 0.530556
1 0.582292 0.725926 0.580729 0.726852 0.579688 0.727778 0.578125 0.730556 0.577604 0.732407 0.577083 0.735185 0.577083 0.740741 0.578125 0.745370 0.579688 0.748148 0.580729 0.749074 0.582292 0.750000 0.585417 0.750000 0.588021 0.748148 0.589583 0.745370 0.590625 0.740741 0.590625 0.735185 0.590104 0.732407 0.589583 0.730556 0.588021 0.727778 0.585417 0.725926 0.582292 0.725926
1 0.450000 0.648148 0.448437 0.649074 0.447396 0.650000 0.445833 0.652778 0.445312 0.654630 0.444792 0.657407 0.444792 0.662963 0.445833 0.667593 0.447396 0.670370 0.448437 0.671296 0.450000 0.672222 0.453125 0.672222 0.455729 0.670370 0.457292 0.667593 0.458333 0.662963 0.458333 0.657407 0.457813 0.654630 0.457292 0.652778 0.455729 0.650000 0.453125 0.648148 0.450000 0.648148
8 0.490729 0.541019 0.491969 0.479130 0.457448 0.476963 0.458057 0.455778 0.491969 0.456861 0.493188 0.397120 0.506021 0.397120 0.505411 0.459037 0.537917 0.461204 0.537812 0.483241 0.503880 0.480759 0.503594 0.539444
1 0.406250 0.883333 0.404687 0.884259 0.403646 0.885185 0.402083 0.887963 0.401562 0.889815 0.401042 0.892593 0.401042 0.898148 0.402083 0.902778 0.403646 0.905556 0.404687 0.906481 0.406250 0.907407 0.409375 0.907407 0.411979 0.905556 0.413542 0.902778 0.414583 0.898148 0.414583 0.892593 0.414062 0.889815 0.413542 0.887963 0.411979 0.885185 0.409375 0.883333 0.406250 0.883333
1 0.730208 0.773148 0.728646 0.774074 0.727604 0.775000 0.726042 0.777778 0.725521 0.779630 0.725000 0.782407 0.725000 0.787963 0.726042 0.792593 0.727604 0.795370 0.728646 0.796296 0.730208 0.797222 0.733333 0.797222 0.735938 0.795370 0.737500 0.792593 0.738542 0.787963 0.738542 0.782407 0.738021 0.779630 0.737500 0.777778 0.735938 0.775000 0.733333 0.773148 0.730208 0.773148
1 0.192188 0.260185 0.190625 0.261111 0.189583 0.262037 0.188021 0.264815 0.187500 0.266667 0.186979 0.269444 0.186979 0.275000 0.188021 0.279630 0.189583 0.282407 0.190625 0.283333 0.192188 0.284259 0.195312 0.284259 0.197917 0.282407 0.199479 0.279630 0.200521 0.275000 0.200521 0.269444 0.200000 0.266667 0.199479 0.264815 0.197917 0.262037 0.195312 0.260185 0.192188 0.260185
1 0.514583 0.060185 0.513021 0.061111 0.511979 0.062037 0.510417 0.064815 0.509896 0.066667 0.509375 0.069444 0.509375 0.075000 0.510417 0.079630 0.511979 0.082407 0.513021 0.083333 0.514583 0.084259 0.517708 0.084259 0.520312 0.082407 0.521875 0.079630 0.522917 0.075000 0.522917 0.069444 0.522396 0.066667 0.521875 0.064815 0.520312 0.062037 0.517708 0.060185 0.514583 0.060185
1 0.484896 0.185185 0.483333 0.186111 0.482292 0.187037 0.480729 0.189815 0.480208 0.191667 0.479687 0.194444 0.479687 0.200000 0.480729 0.204630 0.482292 0.207407 0.483333 0.208333 0.484896 0.209259 0.488021 0.209259 0.490625 0.207407 0.492188 0.204630 0.493229 0.200000 0.493229 0.194444 0.492708 0.191667 0.492188 0.189815 0.490625 0.187037 0.488021 0.185185 0.484896 0.185185
1 0.460417 0.281481 0.458854 0.282407 0.457813 0.283333 0.456250 0.286111 0.455729 0.287963 0.455208 0.290741 0.455208 0.296296 0.456250 0.300926 0.457813 0.303704 0.458854 0.304630 0.460417 0.305556 0.463542 0.305556 0.466146 0.303704 0.467708 0.300926 0.468750 0.296296 0.468750 0.290741 0.468229 0.287963 0.467708 0.286111 0.466146 0.283333 0.463542 0.281481 0.460417 0.281481
1 0.758854 0.313889 0.757292 0.314815 0.756250 0.315741 0.754687 0.318519 0.754167 0.320370 0.753646 0.323148 0.753646 0.328704 0.754687 0.333333 0.756250 0.336111 0.757292 0.337037 0.758854 0.337963 0.761979 0.337963 0.764583 0.336111 0.766146 0.333333 0.767188 0.328704 0.767188 0.323148 0.766667 0.320370 0.766146 0.318519 0.764583 0.315741 0.761979 0.313889 0.758854 0.313889
1 0.817708 0.625000 0.816146 0.625926 0.815104 0.626852 0.813542 0.629630 0.813021 0.631481 0.812500 0.634259 0.812500 0.639815 0.813542 0.644444 0.815104 0.647222 0.816146 0.648148 0.817708 0.649074 0.820833 0.649074 0.823438 0.647222 0.825000 0.644444 0.826042 0.639815 0.826042 0.634259 0.825521 0.631481 0.825000 0.629630 0.823438 0.626852 0.820833 0.625000 0.817708 0.625000
1 0.538021 0.594444 0.536458 0.595370 0.535417 0.596296 0.533854 0.599074 0.533333 0.600926 0.532813 0.603704 0.532813 0.609259 0.533854 0.613889 0.535417 0.616667 0.536458 0.617593 0.538021 0.618519 0.541146 0.618519 0.543750 0.616667 0.545312 0.613889 0.546354 0.609259 0.546354 0.603704 0.545833 0.600926 0.545312 0.599074 0.543750 0.596296 0.541146 0.594444 0.538021 0.594444
1 0.476562 0.482407 0.475000 0.483333 0.473958 0.484259 0.472396 0.487037 0.471875 0.488889 0.471354 0.491667 0.471354 0.497222 0.472396 0.501852 0.473958 0.504630 0.475000 0.505556 0.476562 0.506481 0.479687 0.506481 0.482292 0.504630 0.483854 0.501852 0.484896 0.497222 0.484896 0.491667 0.484375 0.488889 0.483854 0.487037 0.482292 0.484259 0.479687 0.482407 0.476562 0.482407
