1 0.543750 0.587963 0.542188 0.588889 0.541146 0.589815 0.539583 0.592593 0.539062 0.594444 0.538542 0.597222 0.538542 0.602778 0.539583 0.607407 0.541146 0.610185 0.542188 0.611111 0.543750 0.612037 0.546875 0.612037 0.549479 0.610185 0.551042 0.607407 0.552083 0.602778 0.552083 0.597222 0.551562 0.594444 0.551042 0.592593 0.549479 0.589815 0.546875 0.587963 0.543750 0.587963
1 0.817708 0.627778 0.816146 0.628704 0.815104 0.629630 0.813542 0.632407 0.813021 0.634259 0.812500 0.637037 0.812500 0.642593 0.813542 0.647222 0.815104 0.650000 0.816146 0.650926 0.817708 0.651852 0.820833 0.651852 0.823438 0.650000 0.825000 0.647222 0.826042 0.642593 0.826042 0.637037 0.825521 0.634259 0.825000 0.632407 0.823438 0.629630 0.820833 0.627778 0.817708 0.627778
1 0.700000 0.398148 0.698438 0.399074 0.697396 0.400000 0.695833 0.402778 0.695312 0.404630 0.694792 0.407407 0.694792 0.412963 0.695833 0.417593 0.697396 0.420370 0.698438 0.421296 0.700000 0.422222 0.703125 0.422222 0.705729 0.420370 0.707292 0.417593 0.708333 0.412963 0.708333 0.407407 0.707812 0.404630 0.707292 0.402778 0.705729 0.400000 0.703125 0.398148 0.700000 0.398148
1 0.494792 0.136111 0.493229 0.137037 0.492188 0.137963 0.490625 0.140741 0.490104 0.142593 0.489583 0.145370 0.489583 0.150926 0.490625 0.155556 0.492188 0.158333 0.493229 0.159259 0.494792 0.160185 0.497917 0.160185 0.500521 0.158333 0.502083 0.155556 0.503125 0.150926 0.503125 0.145370 0.502604 0.142593 0.502083 0.140741 0.500521 0.137963 0.497917 0.136111 0.494792 0.136111
1 0.192188 0.260185 0.190625 0.261111 0.189583 0.262037 0.188021 0.264815 0.187500 0.266667 0.186979 0.269444 0.186979 0.275000 0.188021 0.279630 0.189583 0.282407 0.190625 0.283333 0.192188 0.284259 0.195312 0.284259 0.197917 0.282407 0.199479 0.279630 0.200521 0.275000 0.200521 0.269444 0.200000 0.266667 0.199479 0.264815 0.197917 0.262037 0.195312 0.260185 0.192188 0.260185
1 0.461458 0.281481 0.459896 0.282407 0.458854 0.283333 0.457292 0.286111 0.456771 0.287963 0.456250 0.290741 0.456250 0.296296 0.457292 0.300926 0.458854 0.303704 0.459896 0.304630 0.461458 0.305556 0.464583 0.305556 0.467187 0.303704 0.468750 0.300926 0.469792 0.296296 0.469792 0.290741 0.469271 0.287963 0.468750 0.286111 0.467187 0.283333 0.464583 0.281481 0.461458 0.281481
1 0.469271 0.172222 0.467708 0.173148 0.466667 0.174074 0.465104 0.176852 0.464583 0.178704 0.464062 0.181481 0.464062 0.187037 0.465104 0.191667 0.466667 0.194444 0.467708 0.195370 0.469271 0.196296 0.472396 0.196296 0.475000 0.194444 0.476562 0.191667 0.477604 0.187037 0.477604 0.181481 0.477083 0.178704 0.476562 0.176852 0.475000 0.174074 0.472396 0.172222 0.469271 0.172222
0 0.533854 0.541667 0.532292 0.542593 0.530729 0.544444 0.528125 0.549074 0.527604 0.550926 0.527604 0.554630 0.527083 0.555556 0.527083 0.558333 0.527604 0.559259 0.527604 0.562963 0.528646 0.565741 0.529687 0.567593 0.531250 0.569444 0.532292 0.570370 0.533854 0.571296 0.537500 0.571296 0.541667 0.567593 0.542708 0.565741 0.543750 0.562963 0.544271 0.561111 0.544271 0.551852 0.543750 0.549074 0.540625 0.543519 0.539062 0.542593 0.537500 0.541667 0.533854 0.541667
0 0.773958 0.533333 0.772917 0.534259 0.771354 0.536111 0.769792 0.537963 0.768750 0.540741 0.768229 0.543519 0.768229 0.550926 0.768750 0.552778 0.769792 0.555556 0.770833 0.557407 0.773438 0.560185 0.775000 0.561111 0.780208 0.561111 0.781771 0.560185 0.782813 0.559259 0.784375 0.557407 0.785937 0.555556 0.786458 0.553704 0.786979 0.550926 0.786979 0.545370 0.786458 0.544444 0.786458 0.540741 0.784375 0.537037 0.783854 0.536111 0.782813 0.535185 0.780729 0.533333 0.773958 0.533333
8 0.490729 0.541019 0.491969 0.479130 0.457448 0.476963 0.458057 0.455778 0.491969 0.456861 0.493188 0.397120 0.506021 0.397120 0.505411 0.459037 0.537917 0.461204 0.537812 0.483241 0.503880 0.480759 0.503594 0.539444
8 0.490729 0.541019 0.491969 0.479130 0.457448 0.476963 0.458057 0.455778 0.491969 0.456861 0.493188 0.397120 0.506021 0.397120 0.505411 0.459037 0.537917 0.461204 0.537812 0.483241 0.503880 0.480759 0.503594 0.539444
1 0.477604 0.482407 0.476042 0.483333 0.475000 0.484259 0.473438 0.487037 0.472917 0.488889 0.472396 0.491667 0.472396 0.497222 0.473438 0.501852 0.475000 0.504630 0.476042 0.505556 0.477604 0.506481 0.480729 0.506481 0.483333 0.504630 0.484896 0.501852 0.485938 0.497222 0.485938 0.491667 0.485417 0.488889 0.484896 0.487037 0.483333 0.484259 0.480729 0.482407 0.477604 0.482407
1 0.688542 0.847222 0.686979 0.848148 0.685937 0.849074 0.684375 0.851852 0.683854 0.853704 0.683333 0.856481 0.683333 0.862037 0.684375 0.866667 0.685937 0.869444 0.686979 0.870370 0.688542 0.871296 0.691667 0.871296 0.694271 0.869444 0.695833 0.866667 0.696875 0.862037 0.696875 0.856481 0.696354 0.853704 0.695833 0.851852 0.694271 0.849074 0.691667 0.847222 0.688542 0.847222
1 0.580729 0.750926 0.579167 0.751852 0.578125 0.752778 0.576562 0.755556 0.576042 0.757407 0.575521 0.760185 0.575521 0.765741 0.576562 0.770370 0.578125 0.773148 0.579167 0.774074 0.580729 0.775000 0.583854 0.775000 0.586458 0.773148 0.588021 0.770370 0.589063 0.765741 0.589063 0.760185 0.588542 0.757407 0.588021 0.755556 0.586458 0.752778 0.583854 0.750926 0.580729 0.750926
1 0.406250 0.883333 0.404687 0.884259 0.403646 0.885185 0.402083 0.887963 0.401562 0.889815 0.401042 0.892593 0.401042 0.898148 0.402083 0.902778 0.403646 0.905556 0.404687 0.906481 0.406250 0.907407 0.409375 0.907407 0.411979 0.905556 0.413542 0.902778 0.414583 0.898148 0.414583 0.892593 0.414062 0.889815 0.413542 0.887963 0.411979 0.885185 0.409375 0.883333 0.406250 0.883333
1 0.444792 0.623148 0.443229 0.624074 0.442188 0.625000 0.440625 0.627778 0.440104 0.629630 0.439583 0.632407 0.439583 0.637963 0.440625 0.642593 0.442188 0.645370 0.443229 0.646296 0.444792 0.647222 0.447917 0.647222 0.450521 0.645370 0.452083 0.642593 0.453125 0.637963 0.453125 0.632407 0.452604 0.629630 0.452083 0.627778 0.450521 0.625000 0.447917 0.623148 0.444792 0.623148
