1 0.202604 0.516667 0.201042 0.517593 0.200000 0.518519 0.198437 0.521296 0.197917 0.523148 0.197396 0.525926 0.197396 0.531481 0.198437 0.536111 0.200000 0.538889 0.201042 0.539815 0.202604 0.540741 0.205729 0.540741 0.208333 0.538889 0.209896 0.536111 0.210938 0.531481 0.210938 0.525926 0.210417 0.523148 0.209896 0.521296 0.208333 0.518519 0.205729 0.516667 0.202604 0.516667
1 0.622396 0.062037 0.620833 0.062963 0.619792 0.063889 0.618229 0.066667 0.617708 0.068519 0.617188 0.071296 0.617188 0.076852 0.618229 0.081481 0.619792 0.084259 0.620833 0.085185 0.622396 0.086111 0.625521 0.086111 0.628125 0.084259 0.629687 0.081481 0.630729 0.076852 0.630729 0.071296 0.630208 0.068519 0.629687 0.066667 0.628125 0.063889 0.625521 0.062037 0.622396 0.062037
8 0.490729 0.541019 0.491969 0.479130 0.457448 0.476963 0.458057 0.455778 0.491969 0.456861 0.493188 0.397120 0.506021 0.397120 0.505411 0.459037 0.537917 0.461204 0.537812 0.483241 0.503880 0.480759 0.503594 0.539444
8 0.490729 0.541019 0.491969 0.479130 0.457448 0.476963 0.458057 0.455778 0.491969 0.456861 0.493188 0.397120 0.506021 0.397120 0.505411 0.459037 0.537917 0.461204 0.537812 0.483241 0.503880 0.480759 0.503594 0.539444
1 0.480729 0.500000 0.479167 0.500926 0.478125 0.501852 0.476562 0.504630 0.476042 0.506481 0.475521 0.509259 0.475521 0.514815 0.476562 0.519444 0.478125 0.522222 0.479167 0.523148 0.480729 0.524074 0.483854 0.524074 0.486458 0.522222 0.488021 0.519444 0.489063 0.514815 0.489063 0.509259 0.488542 0.506481 0.488021 0.504630 0.486458 0.501852 0.483854 0.500000 0.480729 0.500000
1 0.408333 0.885185 0.406771 0.886111 0.405729 0.887037 0.404167 0.889815 0.403646 0.891667 0.403125 0.894444 0.403125 0.900000 0.404167 0.904630 0.405729 0.907407 0.406771 0.908333 0.408333 0.909259 0.411458 0.909259 0.414062 0.907407 0.415625 0.904630 0.416667 0.900000 0.416667 0.894444 0.416146 0.891667 0.415625 0.889815 0.414062 0.887037 0.411458 0.885185 0.408333 0.885185
1 0.560937 0.717593 0.559375 0.718519 0.558333 0.719444 0.556771 0.722222 0.556250 0.724074 0.555729 0.726852 0.555729 0.732407 0.556771 0.737037 0.558333 0.739815 0.559375 0.740741 0.560937 0.741667 0.564063 0.741667 0.566667 0.739815 0.568229 0.737037 0.569271 0.732407 0.569271 0.726852 0.568750 0.724074 0.568229 0.722222 0.566667 0.719444 0.564063 0.717593 0.560937 0.717593
0 0.384896 0.888889 0.381250 0.891667 0.380208 0.892593 0.378646 0.895370 0.377083 0.900926 0.377083 0.912037 0.377604 0.913889 0.378646 0.916667 0.380208 0.919444 0.381771 0.920370 0.384896 0.921296 0.389062 0.920370 0.390625 0.919444 0.392708 0.915741 0.393229 0.913889 0.393750 0.910185 0.393229 0.900926 0.393229 0.899074 0.393750 0.898148 0.393750 0.895370 0.392708 0.892593 0.391146 0.890741 0.390104 0.889815 0.389062 0.888889 0.384896 0.888889
0 0.532292 0.549074 0.530208 0.550926 0.529167 0.551852 0.528646 0.552778 0.528646 0.553704 0.527604 0.555556 0.527083 0.557407 0.526563 0.559259 0.526563 0.568519 0.528125 0.573148 0.529687 0.575926 0.530729 0.576852 0.532292 0.577778 0.537500 0.577778 0.540625 0.575000 0.541667 0.573148 0.543229 0.567593 0.543229 0.562037 0.542708 0.556481 0.541146 0.553704 0.541146 0.552778 0.540104 0.550926 0.539062 0.550000 0.538021 0.549074 0.532292 0.549074
1 0.570833 0.273148 0.569271 0.274074 0.568229 0.275000 0.566667 0.277778 0.566146 0.279630 0.565625 0.282407 0.565625 0.287963 0.566667 0.292593 0.568229 0.295370 0.569271 0.296296 0.570833 0.297222 0.573958 0.297222 0.576562 0.295370 0.578125 0.292593 0.579167 0.287963 0.579167 0.282407 0.578646 0.279630 0.578125 0.277778 0.576562 0.275000 0.573958 0.273148 0.570833 0.273148
1 0.806250 0.857407 0.804688 0.858333 0.803646 0.859259 0.802083 0.862037 0.801562 0.863889 0.801042 0.866667 0.801042 0.872222 0.802083 0.876852 0.803646 0.879630 0.804688 0.880556 0.806250 0.881481 0.809375 0.881481 0.811979 0.879630 0.813542 0.876852 0.814583 0.872222 0.814583 0.866667 0.814063 0.863889 0.813542 0.862037 0.811979 0.859259 0.809375 0.857407 0.806250 0.857407
1 0.625521 0.768519 0.623958 0.769444 0.622917 0.770370 0.621354 0.773148 0.620833 0.775000 0.620313 0.777778 0.620313 0.783333 0.621354 0.787963 0.622917 0.790741 0.623958 0.791667 0.625521 0.792593 0.628646 0.792593 0.631250 0.790741 0.632812 0.787963 0.633854 0.783333 0.633854 0.777778 0.633333 0.775000 0.632812 0.773148 0.631250 0.770370 0.628646 0.768519 0.625521 0.768519
1 0.605208 0.771296 0.603646 0.772222 0.602604 0.773148 0.601042 0.775926 0.600521 0.777778 0.600000 0.780556 0.600000 0.786111 0.601042 0.790741 0.602604 0.793519 0.603646 0.794444 0.605208 0.795370 0.608333 0.795370 0.610938 0.793519 0.612500 0.790741 0.613542 0.786111 0.613542 0.780556 0.613021 0.777778 0.612500 0.775926 0.610938 0.773148 0.608333 0.771296 0.605208 0.771296
1 0.267188 0.577778 0.265625 0.578704 0.264583 0.579630 0.263021 0.582407 0.262500 0.584259 0.261979 0.587037 0.261979 0.592593 0.263021 0.597222 0.264583 0.600000 0.265625 0.600926 0.267188 0.601852 0.270313 0.601852 0.272917 0.600000 0.274479 0.597222 0.275521 0.592593 0.275521 0.587037 0.275000 0.584259 0.274479 0.582407 0.272917 0.579630 0.270313 0.577778 0.267188 0.577778
1 0.238021 0.534259 0.236458 0.535185 0.235417 0.536111 0.233854 0.538889 0.233333 0.540741 0.232813 0.543519 0.232813 0.549074 0.233854 0.553704 0.235417 0.556481 0.236458 0.557407 0.238021 0.558333 0.241146 0.558333 0.243750 0.556481 0.245312 0.553704 0.246354 0.549074 0.246354 0.543519 0.245833 0.540741 0.245312 0.538889 0.243750 0.536111 0.241146 0.534259 0.238021 0.534259
1 0.242708 0.482407 0.241146 0.483333 0.240104 0.484259 0.238542 0.487037 0.238021 0.488889 0.237500 0.491667 0.237500 0.497222 0.238542 0.501852 0.240104 0.504630 0.241146 0.505556 0.242708 0.506481 0.245833 0.506481 0.248438 0.504630 0.250000 0.501852 0.251042 0.497222 0.251042 0.491667 0.250521 0.488889 0.250000 0.487037 0.248438 0.484259 0.245833 0.482407 0.242708 0.482407
