1 0.801042 0.883333 0.799479 0.884259 0.798438 0.885185 0.796875 0.887963 0.796354 0.889815 0.795833 0.892593 0.795833 0.898148 0.796875 0.902778 0.798438 0.905556 0.799479 0.906481 0.801042 0.907407 0.804167 0.907407 0.806771 0.905556 0.808333 0.902778 0.809375 0.898148 0.809375 0.892593 0.808854 0.889815 0.808333 0.887963 0.806771 0.885185 0.804167 0.883333 0.801042 0.883333
1 0.298958 0.576852 0.297396 0.577778 0.296354 0.578704 0.294792 0.581481 0.294271 0.583333 0.293750 0.586111 0.293750 0.591667 0.294792 0.596296 0.296354 0.599074 0.297396 0.600000 0.298958 0.600926 0.302083 0.600926 0.304688 0.599074 0.306250 0.596296 0.307292 0.591667 0.307292 0.586111 0.306771 0.583333 0.306250 0.581481 0.304688 0.578704 0.302083 0.576852 0.298958 0.576852
1 0.563021 0.719444 0.561458 0.720370 0.560417 0.721296 0.558854 0.724074 0.558333 0.725926 0.557813 0.728704 0.557813 0.734259 0.558854 0.738889 0.560417 0.741667 0.561458 0.742593 0.563021 0.743519 0.566146 0.743519 0.568750 0.741667 0.570312 0.738889 0.571354 0.734259 0.571354 0.728704 0.570833 0.725926 0.570312 0.724074 0.568750 0.721296 0.566146 0.719444 0.563021 0.719444
1 0.625000 0.760185 0.623437 0.761111 0.622396 0.762037 0.620833 0.764815 0.620313 0.766667 0.619792 0.769444 0.619792 0.775000 0.620833 0.779630 0.622396 0.782407 0.623437 0.783333 0.625000 0.784259 0.628125 0.784259 0.630729 0.782407 0.632292 0.779630 0.633333 0.775000 0.633333 0.769444 0.632812 0.766667 0.632292 0.764815 0.630729 0.762037 0.628125 0.760185 0.625000 0.760185
8 0.490729 0.541019 0.491969 0.479130 0.457448 0.476963 0.458057 0.455778 0.491969 0.456861 0.493188 0.397120 0.506021 0.397120 0.505411 0.459037 0.537917 0.461204 0.537812 0.483241 0.503880 0.480759 0.503594 0.539444
8 0.490729 0.541019 0.491969 0.479130 0.457448 0.476963 0.458057 0.455778 0.491969 0.456861 0.493188 0.397120 0.506021 0.397120 0.505411 0.459037 0.537917 0.461204 0.537812 0.483241 0.503880 0.480759 0.503594 0.539444
1 0.490104 0.899074 0.488542 0.900000 0.487500 0.900926 0.485938 0.903704 0.485417 0.905556 0.484896 0.908333 0.484896 0.913889 0.485938 0.918519 0.487500 0.921296 0.488542 0.922222 0.490104 0.923148 0.493229 0.923148 0.495833 0.921296 0.497396 0.918519 0.498437 0.913889 0.498437 0.908333 0.497917 0.905556 0.497396 0.903704 0.495833 0.900926 0.493229 0.899074 0.490104 0.899074
1 0.245312 0.509259 0.243750 0.510185 0.242708 0.511111 0.241146 0.513889 0.240625 0.515741 0.240104 0.518519 0.240104 0.524074 0.241146 0.528704 0.242708 0.531481 0.243750 0.532407 0.245312 0.533333 0.248438 0.533333 0.251042 0.531481 0.252604 0.528704 0.253646 0.524074 0.253646 0.518519 0.253125 0.515741 0.252604 0.513889 0.251042 0.511111 0.248438 0.509259 0.245312 0.509259
1 0.202083 0.482407 0.200521 0.483333 0.199479 0.484259 0.197917 0.487037 0.197396 0.488889 0.196875 0.491667 0.196875 0.497222 0.197917 0.501852 0.199479 0.504630 0.200521 0.505556 0.202083 0.506481 0.205208 0.506481 0.207813 0.504630 0.209375 0.501852 0.210417 0.497222 0.210417 0.491667 0.209896 0.488889 0.209375 0.487037 0.207813 0.484259 0.205208 0.482407 0.202083 0.482407
1 0.405729 0.188889 0.404167 0.189815 0.403125 0.190741 0.401562 0.193519 0.401042 0.195370 0.400521 0.198148 0.400521 0.203704 0.401562 0.208333 0.403125 0.211111 0.404167 0.212037 0.405729 0.212963 0.408854 0.212963 0.411458 0.211111 0.413021 0.208333 0.414062 0.203704 0.414062 0.198148 0.413542 0.195370 0.413021 0.193519 0.411458 0.190741 0.408854 0.188889 0.405729 0.188889
1 0.218229 0.635185 0.216667 0.636111 0.215625 0.637037 0.214062 0.639815 0.213542 0.641667 0.213021 0.644444 0.213021 0.650000 0.214062 0.654630 0.215625 0.657407 0.216667 0.658333 0.218229 0.659259 0.221354 0.659259 0.223958 0.657407 0.225521 0.654630 0.226562 0.650000 0.226562 0.644444 0.226042 0.641667 0.225521 0.639815 0.223958 0.637037 0.221354 0.635185 0.218229 0.635185
1 0.546875 0.779630 0.545312 0.780556 0.544271 0.781481 0.542708 0.784259 0.542188 0.786111 0.541667 0.788889 0.541667 0.794444 0.542708 0.799074 0.544271 0.801852 0.545312 0.802778 0.546875 0.803704 0.550000 0.803704 0.552604 0.801852 0.554167 0.799074 0.555208 0.794444 0.555208 0.788889 0.554688 0.786111 0.554167 0.784259 0.552604 0.781481 0.550000 0.779630 0.546875 0.779630
1 0.622917 0.063889 0.621354 0.064815 0.620313 0.065741 0.618750 0.068519 0.618229 0.070370 0.617708 0.073148 0.617708 0.078704 0.618750 0.083333 0.620313 0.086111 0.621354 0.087037 0.622917 0.087963 0.626042 0.087963 0.628646 0.086111 0.630208 0.083333 0.631250 0.078704 0.631250 0.073148 0.630729 0.070370 0.630208 0.068519 0.628646 0.065741 0.626042 0.063889 0.622917 0.063889
1 0.480729 0.500000 0.479167 0.500926 0.478125 0.501852 0.476562 0.504630 0.476042 0.506481 0.475521 0.509259 0.475521 0.514815 0.476562 0.519444 0.478125 0.522222 0.479167 0.523148 0.480729 0.524074 0.483854 0.524074 0.486458 0.522222 0.488021 0.519444 0.489063 0.514815 0.489063 0.509259 0.488542 0.506481 0.488021 0.504630 0.486458 0.501852 0.483854 0.500000 0.480729 0.500000
0 0.398958 0.893519 0.397396 0.894444 0.396354 0.895370 0.395833 0.896296 0.393750 0.900926 0.392708 0.903704 0.392188 0.907407 0.392188 0.915741 0.392708 0.918519 0.395833 0.924074 0.396875 0.925000 0.399479 0.926852 0.401042 0.926852 0.403125 0.925926 0.406250 0.923148 0.407813 0.920370 0.409375 0.914815 0.409896 0.910185 0.409896 0.906481 0.409375 0.904630 0.406771 0.900000 0.406771 0.898148 0.406250 0.896296 0.405208 0.894444 0.404167 0.893519 0.398958 0.893519
0 0.532292 0.549074 0.531250 0.550000 0.530208 0.550926 0.528125 0.554630 0.526563 0.560185 0.526563 0.567593 0.528125 0.573148 0.529687 0.575926 0.530729 0.576852 0.532292 0.577778 0.537500 0.577778 0.538542 0.576852 0.539583 0.575926 0.540625 0.574074 0.541146 0.574074 0.541667 0.573148 0.542188 0.571296 0.543229 0.567593 0.543229 0.562037 0.542708 0.557407 0.542188 0.555556 0.541146 0.552778 0.540104 0.550926 0.539062 0.550000 0.538021 0.549074 0.532292 0.549074
