1 0.505729 0.828704 0.504167 0.829630 0.503125 0.830556 0.501563 0.833333 0.501042 0.835185 0.500521 0.837963 0.500521 0.843519 0.501563 0.848148 0.503125 0.850926 0.504167 0.851852 0.505729 0.852778 0.508854 0.852778 0.511458 0.850926 0.513021 0.848148 0.514062 0.843519 0.514062 0.837963 0.513542 0.835185 0.513021 0.833333 0.511458 0.830556 0.508854 0.828704 0.505729 0.828704
1 0.592708 0.212037 0.591146 0.212963 0.590104 0.213889 0.588542 0.216667 0.588021 0.218519 0.587500 0.221296 0.587500 0.226852 0.588542 0.231481 0.590104 0.234259 0.591146 0.235185 0.592708 0.236111 0.595833 0.236111 0.598437 0.234259 0.600000 0.231481 0.601042 0.226852 0.601042 0.221296 0.600521 0.218519 0.600000 0.216667 0.598437 0.213889 0.595833 0.212037 0.592708 0.212037
1 0.659375 0.070370 0.657813 0.071296 0.656771 0.072222 0.655208 0.075000 0.654687 0.076852 0.654167 0.079630 0.654167 0.085185 0.655208 0.089815 0.656771 0.092593 0.657813 0.093519 0.659375 0.094444 0.662500 0.094444 0.665104 0.092593 0.666667 0.089815 0.667708 0.085185 0.667708 0.079630 0.667188 0.076852 0.666667 0.075000 0.665104 0.072222 0.662500 0.070370 0.659375 0.070370
8 0.490729 0.541019 0.491969 0.479130 0.457448 0.476963 0.458057 0.455778 0.491969 0.456861 0.493188 0.397120 0.506021 0.397120 0.505411 0.459037 0.537917 0.461204 0.537812 0.483241 0.503880 0.480759 0.503594 0.539444
1 0.730208 0.507407 0.728646 0.508333 0.727604 0.509259 0.726042 0.512037 0.725521 0.513889 0.725000 0.516667 0.725000 0.522222 0.726042 0.526852 0.727604 0.529630 0.728646 0.530556 0.730208 0.531481 0.733333 0.531481 0.735938 0.529630 0.737500 0.526852 0.738542 0.522222 0.738542 0.516667 0.738021 0.513889 0.737500 0.512037 0.735938 0.509259 0.733333 0.507407 0.730208 0.507407
1 0.800000 0.194444 0.798438 0.195370 0.797396 0.196296 0.795833 0.199074 0.795312 0.200926 0.794792 0.203704 0.794792 0.209259 0.795833 0.213889 0.797396 0.216667 0.798438 0.217593 0.800000 0.218519 0.803125 0.218519 0.805729 0.216667 0.807292 0.213889 0.808333 0.209259 0.808333 0.203704 0.807813 0.200926 0.807292 0.199074 0.805729 0.196296 0.803125 0.194444 0.800000 0.194444
0 0.379167 0.667593 0.377604 0.668519 0.376563 0.669444 0.375000 0.672222 0.374479 0.674074 0.373958 0.675926 0.373958 0.679630 0.374479 0.681481 0.375000 0.683333 0.376563 0.686111 0.377604 0.687037 0.379167 0.687963 0.382292 0.687963 0.383854 0.687037 0.384896 0.686111 0.386458 0.683333 0.386979 0.681481 0.387500 0.679630 0.387500 0.675926 0.386979 0.674074 0.386458 0.672222 0.384896 0.669444 0.383854 0.668519 0.382292 0.667593 0.379167 0.667593
1 0.368750 0.075000 0.367188 0.075926 0.366146 0.076852 0.364583 0.079630 0.364063 0.081481 0.363542 0.084259 0.363542 0.089815 0.364583 0.094444 0.366146 0.097222 0.367188 0.098148 0.368750 0.099074 0.371875 0.099074 0.374479 0.097222 0.376042 0.094444 0.377083 0.089815 0.377083 0.084259 0.376563 0.081481 0.376042 0.079630 0.374479 0.076852 0.371875 0.075000 0.368750 0.075000
8 0.490729 0.541019 0.491969 0.479130 0.457448 0.476963 0.458057 0.455778 0.491969 0.456861 0.493188 0.397120 0.506021 0.397120 0.505411 0.459037 0.537917 0.461204 0.537812 0.483241 0.503880 0.480759 0.503594 0.539444
1 0.746875 0.251852 0.745313 0.252778 0.744271 0.253704 0.742708 0.256481 0.742188 0.258333 0.741667 0.261111 0.741667 0.266667 0.742708 0.271296 0.744271 0.274074 0.745313 0.275000 0.746875 0.275926 0.750000 0.275926 0.752604 0.274074 0.754167 0.271296 0.755208 0.266667 0.755208 0.261111 0.754687 0.258333 0.754167 0.256481 0.752604 0.253704 0.750000 0.251852 0.746875 0.251852
1 0.774479 0.160185 0.772917 0.161111 0.771875 0.162037 0.770312 0.164815 0.769792 0.166667 0.769271 0.169444 0.769271 0.175000 0.770312 0.179630 0.771875 0.182407 0.772917 0.183333 0.774479 0.184259 0.777604 0.184259 0.780208 0.182407 0.781771 0.179630 0.782813 0.175000 0.782813 0.169444 0.782292 0.166667 0.781771 0.164815 0.780208 0.162037 0.777604 0.160185 0.774479 0.160185
