8 0.490729 0.541019 0.491969 0.479130 0.457448 0.476963 0.458057 0.455778 0.491969 0.456861 0.493188 0.397120 0.506021 0.397120 0.505411 0.459037 0.537917 0.461204 0.537812 0.483241 0.503880 0.480759 0.503594 0.539444
8 0.490729 0.541019 0.491969 0.479130 0.457448 0.476963 0.458057 0.455778 0.491969 0.456861 0.493188 0.397120 0.506021 0.397120 0.505411 0.459037 0.537917 0.461204 0.537812 0.483241 0.503880 0.480759 0.503594 0.539444
1 0.505729 0.828704 0.504167 0.829630 0.503125 0.830556 0.501563 0.833333 0.501042 0.835185 0.500521 0.837963 0.500521 0.843519 0.501563 0.848148 0.503125 0.850926 0.504167 0.851852 0.505729 0.852778 0.508854 0.852778 0.511458 0.850926 0.513021 0.848148 0.514062 0.843519 0.514062 0.837963 0.513542 0.835185 0.513021 0.833333 0.511458 0.830556 0.508854 0.828704 0.505729 0.828704
1 0.717187 0.517593 0.715625 0.518519 0.714583 0.519444 0.713021 0.522222 0.712500 0.524074 0.711979 0.526852 0.711979 0.532407 0.713021 0.537037 0.714583 0.539815 0.715625 0.540741 0.717187 0.541667 0.720313 0.541667 0.722917 0.539815 0.724479 0.537037 0.725521 0.532407 0.725521 0.526852 0.725000 0.524074 0.724479 0.522222 0.722917 0.519444 0.720313 0.517593 0.717187 0.517593
1 0.753646 0.237963 0.752083 0.238889 0.751042 0.239815 0.749479 0.242593 0.748958 0.244444 0.748437 0.247222 0.748437 0.252778 0.749479 0.257407 0.751042 0.260185 0.752083 0.261111 0.753646 0.262037 0.756771 0.262037 0.759375 0.260185 0.760938 0.257407 0.761979 0.252778 0.761979 0.247222 0.761458 0.244444 0.760938 0.242593 0.759375 0.239815 0.756771 0.237963 0.753646 0.237963
1 0.781771 0.190741 0.780208 0.191667 0.779167 0.192593 0.777604 0.195370 0.777083 0.197222 0.776563 0.200000 0.776563 0.205556 0.777604 0.210185 0.779167 0.212963 0.780208 0.213889 0.781771 0.214815 0.784896 0.214815 0.787500 0.212963 0.789062 0.210185 0.790104 0.205556 0.790104 0.200000 0.789583 0.197222 0.789062 0.195370 0.787500 0.192593 0.784896 0.190741 0.781771 0.190741
1 0.808854 0.221296 0.807292 0.222222 0.806250 0.223148 0.804688 0.225926 0.804167 0.227778 0.803646 0.230556 0.803646 0.236111 0.804688 0.240741 0.806250 0.243519 0.807292 0.244444 0.808854 0.245370 0.811979 0.245370 0.814583 0.243519 0.816146 0.240741 0.817187 0.236111 0.817187 0.230556 0.816667 0.227778 0.816146 0.225926 0.814583 0.223148 0.811979 0.221296 0.808854 0.221296
1 0.653646 0.100926 0.652083 0.101852 0.651042 0.102778 0.649479 0.105556 0.648958 0.107407 0.648438 0.110185 0.648438 0.115741 0.649479 0.120370 0.651042 0.123148 0.652083 0.124074 0.653646 0.125000 0.656771 0.125000 0.659375 0.123148 0.660937 0.120370 0.661979 0.115741 0.661979 0.110185 0.661458 0.107407 0.660937 0.105556 0.659375 0.102778 0.656771 0.100926 0.653646 0.100926
1 0.593750 0.212963 0.592187 0.213889 0.591146 0.214815 0.589583 0.217593 0.589063 0.219444 0.588542 0.222222 0.588542 0.227778 0.589583 0.232407 0.591146 0.235185 0.592187 0.236111 0.593750 0.237037 0.596875 0.237037 0.599479 0.235185 0.601042 0.232407 0.602083 0.227778 0.602083 0.222222 0.601562 0.219444 0.601042 0.217593 0.599479 0.214815 0.596875 0.212963 0.593750 0.212963
1 0.363542 0.096296 0.361979 0.097222 0.360938 0.098148 0.359375 0.100926 0.358854 0.102778 0.358333 0.105556 0.358333 0.111111 0.359375 0.115741 0.360938 0.118519 0.361979 0.119444 0.363542 0.120370 0.366667 0.120370 0.369271 0.118519 0.370833 0.115741 0.371875 0.111111 0.371875 0.105556 0.371354 0.102778 0.370833 0.100926 0.369271 0.098148 0.366667 0.096296 0.363542 0.096296
0 0.368229 0.675926 0.366667 0.676852 0.365104 0.678704 0.362500 0.683333 0.361979 0.686111 0.361979 0.691667 0.362500 0.694444 0.365104 0.699074 0.366667 0.700926 0.368229 0.701852 0.372396 0.701852 0.373958 0.700926 0.375000 0.700000 0.378125 0.694444 0.378646 0.691667 0.378646 0.686111 0.378125 0.683333 0.375000 0.677778 0.373958 0.676852 0.372396 0.675926 0.368229 0.675926
