1 0.626042 0.762963 0.624479 0.763889 0.623437 0.764815 0.621875 0.767593 0.621354 0.769444 0.620833 0.772222 0.620833 0.777778 0.621875 0.782407 0.623437 0.785185 0.624479 0.786111 0.626042 0.787037 0.629167 0.787037 0.631771 0.785185 0.633333 0.782407 0.634375 0.777778 0.634375 0.772222 0.633854 0.769444 0.633333 0.767593 0.631771 0.764815 0.629167 0.762963 0.626042 0.762963
0 0.384375 0.886111 0.381250 0.888889 0.378646 0.893519 0.378125 0.895370 0.377604 0.897222 0.377604 0.905556 0.378125 0.910185 0.378646 0.912037 0.381250 0.916667 0.382292 0.917593 0.383854 0.918519 0.387500 0.918519 0.389062 0.917593 0.390104 0.916667 0.393750 0.910185 0.394792 0.907407 0.394792 0.905556 0.395833 0.903704 0.395833 0.897222 0.395313 0.894444 0.394792 0.892593 0.394271 0.891667 0.392188 0.888889 0.391146 0.887963 0.390104 0.887037 0.388542 0.886111 0.384375 0.886111
0 0.532292 0.549074 0.530208 0.550926 0.529167 0.551852 0.528646 0.552778 0.528646 0.553704 0.527604 0.555556 0.527083 0.557407 0.526563 0.559259 0.526563 0.568519 0.527083 0.570370 0.527604 0.572222 0.528646 0.575000 0.529687 0.575926 0.530729 0.576852 0.532292 0.577778 0.537500 0.577778 0.540625 0.575000 0.541667 0.573148 0.543229 0.567593 0.543229 0.561111 0.542708 0.556481 0.541667 0.553704 0.540104 0.550926 0.539062 0.550000 0.538021 0.549074 0.532292 0.549074
1 0.621875 0.063889 0.620313 0.064815 0.619271 0.065741 0.617708 0.068519 0.617188 0.070370 0.616667 0.073148 0.616667 0.078704 0.617708 0.083333 0.619271 0.086111 0.620313 0.087037 0.621875 0.087963 0.625000 0.087963 0.627604 0.086111 0.629167 0.083333 0.630208 0.078704 0.630208 0.073148 0.629687 0.070370 0.629167 0.068519 0.627604 0.065741 0.625000 0.063889 0.621875 0.063889
1 0.804688 0.861111 0.803125 0.862037 0.802083 0.862963 0.800521 0.865741 0.800000 0.867593 0.799479 0.870370 0.799479 0.875926 0.800521 0.880556 0.802083 0.883333 0.803125 0.884259 0.804688 0.885185 0.807813 0.885185 0.810417 0.883333 0.811979 0.880556 0.813021 0.875926 0.813021 0.870370 0.812500 0.867593 0.811979 0.865741 0.810417 0.862963 0.807813 0.861111 0.804688 0.861111
1 0.246354 0.506481 0.244792 0.507407 0.243750 0.508333 0.242188 0.511111 0.241667 0.512963 0.241146 0.515741 0.241146 0.521296 0.242188 0.525926 0.243750 0.528704 0.244792 0.529630 0.246354 0.530556 0.249479 0.530556 0.252083 0.528704 0.253646 0.525926 0.254688 0.521296 0.254688 0.515741 0.254167 0.512963 0.253646 0.511111 0.252083 0.508333 0.249479 0.506481 0.246354 0.506481
1 0.232292 0.665741 0.230729 0.666667 0.229687 0.667593 0.228125 0.670370 0.227604 0.672222 0.227083 0.675000 0.227083 0.680556 0.228125 0.685185 0.229687 0.687963 0.230729 0.688889 0.232292 0.689815 0.235417 0.689815 0.238021 0.687963 0.239583 0.685185 0.240625 0.680556 0.240625 0.675000 0.240104 0.672222 0.239583 0.670370 0.238021 0.667593 0.235417 0.665741 0.232292 0.665741
1 0.294792 0.612963 0.293229 0.613889 0.292187 0.614815 0.290625 0.617593 0.290104 0.619444 0.289583 0.622222 0.289583 0.627778 0.290625 0.632407 0.292187 0.635185 0.293229 0.636111 0.294792 0.637037 0.297917 0.637037 0.300521 0.635185 0.302083 0.632407 0.303125 0.627778 0.303125 0.622222 0.302604 0.619444 0.302083 0.617593 0.300521 0.614815 0.297917 0.612963 0.294792 0.612963
1 0.497917 0.888889 0.496354 0.889815 0.495312 0.890741 0.493750 0.893519 0.493229 0.895370 0.492708 0.898148 0.492708 0.903704 0.493750 0.908333 0.495312 0.911111 0.496354 0.912037 0.497917 0.912963 0.501042 0.912963 0.503646 0.911111 0.505208 0.908333 0.506250 0.903704 0.506250 0.898148 0.505729 0.895370 0.505208 0.893519 0.503646 0.890741 0.501042 0.888889 0.497917 0.888889
1 0.338021 0.215741 0.336458 0.216667 0.335417 0.217593 0.333854 0.220370 0.333333 0.222222 0.332813 0.225000 0.332813 0.230556 0.333854 0.235185 0.335417 0.237963 0.336458 0.238889 0.338021 0.239815 0.341146 0.239815 0.343750 0.237963 0.345313 0.235185 0.346354 0.230556 0.346354 0.225000 0.345833 0.222222 0.345313 0.220370 0.343750 0.217593 0.341146 0.215741 0.338021 0.215741
1 0.518750 0.770370 0.517188 0.771296 0.516146 0.772222 0.514583 0.775000 0.514062 0.776852 0.513542 0.779630 0.513542 0.785185 0.514583 0.789815 0.516146 0.792593 0.517188 0.793519 0.518750 0.794444 0.521875 0.794444 0.524479 0.792593 0.526042 0.789815 0.527083 0.785185 0.527083 0.779630 0.526563 0.776852 0.526042 0.775000 0.524479 0.772222 0.521875 0.770370 0.518750 0.770370
8 0.490729 0.541019 0.491969 0.479130 0.457448 0.476963 0.458057 0.455778 0.491969 0.456861 0.493188 0.397120 0.506021 0.397120 0.505411 0.459037 0.537917 0.461204 0.537812 0.483241 0.503880 0.480759 0.503594 0.539444
8 0.490729 0.541019 0.491969 0.479130 0.457448 0.476963 0.458057 0.455778 0.491969 0.456861 0.493188 0.397120 0.506021 0.397120 0.505411 0.459037 0.537917 0.461204 0.537812 0.483241 0.503880 0.480759 0.503594 0.539444
1 0.562500 0.719444 0.560937 0.720370 0.559896 0.721296 0.558333 0.724074 0.557813 0.725926 0.557292 0.728704 0.557292 0.734259 0.558333 0.738889 0.559896 0.741667 0.560937 0.742593 0.562500 0.743519 0.565625 0.743519 0.568229 0.741667 0.569792 0.738889 0.570833 0.734259 0.570833 0.728704 0.570312 0.725926 0.569792 0.724074 0.568229 0.721296 0.565625 0.719444 0.562500 0.719444
1 0.480208 0.500926 0.478646 0.501852 0.477604 0.502778 0.476042 0.505556 0.475521 0.507407 0.475000 0.510185 0.475000 0.515741 0.476042 0.520370 0.477604 0.523148 0.478646 0.524074 0.480208 0.525000 0.483333 0.525000 0.485938 0.523148 0.487500 0.520370 0.488542 0.515741 0.488542 0.510185 0.488021 0.507407 0.487500 0.505556 0.485938 0.502778 0.483333 0.500926 0.480208 0.500926
1 0.199479 0.455556 0.197917 0.456481 0.196875 0.457407 0.195312 0.460185 0.194792 0.462037 0.194271 0.464815 0.194271 0.470370 0.195312 0.475000 0.196875 0.477778 0.197917 0.478704 0.199479 0.479630 0.202604 0.479630 0.205208 0.477778 0.206771 0.475000 0.207813 0.470370 0.207813 0.464815 0.207292 0.462037 0.206771 0.460185 0.205208 0.457407 0.202604 0.455556 0.199479 0.455556
