1 0.247917 0.148148 0.246354 0.149074 0.245312 0.150000 0.243750 0.152778 0.243229 0.154630 0.242708 0.157407 0.242708 0.162963 0.243750 0.167593 0.245312 0.170370 0.246354 0.171296 0.247917 0.172222 0.251042 0.172222 0.253646 0.170370 0.255208 0.167593 0.256250 0.162963 0.256250 0.157407 0.255729 0.154630 0.255208 0.152778 0.253646 0.150000 0.251042 0.148148 0.247917 0.148148
1 0.390104 0.189815 0.388542 0.190741 0.387500 0.191667 0.385937 0.194444 0.385417 0.196296 0.384896 0.199074 0.384896 0.204630 0.385937 0.209259 0.387500 0.212037 0.388542 0.212963 0.390104 0.213889 0.393229 0.213889 0.395833 0.212037 0.397396 0.209259 0.398438 0.204630 0.398438 0.199074 0.397917 0.196296 0.397396 0.194444 0.395833 0.191667 0.393229 0.189815 0.390104 0.189815
1 0.444271 0.287037 0.442708 0.287963 0.441667 0.288889 0.440104 0.291667 0.439583 0.293519 0.439063 0.296296 0.439063 0.301852 0.440104 0.306481 0.441667 0.309259 0.442708 0.310185 0.444271 0.311111 0.447396 0.311111 0.450000 0.309259 0.451562 0.306481 0.452604 0.301852 0.452604 0.296296 0.452083 0.293519 0.451562 0.291667 0.450000 0.288889 0.447396 0.287037 0.444271 0.287037
8 0.490729 0.541019 0.491969 0.479130 0.457448 0.476963 0.458057 0.455778 0.491969 0.456861 0.493188 0.397120 0.506021 0.397120 0.505411 0.459037 0.537917 0.461204 0.537812 0.483241 0.503880 0.480759 0.503594 0.539444
8 0.490729 0.541019 0.491969 0.479130 0.457448 0.476963 0.458057 0.455778 0.491969 0.456861 0.493188 0.397120 0.506021 0.397120 0.505411 0.459037 0.537917 0.461204 0.537812 0.483241 0.503880 0.480759 0.503594 0.539444
1 0.794271 0.523148 0.792708 0.524074 0.791667 0.525000 0.790104 0.527778 0.789583 0.529630 0.789062 0.532407 0.789062 0.537963 0.790104 0.542593 0.791667 0.545370 0.792708 0.546296 0.794271 0.547222 0.797396 0.547222 0.800000 0.545370 0.801562 0.542593 0.802604 0.537963 0.802604 0.532407 0.802083 0.529630 0.801562 0.527778 0.800000 0.525000 0.797396 0.523148 0.794271 0.523148
0 0.162500 0.864815 0.160938 0.865741 0.158333 0.867593 0.157292 0.868519 0.156771 0.869444 0.156771 0.870370 0.155729 0.873148 0.153125 0.877778 0.152604 0.879630 0.152604 0.887963 0.153125 0.889815 0.154688 0.892593 0.155208 0.895370 0.157292 0.899074 0.158854 0.900000 0.163021 0.900000 0.164583 0.899074 0.167708 0.896296 0.169271 0.893519 0.170313 0.890741 0.171354 0.887963 0.171875 0.884259 0.171875 0.876852 0.171354 0.874074 0.170313 0.870370 0.169271 0.868519 0.165625 0.865741 0.162500 0.864815
0 0.544271 0.559259 0.541146 0.562037 0.539583 0.564815 0.539062 0.566667 0.539062 0.577778 0.539583 0.580556 0.540625 0.584259 0.542708 0.585185 0.543750 0.587037 0.544792 0.587963 0.548438 0.588889 0.550521 0.587963 0.551562 0.587037 0.552604 0.586111 0.556250 0.579630 0.556771 0.576852 0.557292 0.573148 0.557292 0.569444 0.556771 0.567593 0.556250 0.565741 0.554688 0.562963 0.552604 0.560185 0.551562 0.559259 0.544271 0.559259
1 0.313021 0.435185 0.311458 0.436111 0.310417 0.437037 0.308854 0.439815 0.308333 0.441667 0.307812 0.444444 0.307812 0.450000 0.308854 0.454630 0.310417 0.457407 0.311458 0.458333 0.313021 0.459259 0.316146 0.459259 0.318750 0.457407 0.320312 0.454630 0.321354 0.450000 0.321354 0.444444 0.320833 0.441667 0.320312 0.439815 0.318750 0.437037 0.316146 0.435185 0.313021 0.435185
1 0.297917 0.485185 0.296354 0.486111 0.295312 0.487037 0.293750 0.489815 0.293229 0.491667 0.292708 0.494444 0.292708 0.500000 0.293750 0.504630 0.295312 0.507407 0.296354 0.508333 0.297917 0.509259 0.301042 0.509259 0.303646 0.507407 0.305208 0.504630 0.306250 0.500000 0.306250 0.494444 0.305729 0.491667 0.305208 0.489815 0.303646 0.487037 0.301042 0.485185 0.297917 0.485185
1 0.417708 0.614815 0.416146 0.615741 0.415104 0.616667 0.413542 0.619444 0.413021 0.621296 0.412500 0.624074 0.412500 0.629630 0.413542 0.634259 0.415104 0.637037 0.416146 0.637963 0.417708 0.638889 0.420833 0.638889 0.423438 0.637037 0.425000 0.634259 0.426042 0.629630 0.426042 0.624074 0.425521 0.621296 0.425000 0.619444 0.423438 0.616667 0.420833 0.614815 0.417708 0.614815
1 0.470313 0.498148 0.468750 0.499074 0.467708 0.500000 0.466146 0.502778 0.465625 0.504630 0.465104 0.507407 0.465104 0.512963 0.466146 0.517593 0.467708 0.520370 0.468750 0.521296 0.470313 0.522222 0.473438 0.522222 0.476042 0.520370 0.477604 0.517593 0.478646 0.512963 0.478646 0.507407 0.478125 0.504630 0.477604 0.502778 0.476042 0.500000 0.473438 0.498148 0.470313 0.498148
1 0.214062 0.790741 0.212500 0.791667 0.211458 0.792593 0.209896 0.795370 0.209375 0.797222 0.208854 0.800000 0.208854 0.805556 0.209896 0.810185 0.211458 0.812963 0.212500 0.813889 0.214062 0.814815 0.217188 0.814815 0.219792 0.812963 0.221354 0.810185 0.222396 0.805556 0.222396 0.800000 0.221875 0.797222 0.221354 0.795370 0.219792 0.792593 0.217188 0.790741 0.214062 0.790741
1 0.743229 0.528704 0.741667 0.529630 0.740625 0.530556 0.739062 0.533333 0.738542 0.535185 0.738021 0.537963 0.738021 0.543519 0.739062 0.548148 0.740625 0.550926 0.741667 0.551852 0.743229 0.552778 0.746354 0.552778 0.748958 0.550926 0.750521 0.548148 0.751563 0.543519 0.751563 0.537963 0.751042 0.535185 0.750521 0.533333 0.748958 0.530556 0.746354 0.528704 0.743229 0.528704
1 0.760417 0.325000 0.758854 0.325926 0.757812 0.326852 0.756250 0.329630 0.755729 0.331481 0.755208 0.334259 0.755208 0.339815 0.756250 0.344444 0.757812 0.347222 0.758854 0.348148 0.760417 0.349074 0.763542 0.349074 0.766146 0.347222 0.767708 0.344444 0.768750 0.339815 0.768750 0.334259 0.768229 0.331481 0.767708 0.329630 0.766146 0.326852 0.763542 0.325000 0.760417 0.325000
