0 0.192188 0.202778 0.190625 0.203704 0.189583 0.204630 0.188021 0.207407 0.187500 0.209259 0.186979 0.211111 0.186979 0.213889 0.186458 0.214815 0.186458 0.216667 0.186979 0.217593 0.186979 0.220370 0.187500 0.223148 0.188021 0.225000 0.190625 0.229630 0.192188 0.231481 0.193750 0.232407 0.198437 0.232407 0.200000 0.231481 0.201042 0.230556 0.203646 0.225926 0.204167 0.224074 0.204687 0.222222 0.204687 0.213889 0.204167 0.212037 0.203646 0.210185 0.201042 0.205556 0.200000 0.204630 0.198958 0.203704 0.196875 0.202778 0.192188 0.202778
8 0.490729 0.541019 0.491969 0.479130 0.457448 0.476963 0.458057 0.455778 0.491969 0.456861 0.493188 0.397120 0.506021 0.397120 0.505411 0.459037 0.537917 0.461204 0.537812 0.483241 0.503880 0.480759 0.503594 0.539444
1 0.172396 0.130556 0.170833 0.131481 0.169271 0.133333 0.166667 0.137963 0.166146 0.140741 0.166146 0.146296 0.166667 0.149074 0.169271 0.153704 0.170833 0.155556 0.172396 0.156481 0.176563 0.156481 0.178125 0.155556 0.179167 0.154630 0.182292 0.149074 0.182812 0.146296 0.182812 0.140741 0.182292 0.137963 0.179167 0.132407 0.178125 0.131481 0.176563 0.130556 0.172396 0.130556
1 0.189583 0.092593 0.188021 0.093519 0.186979 0.094444 0.183854 0.100000 0.183333 0.102778 0.183333 0.106481 0.183854 0.109259 0.184375 0.111111 0.186979 0.114815 0.188021 0.115741 0.189583 0.116667 0.193750 0.116667 0.195312 0.115741 0.196354 0.114815 0.198958 0.111111 0.199479 0.109259 0.200000 0.106481 0.200000 0.102778 0.199479 0.100000 0.196354 0.094444 0.195312 0.093519 0.193750 0.092593 0.189583 0.092593
1 0.245833 0.088889 0.244271 0.089815 0.243229 0.090741 0.240104 0.096296 0.239583 0.099074 0.239583 0.102778 0.240104 0.105556 0.240625 0.107407 0.243229 0.111111 0.244271 0.112037 0.245833 0.112963 0.250000 0.112963 0.251563 0.112037 0.252604 0.111111 0.255208 0.107407 0.255729 0.105556 0.256250 0.102778 0.256250 0.099074 0.255729 0.096296 0.252604 0.090741 0.251563 0.089815 0.250000 0.088889 0.245833 0.088889
1 0.273958 0.650926 0.272396 0.651852 0.271354 0.653704 0.270313 0.653704 0.268229 0.657407 0.267708 0.659259 0.267188 0.661111 0.267188 0.666667 0.267708 0.668519 0.268229 0.670370 0.270313 0.674074 0.271354 0.674074 0.272396 0.675926 0.273958 0.676852 0.279167 0.676852 0.280729 0.675926 0.281771 0.675000 0.282813 0.674074 0.284896 0.670370 0.285417 0.668519 0.285938 0.666667 0.285938 0.661111 0.285417 0.659259 0.284896 0.657407 0.282813 0.653704 0.281771 0.652778 0.280729 0.651852 0.279167 0.650926 0.273958 0.650926
1 0.481771 0.483333 0.479167 0.485185 0.477083 0.488889 0.476562 0.490741 0.476042 0.493519 0.476042 0.497222 0.476562 0.500000 0.477083 0.501852 0.479167 0.505556 0.481771 0.507407 0.484896 0.507407 0.487500 0.505556 0.489583 0.501852 0.490104 0.500000 0.490625 0.497222 0.490625 0.493519 0.490104 0.490741 0.489583 0.488889 0.487500 0.485185 0.484896 0.483333 0.481771 0.483333
1 0.512500 0.484259 0.510938 0.485185 0.509896 0.486111 0.507812 0.489815 0.506771 0.494444 0.506771 0.500000 0.507812 0.504630 0.509896 0.508333 0.510938 0.509259 0.512500 0.510185 0.514583 0.510185 0.516146 0.509259 0.517188 0.508333 0.519271 0.504630 0.520312 0.500000 0.520312 0.494444 0.519271 0.489815 0.517188 0.486111 0.516146 0.485185 0.514583 0.484259 0.512500 0.484259
1 0.520312 0.524074 0.518229 0.525000 0.516146 0.527778 0.514583 0.530556 0.514062 0.532407 0.513542 0.535185 0.513542 0.541667 0.514062 0.543519 0.514583 0.545370 0.516146 0.548148 0.518229 0.550926 0.520312 0.551852 0.523958 0.551852 0.525521 0.550926 0.527083 0.549074 0.529167 0.545370 0.529687 0.543519 0.530208 0.541667 0.530208 0.535185 0.529687 0.532407 0.529167 0.530556 0.527083 0.526852 0.525521 0.525000 0.523958 0.524074 0.520312 0.524074
1 0.551042 0.479630 0.549479 0.480556 0.548438 0.481481 0.546875 0.484259 0.545312 0.487963 0.544792 0.491667 0.544792 0.498148 0.545312 0.500926 0.546354 0.503704 0.548438 0.507407 0.549479 0.508333 0.551042 0.509259 0.554688 0.509259 0.555729 0.508333 0.556771 0.507407 0.558854 0.503704 0.559896 0.500926 0.560417 0.498148 0.560417 0.491667 0.559896 0.487963 0.558333 0.484259 0.556771 0.481481 0.555729 0.480556 0.554688 0.479630 0.551042 0.479630
1 0.531771 0.177778 0.529687 0.179630 0.528646 0.180556 0.528125 0.181481 0.526563 0.185185 0.526042 0.187963 0.526042 0.193519 0.526563 0.196296 0.528125 0.200000 0.528646 0.200926 0.529687 0.201852 0.531771 0.203704 0.535937 0.203704 0.538542 0.201852 0.539583 0.200000 0.539583 0.199074 0.541146 0.196296 0.541667 0.193519 0.541667 0.187963 0.541146 0.185185 0.539583 0.182407 0.539583 0.181481 0.538542 0.179630 0.535937 0.177778 0.531771 0.177778
1 0.621875 0.251852 0.619792 0.252778 0.618750 0.253704 0.615625 0.259259 0.615104 0.261111 0.614583 0.263889 0.614583 0.270370 0.615104 0.272222 0.615625 0.274074 0.618750 0.279630 0.619792 0.280556 0.621875 0.281481 0.625521 0.281481 0.627083 0.280556 0.628125 0.279630 0.631250 0.274074 0.631771 0.272222 0.632292 0.270370 0.632292 0.263889 0.631771 0.261111 0.631250 0.259259 0.628125 0.253704 0.627083 0.252778 0.625521 0.251852 0.621875 0.251852
1 0.705208 0.094444 0.703125 0.095370 0.701042 0.098148 0.699479 0.100926 0.698958 0.102778 0.698438 0.105556 0.698438 0.112037 0.698958 0.113889 0.699479 0.115741 0.701042 0.118519 0.703125 0.121296 0.705208 0.122222 0.708854 0.122222 0.710417 0.121296 0.711979 0.119444 0.714063 0.115741 0.714583 0.113889 0.715104 0.112037 0.715104 0.105556 0.714583 0.102778 0.714063 0.100926 0.711979 0.097222 0.710417 0.095370 0.708854 0.094444 0.705208 0.094444
1 0.818229 0.544444 0.816667 0.545370 0.814583 0.548148 0.814063 0.549074 0.813542 0.550926 0.812500 0.554630 0.812500 0.562037 0.813542 0.566667 0.814583 0.568519 0.815104 0.568519 0.816667 0.571296 0.818229 0.572222 0.821354 0.572222 0.822917 0.571296 0.824479 0.568519 0.825000 0.568519 0.826042 0.566667 0.827083 0.562037 0.827083 0.554630 0.826042 0.550926 0.825521 0.549074 0.825000 0.548148 0.822917 0.545370 0.821354 0.544444 0.818229 0.544444
