1 0.192188 0.262963 0.190625 0.263889 0.189583 0.264815 0.188021 0.267593 0.187500 0.269444 0.186979 0.272222 0.186979 0.277778 0.188021 0.282407 0.189583 0.285185 0.190625 0.286111 0.192188 0.287037 0.195312 0.287037 0.197917 0.285185 0.199479 0.282407 0.200521 0.277778 0.200521 0.272222 0.200000 0.269444 0.199479 0.267593 0.197917 0.264815 0.195312 0.262963 0.192188 0.262963
8 0.490729 0.541019 0.491969 0.479130 0.457448 0.476963 0.458057 0.455778 0.491969 0.456861 0.493188 0.397120 0.506021 0.397120 0.505411 0.459037 0.537917 0.461204 0.537812 0.483241 0.503880 0.480759 0.503594 0.539444
8 0.490729 0.541019 0.491969 0.479130 0.457448 0.476963 0.458057 0.455778 0.491969 0.456861 0.493188 0.397120 0.506021 0.397120 0.505411 0.459037 0.537917 0.461204 0.537812 0.483241 0.503880 0.480759 0.503594 0.539444
0 0.540104 0.556481 0.535937 0.557407 0.533333 0.559259 0.531771 0.562037 0.530729 0.564815 0.530208 0.569444 0.530208 0.573148 0.530729 0.576852 0.532292 0.582407 0.533333 0.584259 0.534896 0.586111 0.535937 0.587037 0.537500 0.587963 0.541146 0.587037 0.543229 0.586111 0.544271 0.585185 0.545833 0.582407 0.546354 0.580556 0.546875 0.577778 0.546875 0.566667 0.546354 0.563889 0.545312 0.561111 0.544271 0.559259 0.543229 0.558333 0.542188 0.557407 0.540104 0.556481
0 0.774479 0.531481 0.772917 0.532407 0.771354 0.533333 0.770312 0.534259 0.768750 0.537037 0.768229 0.538889 0.767708 0.540741 0.767708 0.551852 0.770833 0.557407 0.773958 0.560185 0.780208 0.560185 0.781250 0.559259 0.782813 0.557407 0.784375 0.555556 0.785417 0.552778 0.785937 0.550926 0.786458 0.549074 0.786458 0.541667 0.784896 0.538889 0.784375 0.536111 0.783333 0.534259 0.782292 0.533333 0.780729 0.532407 0.778125 0.531481 0.774479 0.531481
1 0.588542 0.736111 0.586979 0.737037 0.585938 0.737963 0.584375 0.740741 0.583854 0.742593 0.583333 0.745370 0.583333 0.750926 0.584375 0.755556 0.585938 0.758333 0.586979 0.759259 0.588542 0.760185 0.591667 0.760185 0.594271 0.758333 0.595833 0.755556 0.596875 0.750926 0.596875 0.745370 0.596354 0.742593 0.595833 0.740741 0.594271 0.737963 0.591667 0.736111 0.588542 0.736111
1 0.717187 0.806481 0.715625 0.807407 0.714583 0.808333 0.713021 0.811111 0.712500 0.812963 0.711979 0.815741 0.711979 0.821296 0.713021 0.825926 0.714583 0.828704 0.715625 0.829630 0.717187 0.830556 0.720313 0.830556 0.722917 0.828704 0.724479 0.825926 0.725521 0.821296 0.725521 0.815741 0.725000 0.812963 0.724479 0.811111 0.722917 0.808333 0.720313 0.806481 0.717187 0.806481
1 0.817708 0.625926 0.816146 0.626852 0.815104 0.627778 0.813542 0.630556 0.813021 0.632407 0.812500 0.635185 0.812500 0.640741 0.813542 0.645370 0.815104 0.648148 0.816146 0.649074 0.817708 0.650000 0.820833 0.650000 0.823438 0.648148 0.825000 0.645370 0.826042 0.640741 0.826042 0.635185 0.825521 0.632407 0.825000 0.630556 0.823438 0.627778 0.820833 0.625926 0.817708 0.625926
1 0.408333 0.883333 0.406771 0.884259 0.405729 0.885185 0.404167 0.887963 0.403646 0.889815 0.403125 0.892593 0.403125 0.898148 0.404167 0.902778 0.405729 0.905556 0.406771 0.906481 0.408333 0.907407 0.411458 0.907407 0.414062 0.905556 0.415625 0.902778 0.416667 0.898148 0.416667 0.892593 0.416146 0.889815 0.415625 0.887963 0.414062 0.885185 0.411458 0.883333 0.408333 0.883333
1 0.456250 0.648148 0.454688 0.649074 0.453646 0.650000 0.452083 0.652778 0.451562 0.654630 0.451042 0.657407 0.451042 0.662963 0.452083 0.667593 0.453646 0.670370 0.454688 0.671296 0.456250 0.672222 0.459375 0.672222 0.461979 0.670370 0.463542 0.667593 0.464583 0.662963 0.464583 0.657407 0.464062 0.654630 0.463542 0.652778 0.461979 0.650000 0.459375 0.648148 0.456250 0.648148
1 0.542188 0.590741 0.540625 0.591667 0.539583 0.592593 0.538021 0.595370 0.537500 0.597222 0.536979 0.600000 0.536979 0.605556 0.538021 0.610185 0.539583 0.612963 0.540625 0.613889 0.542188 0.614815 0.545312 0.614815 0.547917 0.612963 0.549479 0.610185 0.550521 0.605556 0.550521 0.600000 0.550000 0.597222 0.549479 0.595370 0.547917 0.592593 0.545312 0.590741 0.542188 0.590741
1 0.476562 0.480556 0.475000 0.481481 0.473958 0.482407 0.472396 0.485185 0.471875 0.487037 0.471354 0.489815 0.471354 0.495370 0.472396 0.500000 0.473958 0.502778 0.475000 0.503704 0.476562 0.504630 0.479687 0.504630 0.482292 0.502778 0.483854 0.500000 0.484896 0.495370 0.484896 0.489815 0.484375 0.487037 0.483854 0.485185 0.482292 0.482407 0.479687 0.480556 0.476562 0.480556
1 0.731250 0.352778 0.729688 0.353704 0.728646 0.354630 0.727083 0.357407 0.726562 0.359259 0.726042 0.362037 0.726042 0.367593 0.727083 0.372222 0.728646 0.375000 0.729688 0.375926 0.731250 0.376852 0.734375 0.376852 0.736979 0.375000 0.738542 0.372222 0.739583 0.367593 0.739583 0.362037 0.739062 0.359259 0.738542 0.357407 0.736979 0.354630 0.734375 0.352778 0.731250 0.352778
1 0.461979 0.281481 0.460417 0.282407 0.459375 0.283333 0.457813 0.286111 0.457292 0.287963 0.456771 0.290741 0.456771 0.296296 0.457813 0.300926 0.459375 0.303704 0.460417 0.304630 0.461979 0.305556 0.465104 0.305556 0.467708 0.303704 0.469271 0.300926 0.470313 0.296296 0.470313 0.290741 0.469792 0.287963 0.469271 0.286111 0.467708 0.283333 0.465104 0.281481 0.461979 0.281481
1 0.474479 0.189815 0.472917 0.190741 0.471875 0.191667 0.470313 0.194444 0.469792 0.196296 0.469271 0.199074 0.469271 0.204630 0.470313 0.209259 0.471875 0.212037 0.472917 0.212963 0.474479 0.213889 0.477604 0.213889 0.480208 0.212037 0.481771 0.209259 0.482812 0.204630 0.482812 0.199074 0.482292 0.196296 0.481771 0.194444 0.480208 0.191667 0.477604 0.189815 0.474479 0.189815
1 0.504687 0.104630 0.503125 0.105556 0.502083 0.106481 0.500521 0.109259 0.500000 0.111111 0.499479 0.113889 0.499479 0.119444 0.500521 0.124074 0.502083 0.126852 0.503125 0.127778 0.504687 0.128704 0.507812 0.128704 0.510417 0.126852 0.511979 0.124074 0.513021 0.119444 0.513021 0.113889 0.512500 0.111111 0.511979 0.109259 0.510417 0.106481 0.507812 0.104630 0.504687 0.104630
