1 0.296875 0.546296 0.295312 0.547222 0.294271 0.548148 0.292708 0.550926 0.292187 0.552778 0.291667 0.555556 0.291667 0.561111 0.292708 0.565741 0.294271 0.568519 0.295312 0.569444 0.296875 0.570370 0.300000 0.570370 0.302604 0.568519 0.304167 0.565741 0.305208 0.561111 0.305208 0.555556 0.304688 0.552778 0.304167 0.550926 0.302604 0.548148 0.300000 0.546296 0.296875 0.546296
0 0.547917 0.558333 0.544792 0.560185 0.542708 0.562037 0.541146 0.562963 0.540104 0.564815 0.539583 0.567593 0.539583 0.578704 0.540104 0.581481 0.540625 0.583333 0.541146 0.584259 0.543750 0.587037 0.545312 0.587963 0.550000 0.587963 0.551562 0.587037 0.553646 0.584259 0.554167 0.583333 0.555729 0.579630 0.555729 0.569444 0.555208 0.566667 0.554688 0.564815 0.552604 0.561111 0.551562 0.560185 0.550521 0.559259 0.548958 0.558333 0.547917 0.558333
0 0.676562 0.115741 0.673958 0.116667 0.671354 0.118519 0.670312 0.119444 0.669271 0.120370 0.668750 0.121296 0.668229 0.123148 0.668229 0.126852 0.667188 0.129630 0.667188 0.131481 0.667188 0.137963 0.667708 0.139815 0.669271 0.142593 0.669271 0.143519 0.670312 0.145370 0.672917 0.148148 0.674479 0.149074 0.677083 0.150000 0.678125 0.149074 0.679167 0.148148 0.681771 0.146296 0.683333 0.143519 0.684896 0.138889 0.685417 0.134259 0.685417 0.128704 0.684896 0.124074 0.684375 0.122222 0.683854 0.120370 0.681771 0.116667 0.680729 0.115741 0.676562 0.115741
0 0.680729 0.104630 0.680729 0.107407 0.681771 0.107407 0.680729 0.104630
1 0.377083 0.761111 0.375521 0.762037 0.374479 0.762963 0.372917 0.765741 0.372396 0.767593 0.371875 0.770370 0.371875 0.775926 0.372917 0.780556 0.374479 0.783333 0.375521 0.784259 0.377083 0.785185 0.380208 0.785185 0.382812 0.783333 0.384375 0.780556 0.385417 0.775926 0.385417 0.770370 0.384896 0.767593 0.384375 0.765741 0.382812 0.762963 0.380208 0.761111 0.377083 0.761111
1 0.170833 0.215741 0.169271 0.216667 0.168229 0.217593 0.166667 0.220370 0.166146 0.222222 0.165625 0.225000 0.165625 0.230556 0.166667 0.235185 0.168229 0.237963 0.169271 0.238889 0.170833 0.239815 0.173958 0.239815 0.176563 0.237963 0.178125 0.235185 0.179167 0.230556 0.179167 0.225000 0.178646 0.222222 0.178125 0.220370 0.176563 0.217593 0.173958 0.215741 0.170833 0.215741
1 0.453646 0.702778 0.452083 0.703704 0.451042 0.704630 0.449479 0.707407 0.448958 0.709259 0.448437 0.712037 0.448437 0.717593 0.449479 0.722222 0.451042 0.725000 0.452083 0.725926 0.453646 0.726852 0.456771 0.726852 0.459375 0.725000 0.460938 0.722222 0.461979 0.717593 0.461979 0.712037 0.461458 0.709259 0.460938 0.707407 0.459375 0.704630 0.456771 0.702778 0.453646 0.702778
1 0.456250 0.515741 0.454688 0.516667 0.453646 0.517593 0.452083 0.520370 0.451562 0.522222 0.451042 0.525000 0.451042 0.530556 0.452083 0.535185 0.453646 0.537963 0.454688 0.538889 0.456250 0.539815 0.459375 0.539815 0.461979 0.537963 0.463542 0.535185 0.464583 0.530556 0.464583 0.525000 0.464062 0.522222 0.463542 0.520370 0.461979 0.517593 0.459375 0.515741 0.456250 0.515741
1 0.470313 0.492593 0.468750 0.493519 0.467708 0.494444 0.466146 0.497222 0.465625 0.499074 0.465104 0.501852 0.465104 0.507407 0.466146 0.512037 0.467708 0.514815 0.468750 0.515741 0.470313 0.516667 0.473438 0.516667 0.476042 0.514815 0.477604 0.512037 0.478646 0.507407 0.478646 0.501852 0.478125 0.499074 0.477604 0.497222 0.476042 0.494444 0.473438 0.492593 0.470313 0.492593
1 0.818750 0.627778 0.817187 0.628704 0.816146 0.629630 0.814583 0.632407 0.814063 0.634259 0.813542 0.637037 0.813542 0.642593 0.814583 0.647222 0.816146 0.650000 0.817187 0.650926 0.818750 0.651852 0.821875 0.651852 0.824479 0.650000 0.826042 0.647222 0.827083 0.642593 0.827083 0.637037 0.826562 0.634259 0.826042 0.632407 0.824479 0.629630 0.821875 0.627778 0.818750 0.627778
1 0.675521 0.085185 0.673958 0.086111 0.672917 0.087037 0.671354 0.089815 0.670833 0.091667 0.670312 0.094444 0.670312 0.100000 0.671354 0.104630 0.672917 0.107407 0.673958 0.108333 0.675521 0.109259 0.678646 0.109259 0.681250 0.107407 0.682813 0.104630 0.683854 0.100000 0.683854 0.094444 0.683333 0.091667 0.682813 0.089815 0.681250 0.087037 0.678646 0.085185 0.675521 0.085185
1 0.452083 0.250926 0.450521 0.251852 0.449479 0.252778 0.447917 0.255556 0.447396 0.257407 0.446875 0.260185 0.446875 0.265741 0.447917 0.270370 0.449479 0.273148 0.450521 0.274074 0.452083 0.275000 0.455208 0.275000 0.457813 0.273148 0.459375 0.270370 0.460417 0.265741 0.460417 0.260185 0.459896 0.257407 0.459375 0.255556 0.457813 0.252778 0.455208 0.250926 0.452083 0.250926
1 0.423438 0.085185 0.421875 0.086111 0.420833 0.087037 0.419271 0.089815 0.418750 0.091667 0.418229 0.094444 0.418229 0.100000 0.419271 0.104630 0.420833 0.107407 0.421875 0.108333 0.423438 0.109259 0.426563 0.109259 0.429167 0.107407 0.430729 0.104630 0.431771 0.100000 0.431771 0.094444 0.431250 0.091667 0.430729 0.089815 0.429167 0.087037 0.426563 0.085185 0.423438 0.085185
1 0.176042 0.166667 0.174479 0.167593 0.173437 0.168519 0.171875 0.171296 0.171354 0.173148 0.170833 0.175926 0.170833 0.181481 0.171875 0.186111 0.173437 0.188889 0.174479 0.189815 0.176042 0.190741 0.179167 0.190741 0.181771 0.188889 0.183333 0.186111 0.184375 0.181481 0.184375 0.175926 0.183854 0.173148 0.183333 0.171296 0.181771 0.168519 0.179167 0.166667 0.176042 0.166667
8 0.490729 0.541019 0.491969 0.479130 0.457448 0.476963 0.458057 0.455778 0.491969 0.456861 0.493188 0.397120 0.506021 0.397120 0.505411 0.459037 0.537917 0.461204 0.537812 0.483241 0.503880 0.480759 0.503594 0.539444
8 0.490729 0.541019 0.491969 0.479130 0.457448 0.476963 0.458057 0.455778 0.491969 0.456861 0.493188 0.397120 0.506021 0.397120 0.505411 0.459037 0.537917 0.461204 0.537812 0.483241 0.503880 0.480759 0.503594 0.539444
1 0.247917 0.719444 0.246354 0.720370 0.245312 0.721296 0.243750 0.724074 0.243229 0.725926 0.242708 0.728704 0.242708 0.734259 0.243750 0.738889 0.245312 0.741667 0.246354 0.742593 0.247917 0.743519 0.251042 0.743519 0.253646 0.741667 0.255208 0.738889 0.256250 0.734259 0.256250 0.728704 0.255729 0.725926 0.255208 0.724074 0.253646 0.721296 0.251042 0.719444 0.247917 0.719444
