1 0.486979 0.871296 0.485417 0.872222 0.484375 0.873148 0.482812 0.875926 0.482292 0.877778 0.481771 0.880556 0.481771 0.886111 0.482812 0.890741 0.484375 0.893519 0.485417 0.894444 0.486979 0.895370 0.490104 0.895370 0.492708 0.893519 0.494271 0.890741 0.495312 0.886111 0.495312 0.880556 0.494792 0.877778 0.494271 0.875926 0.492708 0.873148 0.490104 0.871296 0.486979 0.871296
1 0.533333 0.821296 0.531771 0.822222 0.530729 0.823148 0.529167 0.825926 0.528646 0.827778 0.528125 0.830556 0.528125 0.836111 0.529167 0.840741 0.530729 0.843519 0.531771 0.844444 0.533333 0.845370 0.536458 0.845370 0.539062 0.843519 0.540625 0.840741 0.541667 0.836111 0.541667 0.830556 0.541146 0.827778 0.540625 0.825926 0.539062 0.823148 0.536458 0.821296 0.533333 0.821296
1 0.465625 0.492593 0.464062 0.493519 0.463021 0.494444 0.461458 0.497222 0.460938 0.499074 0.460417 0.501852 0.460417 0.507407 0.461458 0.512037 0.463021 0.514815 0.464062 0.515741 0.465625 0.516667 0.468750 0.516667 0.471354 0.514815 0.472917 0.512037 0.473958 0.507407 0.473958 0.501852 0.473438 0.499074 0.472917 0.497222 0.471354 0.494444 0.468750 0.492593 0.465625 0.492593
1 0.723437 0.373148 0.721875 0.374074 0.720833 0.375000 0.719271 0.377778 0.718750 0.379630 0.718229 0.382407 0.718229 0.387963 0.719271 0.392593 0.720833 0.395370 0.721875 0.396296 0.723437 0.397222 0.726562 0.397222 0.729167 0.395370 0.730729 0.392593 0.731771 0.387963 0.731771 0.382407 0.731250 0.379630 0.730729 0.377778 0.729167 0.375000 0.726562 0.373148 0.723437 0.373148
1 0.744792 0.502778 0.743229 0.503704 0.742188 0.504630 0.740625 0.507407 0.740104 0.509259 0.739583 0.512037 0.739583 0.517593 0.740625 0.522222 0.742188 0.525000 0.743229 0.525926 0.744792 0.526852 0.747917 0.526852 0.750521 0.525000 0.752083 0.522222 0.753125 0.517593 0.753125 0.512037 0.752604 0.509259 0.752083 0.507407 0.750521 0.504630 0.747917 0.502778 0.744792 0.502778
1 0.676042 0.566667 0.674479 0.567593 0.673438 0.568519 0.671875 0.571296 0.671354 0.573148 0.670833 0.575926 0.670833 0.581481 0.671875 0.586111 0.673438 0.588889 0.674479 0.589815 0.676042 0.590741 0.679167 0.590741 0.681771 0.588889 0.683333 0.586111 0.684375 0.581481 0.684375 0.575926 0.683854 0.573148 0.683333 0.571296 0.681771 0.568519 0.679167 0.566667 0.676042 0.566667
0 0.533854 0.550000 0.532292 0.550926 0.529687 0.555556 0.528646 0.560185 0.528646 0.567593 0.529167 0.570370 0.529687 0.572222 0.532292 0.576852 0.533854 0.577778 0.535937 0.577778 0.537500 0.576852 0.540104 0.572222 0.540625 0.570370 0.541146 0.567593 0.541146 0.560185 0.540104 0.555556 0.537500 0.550926 0.535937 0.550000 0.533854 0.550000
0 0.390625 0.865741 0.389062 0.867593 0.388021 0.869444 0.387500 0.871296 0.386979 0.874074 0.386979 0.881481 0.387500 0.884259 0.388021 0.886111 0.389062 0.887963 0.390625 0.889815 0.392708 0.889815 0.393750 0.888889 0.395313 0.886111 0.395833 0.884259 0.396354 0.881481 0.396354 0.874074 0.395833 0.871296 0.395313 0.869444 0.393750 0.866667 0.392708 0.865741 0.390625 0.865741
8 0.490729 0.541019 0.491969 0.479130 0.457448 0.476963 0.458057 0.455778 0.491969 0.456861 0.493188 0.397120 0.506021 0.397120 0.505411 0.459037 0.537917 0.461204 0.537812 0.483241 0.503880 0.480759 0.503594 0.539444
8 0.490729 0.541019 0.491969 0.479130 0.457448 0.476963 0.458057 0.455778 0.491969 0.456861 0.493188 0.397120 0.506021 0.397120 0.505411 0.459037 0.537917 0.461204 0.537812 0.483241 0.503880 0.480759 0.503594 0.539444
1 0.622396 0.064815 0.620833 0.065741 0.619792 0.066667 0.618229 0.069444 0.617708 0.071296 0.617188 0.074074 0.617188 0.079630 0.618229 0.084259 0.619792 0.087037 0.620833 0.087963 0.622396 0.088889 0.625521 0.088889 0.628125 0.087037 0.629687 0.084259 0.630729 0.079630 0.630729 0.074074 0.630208 0.071296 0.629687 0.069444 0.628125 0.066667 0.625521 0.064815 0.622396 0.064815
1 0.289062 0.214815 0.287500 0.215741 0.286458 0.216667 0.284896 0.219444 0.284375 0.221296 0.283854 0.224074 0.283854 0.229630 0.284896 0.234259 0.286458 0.237037 0.287500 0.237963 0.289062 0.238889 0.292187 0.238889 0.294792 0.237037 0.296354 0.234259 0.297396 0.229630 0.297396 0.224074 0.296875 0.221296 0.296354 0.219444 0.294792 0.216667 0.292187 0.214815 0.289062 0.214815
1 0.195312 0.373148 0.193750 0.374074 0.192708 0.375000 0.191146 0.377778 0.190625 0.379630 0.190104 0.382407 0.190104 0.387963 0.191146 0.392593 0.192708 0.395370 0.193750 0.396296 0.195312 0.397222 0.198437 0.397222 0.201042 0.395370 0.202604 0.392593 0.203646 0.387963 0.203646 0.382407 0.203125 0.379630 0.202604 0.377778 0.201042 0.375000 0.198437 0.373148 0.195312 0.373148
1 0.272917 0.375000 0.271354 0.375926 0.270313 0.376852 0.268750 0.379630 0.268229 0.381481 0.267708 0.384259 0.267708 0.389815 0.268750 0.394444 0.270313 0.397222 0.271354 0.398148 0.272917 0.399074 0.276042 0.399074 0.278646 0.397222 0.280208 0.394444 0.281250 0.389815 0.281250 0.384259 0.280729 0.381481 0.280208 0.379630 0.278646 0.376852 0.276042 0.375000 0.272917 0.375000
1 0.281250 0.802778 0.279687 0.803704 0.278646 0.804630 0.277083 0.807407 0.276562 0.809259 0.276042 0.812037 0.276042 0.817593 0.277083 0.822222 0.278646 0.825000 0.279687 0.825926 0.281250 0.826852 0.284375 0.826852 0.286979 0.825000 0.288542 0.822222 0.289583 0.817593 0.289583 0.812037 0.289062 0.809259 0.288542 0.807407 0.286979 0.804630 0.284375 0.802778 0.281250 0.802778
1 0.801042 0.874074 0.799479 0.875000 0.798438 0.875926 0.796875 0.878704 0.796354 0.880556 0.795833 0.883333 0.795833 0.888889 0.796875 0.893519 0.798438 0.896296 0.799479 0.897222 0.801042 0.898148 0.804167 0.898148 0.806771 0.896296 0.808333 0.893519 0.809375 0.888889 0.809375 0.883333 0.808854 0.880556 0.808333 0.878704 0.806771 0.875926 0.804167 0.874074 0.801042 0.874074
