8 0.490729 0.541019 0.491969 0.479130 0.457448 0.476963 0.458057 0.455778 0.491969 0.456861 0.493188 0.397120 0.506021 0.397120 0.505411 0.459037 0.537917 0.461204 0.537812 0.483241 0.503880 0.480759 0.503594 0.539444
0 0.252083 0.819444 0.251042 0.820370 0.250000 0.821296 0.248438 0.824074 0.247917 0.825926 0.247396 0.827778 0.247396 0.833333 0.247917 0.835185 0.248438 0.837037 0.250000 0.839815 0.251042 0.840741 0.252083 0.841667 0.255208 0.841667 0.256250 0.840741 0.257292 0.839815 0.258854 0.837037 0.259375 0.835185 0.259896 0.833333 0.259896 0.827778 0.259375 0.825926 0.258854 0.824074 0.257292 0.821296 0.256250 0.820370 0.255208 0.819444 0.252083 0.819444
0 0.533854 0.551852 0.532292 0.552778 0.531250 0.553704 0.529687 0.556481 0.529167 0.558333 0.528646 0.561111 0.528646 0.566667 0.529687 0.571296 0.531250 0.574074 0.532292 0.575000 0.533854 0.575926 0.536979 0.575926 0.539583 0.574074 0.541146 0.571296 0.542188 0.566667 0.542188 0.561111 0.541667 0.558333 0.541146 0.556481 0.539583 0.553704 0.536979 0.551852 0.533854 0.551852
1 0.466146 0.502778 0.464583 0.503704 0.463542 0.504630 0.461979 0.507407 0.461458 0.509259 0.460938 0.512037 0.460938 0.517593 0.461979 0.522222 0.463542 0.525000 0.464583 0.525926 0.466146 0.526852 0.469271 0.526852 0.471875 0.525000 0.473438 0.522222 0.474479 0.517593 0.474479 0.512037 0.473958 0.509259 0.473438 0.507407 0.471875 0.504630 0.469271 0.502778 0.466146 0.502778
1 0.593229 0.476852 0.591667 0.477778 0.590625 0.478704 0.589063 0.481481 0.588542 0.483333 0.588021 0.486111 0.588021 0.491667 0.589063 0.496296 0.590625 0.499074 0.591667 0.500000 0.593229 0.500926 0.596354 0.500926 0.598958 0.499074 0.600521 0.496296 0.601562 0.491667 0.601562 0.486111 0.601042 0.483333 0.600521 0.481481 0.598958 0.478704 0.596354 0.476852 0.593229 0.476852
1 0.727604 0.549074 0.726042 0.550000 0.725000 0.550926 0.723437 0.553704 0.722917 0.555556 0.722396 0.558333 0.722396 0.563889 0.723437 0.568519 0.725000 0.571296 0.726042 0.572222 0.727604 0.573148 0.730729 0.573148 0.733333 0.571296 0.734896 0.568519 0.735938 0.563889 0.735938 0.558333 0.735417 0.555556 0.734896 0.553704 0.733333 0.550926 0.730729 0.549074 0.727604 0.549074
1 0.770312 0.629630 0.768750 0.630556 0.767708 0.631481 0.766146 0.634259 0.765625 0.636111 0.765104 0.638889 0.765104 0.644444 0.766146 0.649074 0.767708 0.651852 0.768750 0.652778 0.770312 0.653704 0.773438 0.653704 0.776042 0.651852 0.777604 0.649074 0.778646 0.644444 0.778646 0.638889 0.778125 0.636111 0.777604 0.634259 0.776042 0.631481 0.773438 0.629630 0.770312 0.629630
1 0.817708 0.550926 0.816146 0.551852 0.815104 0.552778 0.813542 0.555556 0.813021 0.557407 0.812500 0.560185 0.812500 0.565741 0.813542 0.570370 0.815104 0.573148 0.816146 0.574074 0.817708 0.575000 0.820833 0.575000 0.823438 0.573148 0.825000 0.570370 0.826042 0.565741 0.826042 0.560185 0.825521 0.557407 0.825000 0.555556 0.823438 0.552778 0.820833 0.550926 0.817708 0.550926
1 0.770833 0.777778 0.769271 0.778704 0.768229 0.779630 0.766667 0.782407 0.766146 0.784259 0.765625 0.787037 0.765625 0.792593 0.766667 0.797222 0.768229 0.800000 0.769271 0.800926 0.770833 0.801852 0.773958 0.801852 0.776563 0.800000 0.778125 0.797222 0.779167 0.792593 0.779167 0.787037 0.778646 0.784259 0.778125 0.782407 0.776563 0.779630 0.773958 0.777778 0.770833 0.777778
1 0.800521 0.874074 0.798958 0.875000 0.797917 0.875926 0.796354 0.878704 0.795833 0.880556 0.795312 0.883333 0.795312 0.888889 0.796354 0.893519 0.797917 0.896296 0.798958 0.897222 0.800521 0.898148 0.803646 0.898148 0.806250 0.896296 0.807813 0.893519 0.808854 0.888889 0.808854 0.883333 0.808333 0.880556 0.807813 0.878704 0.806250 0.875926 0.803646 0.874074 0.800521 0.874074
1 0.557292 0.846296 0.555729 0.847222 0.554688 0.848148 0.553125 0.850926 0.552604 0.852778 0.552083 0.855556 0.552083 0.861111 0.553125 0.865741 0.554688 0.868519 0.555729 0.869444 0.557292 0.870370 0.560417 0.870370 0.563021 0.868519 0.564583 0.865741 0.565625 0.861111 0.565625 0.855556 0.565104 0.852778 0.564583 0.850926 0.563021 0.848148 0.560417 0.846296 0.557292 0.846296
1 0.433333 0.898148 0.431771 0.899074 0.430729 0.900000 0.429167 0.902778 0.428646 0.904630 0.428125 0.907407 0.428125 0.912963 0.429167 0.917593 0.430729 0.920370 0.431771 0.921296 0.433333 0.922222 0.436458 0.922222 0.439063 0.920370 0.440625 0.917593 0.441667 0.912963 0.441667 0.907407 0.441146 0.904630 0.440625 0.902778 0.439063 0.900000 0.436458 0.898148 0.433333 0.898148
1 0.345833 0.744444 0.344271 0.745370 0.343229 0.746296 0.341667 0.749074 0.341146 0.750926 0.340625 0.753704 0.340625 0.759259 0.341667 0.763889 0.343229 0.766667 0.344271 0.767593 0.345833 0.768519 0.348958 0.768519 0.351562 0.766667 0.353125 0.763889 0.354167 0.759259 0.354167 0.753704 0.353646 0.750926 0.353125 0.749074 0.351562 0.746296 0.348958 0.744444 0.345833 0.744444
1 0.281250 0.773148 0.279687 0.774074 0.278646 0.775000 0.277083 0.777778 0.276562 0.779630 0.276042 0.782407 0.276042 0.787963 0.277083 0.792593 0.278646 0.795370 0.279687 0.796296 0.281250 0.797222 0.284375 0.797222 0.286979 0.795370 0.288542 0.792593 0.289583 0.787963 0.289583 0.782407 0.289062 0.779630 0.288542 0.777778 0.286979 0.775000 0.284375 0.773148 0.281250 0.773148
1 0.194792 0.481481 0.193229 0.482407 0.192188 0.483333 0.190625 0.486111 0.190104 0.487963 0.189583 0.490741 0.189583 0.496296 0.190625 0.500926 0.192188 0.503704 0.193229 0.504630 0.194792 0.505556 0.197917 0.505556 0.200521 0.503704 0.202083 0.500926 0.203125 0.496296 0.203125 0.490741 0.202604 0.487963 0.202083 0.486111 0.200521 0.483333 0.197917 0.481481 0.194792 0.481481
8 0.490729 0.541019 0.491969 0.479130 0.457448 0.476963 0.458057 0.455778 0.491969 0.456861 0.493188 0.397120 0.506021 0.397120 0.505411 0.459037 0.537917 0.461204 0.537812 0.483241 0.503880 0.480759 0.503594 0.539444
