8 0.490729 0.541019 0.491969 0.479130 0.457448 0.476963 0.458057 0.455778 0.491969 0.456861 0.493188 0.397120 0.506021 0.397120 0.505411 0.459037 0.537917 0.461204 0.537812 0.483241 0.503880 0.480759 0.503594 0.539444
8 0.490729 0.541019 0.491969 0.479130 0.457448 0.476963 0.458057 0.455778 0.491969 0.456861 0.493188 0.397120 0.506021 0.397120 0.505411 0.459037 0.537917 0.461204 0.537812 0.483241 0.503880 0.480759 0.503594 0.539444
0 0.161979 0.882407 0.160417 0.883333 0.157292 0.886111 0.156250 0.888889 0.154688 0.894444 0.154688 0.904630 0.155729 0.906481 0.156250 0.911111 0.156771 0.912963 0.157292 0.913889 0.158333 0.914815 0.159375 0.915741 0.160938 0.916667 0.163021 0.916667 0.165625 0.915741 0.168750 0.912963 0.170833 0.909259 0.171875 0.906481 0.172917 0.903704 0.173437 0.901852 0.173437 0.892593 0.172917 0.890741 0.171875 0.887963 0.169271 0.883333 0.166146 0.882407 0.161979 0.882407
0 0.545312 0.558333 0.543750 0.559259 0.542708 0.560185 0.541146 0.562037 0.539583 0.564815 0.539062 0.566667 0.538542 0.570370 0.538542 0.575926 0.539062 0.578704 0.539583 0.581481 0.540104 0.583333 0.541146 0.585185 0.542188 0.585185 0.543229 0.587037 0.544271 0.587963 0.545833 0.588889 0.549479 0.588889 0.551042 0.587963 0.552083 0.587037 0.554167 0.584259 0.556771 0.579630 0.556771 0.575000 0.557292 0.570370 0.557292 0.568519 0.556771 0.566667 0.556250 0.564815 0.555729 0.563889 0.553125 0.560185 0.552083 0.559259 0.549479 0.558333 0.545312 0.558333
1 0.414062 0.901852 0.412500 0.902778 0.411458 0.903704 0.409896 0.906481 0.409375 0.908333 0.408854 0.911111 0.408854 0.916667 0.409896 0.921296 0.411458 0.924074 0.412500 0.925000 0.414062 0.925926 0.417187 0.925926 0.419792 0.924074 0.421354 0.921296 0.422396 0.916667 0.422396 0.911111 0.421875 0.908333 0.421354 0.906481 0.419792 0.903704 0.417187 0.901852 0.414062 0.901852
1 0.453125 0.707407 0.451562 0.708333 0.450521 0.709259 0.448958 0.712037 0.448437 0.713889 0.447917 0.716667 0.447917 0.722222 0.448958 0.726852 0.450521 0.729630 0.451562 0.730556 0.453125 0.731481 0.456250 0.731481 0.458854 0.729630 0.460417 0.726852 0.461458 0.722222 0.461458 0.716667 0.460938 0.713889 0.460417 0.712037 0.458854 0.709259 0.456250 0.707407 0.453125 0.707407
1 0.301563 0.743519 0.300000 0.744444 0.298958 0.745370 0.297396 0.748148 0.296875 0.750000 0.296354 0.752778 0.296354 0.758333 0.297396 0.762963 0.298958 0.765741 0.300000 0.766667 0.301563 0.767593 0.304688 0.767593 0.307292 0.765741 0.308854 0.762963 0.309896 0.758333 0.309896 0.752778 0.309375 0.750000 0.308854 0.748148 0.307292 0.745370 0.304688 0.743519 0.301563 0.743519
1 0.322396 0.576852 0.320833 0.577778 0.319792 0.578704 0.318229 0.581481 0.317708 0.583333 0.317188 0.586111 0.317188 0.591667 0.318229 0.596296 0.319792 0.599074 0.320833 0.600000 0.322396 0.600926 0.325521 0.600926 0.328125 0.599074 0.329688 0.596296 0.330729 0.591667 0.330729 0.586111 0.330208 0.583333 0.329688 0.581481 0.328125 0.578704 0.325521 0.576852 0.322396 0.576852
1 0.219792 0.056481 0.218229 0.057407 0.217188 0.058333 0.215625 0.061111 0.215104 0.062963 0.214583 0.065741 0.214583 0.071296 0.215625 0.075926 0.217188 0.078704 0.218229 0.079630 0.219792 0.080556 0.222917 0.080556 0.225521 0.078704 0.227083 0.075926 0.228125 0.071296 0.228125 0.065741 0.227604 0.062963 0.227083 0.061111 0.225521 0.058333 0.222917 0.056481 0.219792 0.056481
1 0.470833 0.075000 0.469271 0.075926 0.468229 0.076852 0.466667 0.079630 0.466146 0.081481 0.465625 0.084259 0.465625 0.089815 0.466667 0.094444 0.468229 0.097222 0.469271 0.098148 0.470833 0.099074 0.473958 0.099074 0.476562 0.097222 0.478125 0.094444 0.479167 0.089815 0.479167 0.084259 0.478646 0.081481 0.478125 0.079630 0.476562 0.076852 0.473958 0.075000 0.470833 0.075000
1 0.644271 0.159259 0.642708 0.160185 0.641667 0.161111 0.640104 0.163889 0.639583 0.165741 0.639062 0.168519 0.639062 0.174074 0.640104 0.178704 0.641667 0.181481 0.642708 0.182407 0.644271 0.183333 0.647396 0.183333 0.650000 0.181481 0.651563 0.178704 0.652604 0.174074 0.652604 0.168519 0.652083 0.165741 0.651563 0.163889 0.650000 0.161111 0.647396 0.159259 0.644271 0.159259
1 0.161979 0.839815 0.160417 0.840741 0.159375 0.841667 0.157812 0.844444 0.157292 0.846296 0.156771 0.849074 0.156771 0.854630 0.157812 0.859259 0.159375 0.862037 0.160417 0.862963 0.161979 0.863889 0.165104 0.863889 0.167708 0.862037 0.169271 0.859259 0.170313 0.854630 0.170313 0.849074 0.169792 0.846296 0.169271 0.844444 0.167708 0.841667 0.165104 0.839815 0.161979 0.839815
1 0.467187 0.495370 0.465625 0.496296 0.464583 0.497222 0.463021 0.500000 0.462500 0.501852 0.461979 0.504630 0.461979 0.510185 0.463021 0.514815 0.464583 0.517593 0.465625 0.518519 0.467187 0.519444 0.470313 0.519444 0.472917 0.517593 0.474479 0.514815 0.475521 0.510185 0.475521 0.504630 0.475000 0.501852 0.474479 0.500000 0.472917 0.497222 0.470313 0.495370 0.467187 0.495370
1 0.818750 0.625000 0.817187 0.625926 0.816146 0.626852 0.814583 0.629630 0.814063 0.631481 0.813542 0.634259 0.813542 0.639815 0.814583 0.644444 0.816146 0.647222 0.817187 0.648148 0.818750 0.649074 0.821875 0.649074 0.824479 0.647222 0.826042 0.644444 0.827083 0.639815 0.827083 0.634259 0.826562 0.631481 0.826042 0.629630 0.824479 0.626852 0.821875 0.625000 0.818750 0.625000
1 0.505208 0.347222 0.503646 0.348148 0.502604 0.349074 0.501042 0.351852 0.500521 0.353704 0.500000 0.356481 0.500000 0.362037 0.501042 0.366667 0.502604 0.369444 0.503646 0.370370 0.505208 0.371296 0.508333 0.371296 0.510938 0.369444 0.512500 0.366667 0.513542 0.362037 0.513542 0.356481 0.513021 0.353704 0.512500 0.351852 0.510938 0.349074 0.508333 0.347222 0.505208 0.347222
1 0.510938 0.199074 0.509375 0.200000 0.508333 0.200926 0.506771 0.203704 0.506250 0.205556 0.505729 0.208333 0.505729 0.213889 0.506771 0.218519 0.508333 0.221296 0.509375 0.222222 0.510938 0.223148 0.514062 0.223148 0.516667 0.221296 0.518229 0.218519 0.519271 0.213889 0.519271 0.208333 0.518750 0.205556 0.518229 0.203704 0.516667 0.200926 0.514062 0.199074 0.510938 0.199074
