1 0.467187 0.503704 0.465625 0.504630 0.464583 0.505556 0.463021 0.508333 0.462500 0.510185 0.461979 0.512963 0.461979 0.518519 0.463021 0.523148 0.464583 0.525926 0.465625 0.526852 0.467187 0.527778 0.470313 0.527778 0.472917 0.525926 0.474479 0.523148 0.475521 0.518519 0.475521 0.512963 0.475000 0.510185 0.474479 0.508333 0.472917 0.505556 0.470313 0.503704 0.467187 0.503704
0 0.259375 0.599074 0.257812 0.600000 0.256771 0.600926 0.254167 0.605556 0.253646 0.608333 0.253646 0.612037 0.254167 0.614815 0.254688 0.616667 0.256771 0.619444 0.257812 0.620370 0.259375 0.621296 0.262500 0.621296 0.264062 0.620370 0.265104 0.619444 0.267188 0.616667 0.267708 0.614815 0.268229 0.612037 0.268229 0.608333 0.267708 0.605556 0.265104 0.600926 0.264062 0.600000 0.262500 0.599074 0.259375 0.599074
0 0.533333 0.551852 0.530729 0.553704 0.528646 0.557407 0.528125 0.559259 0.527604 0.562037 0.527604 0.565741 0.528125 0.568519 0.528646 0.570370 0.530729 0.574074 0.533333 0.575926 0.536458 0.575926 0.539062 0.574074 0.541146 0.570370 0.541667 0.568519 0.542188 0.565741 0.542188 0.562037 0.541667 0.559259 0.541146 0.557407 0.539062 0.553704 0.536458 0.551852 0.533333 0.551852
1 0.590625 0.506481 0.589063 0.507407 0.588021 0.508333 0.586458 0.511111 0.585938 0.512963 0.585417 0.515741 0.585417 0.521296 0.586458 0.525926 0.588021 0.528704 0.589063 0.529630 0.590625 0.530556 0.593750 0.530556 0.596354 0.528704 0.597917 0.525926 0.598958 0.521296 0.598958 0.515741 0.598437 0.512963 0.597917 0.511111 0.596354 0.508333 0.593750 0.506481 0.590625 0.506481
1 0.259896 0.427778 0.258333 0.428704 0.257292 0.429630 0.255729 0.432407 0.255208 0.434259 0.254688 0.437037 0.254688 0.442593 0.255729 0.447222 0.257292 0.450000 0.258333 0.450926 0.259896 0.451852 0.263021 0.451852 0.265625 0.450000 0.267188 0.447222 0.268229 0.442593 0.268229 0.437037 0.267708 0.434259 0.267188 0.432407 0.265625 0.429630 0.263021 0.427778 0.259896 0.427778
1 0.727083 0.550000 0.725521 0.550926 0.724479 0.551852 0.722917 0.554630 0.722396 0.556481 0.721875 0.559259 0.721875 0.564815 0.722917 0.569444 0.724479 0.572222 0.725521 0.573148 0.727083 0.574074 0.730208 0.574074 0.732812 0.572222 0.734375 0.569444 0.735417 0.564815 0.735417 0.559259 0.734896 0.556481 0.734375 0.554630 0.732812 0.551852 0.730208 0.550000 0.727083 0.550000
1 0.818229 0.551852 0.816667 0.552778 0.815625 0.553704 0.814063 0.556481 0.813542 0.558333 0.813021 0.561111 0.813021 0.566667 0.814063 0.571296 0.815625 0.574074 0.816667 0.575000 0.818229 0.575926 0.821354 0.575926 0.823958 0.574074 0.825521 0.571296 0.826562 0.566667 0.826562 0.561111 0.826042 0.558333 0.825521 0.556481 0.823958 0.553704 0.821354 0.551852 0.818229 0.551852
8 0.490729 0.541019 0.491969 0.479130 0.457448 0.476963 0.458057 0.455778 0.491969 0.456861 0.493188 0.397120 0.506021 0.397120 0.505411 0.459037 0.537917 0.461204 0.537812 0.483241 0.503880 0.480759 0.503594 0.539444
8 0.490729 0.541019 0.491969 0.479130 0.457448 0.476963 0.458057 0.455778 0.491969 0.456861 0.493188 0.397120 0.506021 0.397120 0.505411 0.459037 0.537917 0.461204 0.537812 0.483241 0.503880 0.480759 0.503594 0.539444
1 0.776042 0.634259 0.774479 0.635185 0.773438 0.636111 0.771875 0.638889 0.771354 0.640741 0.770833 0.643519 0.770833 0.649074 0.771875 0.653704 0.773438 0.656481 0.774479 0.657407 0.776042 0.658333 0.779167 0.658333 0.781771 0.656481 0.783333 0.653704 0.784375 0.649074 0.784375 0.643519 0.783854 0.640741 0.783333 0.638889 0.781771 0.636111 0.779167 0.634259 0.776042 0.634259
1 0.800521 0.875000 0.798958 0.875926 0.797917 0.876852 0.796354 0.879630 0.795833 0.881481 0.795312 0.884259 0.795312 0.889815 0.796354 0.894444 0.797917 0.897222 0.798958 0.898148 0.800521 0.899074 0.803646 0.899074 0.806250 0.897222 0.807813 0.894444 0.808854 0.889815 0.808854 0.884259 0.808333 0.881481 0.807813 0.879630 0.806250 0.876852 0.803646 0.875000 0.800521 0.875000
1 0.764583 0.790741 0.763021 0.791667 0.761979 0.792593 0.760417 0.795370 0.759896 0.797222 0.759375 0.800000 0.759375 0.805556 0.760417 0.810185 0.761979 0.812963 0.763021 0.813889 0.764583 0.814815 0.767708 0.814815 0.770312 0.812963 0.771875 0.810185 0.772917 0.805556 0.772917 0.800000 0.772396 0.797222 0.771875 0.795370 0.770312 0.792593 0.767708 0.790741 0.764583 0.790741
1 0.663021 0.729630 0.661458 0.730556 0.660417 0.731481 0.658854 0.734259 0.658333 0.736111 0.657813 0.738889 0.657813 0.744444 0.658854 0.749074 0.660417 0.751852 0.661458 0.752778 0.663021 0.753704 0.666146 0.753704 0.668750 0.751852 0.670312 0.749074 0.671354 0.744444 0.671354 0.738889 0.670833 0.736111 0.670312 0.734259 0.668750 0.731481 0.666146 0.729630 0.663021 0.729630
1 0.322917 0.880556 0.321354 0.881481 0.320312 0.882407 0.318750 0.885185 0.318229 0.887037 0.317708 0.889815 0.317708 0.895370 0.318750 0.900000 0.320312 0.902778 0.321354 0.903704 0.322917 0.904630 0.326042 0.904630 0.328646 0.902778 0.330208 0.900000 0.331250 0.895370 0.331250 0.889815 0.330729 0.887037 0.330208 0.885185 0.328646 0.882407 0.326042 0.880556 0.322917 0.880556
1 0.295312 0.738889 0.293750 0.739815 0.292708 0.740741 0.291146 0.743519 0.290625 0.745370 0.290104 0.748148 0.290104 0.753704 0.291146 0.758333 0.292708 0.761111 0.293750 0.762037 0.295312 0.762963 0.298438 0.762963 0.301042 0.761111 0.302604 0.758333 0.303646 0.753704 0.303646 0.748148 0.303125 0.745370 0.302604 0.743519 0.301042 0.740741 0.298438 0.738889 0.295312 0.738889
