1 0.220833 0.157407 0.219271 0.158333 0.218229 0.159259 0.216667 0.162037 0.216146 0.163889 0.215625 0.166667 0.215625 0.172222 0.216667 0.176852 0.218229 0.179630 0.219271 0.180556 0.220833 0.181481 0.223958 0.181481 0.226562 0.179630 0.228125 0.176852 0.229167 0.172222 0.229167 0.166667 0.228646 0.163889 0.228125 0.162037 0.226562 0.159259 0.223958 0.157407 0.220833 0.157407
0 0.382812 0.855556 0.380208 0.856481 0.377604 0.859259 0.376563 0.861111 0.376042 0.862963 0.375521 0.867593 0.375521 0.880556 0.376042 0.883333 0.377604 0.886111 0.378646 0.887037 0.379688 0.887963 0.384896 0.887963 0.386458 0.887037 0.387500 0.886111 0.390625 0.880556 0.391667 0.877778 0.392188 0.875926 0.392188 0.870370 0.391667 0.863889 0.390625 0.861111 0.388542 0.857407 0.387500 0.856481 0.385417 0.855556 0.382812 0.855556
0 0.532292 0.549074 0.530208 0.550926 0.529167 0.551852 0.528646 0.552778 0.528646 0.553704 0.527604 0.555556 0.527083 0.557407 0.526563 0.559259 0.526563 0.568519 0.528125 0.573148 0.529687 0.575926 0.530729 0.576852 0.532292 0.577778 0.537500 0.577778 0.538542 0.576852 0.539583 0.575926 0.542188 0.571296 0.542708 0.569444 0.543229 0.566667 0.543229 0.562037 0.542708 0.557407 0.542188 0.555556 0.539062 0.550000 0.538021 0.549074 0.532292 0.549074
8 0.490729 0.541019 0.491969 0.479130 0.457448 0.476963 0.458057 0.455778 0.491969 0.456861 0.493188 0.397120 0.506021 0.397120 0.505411 0.459037 0.537917 0.461204 0.537812 0.483241 0.503880 0.480759 0.503594 0.539444
1 0.287500 0.213889 0.285938 0.214815 0.284896 0.215741 0.283333 0.218519 0.282813 0.220370 0.282292 0.223148 0.282292 0.228704 0.283333 0.233333 0.284896 0.236111 0.285938 0.237037 0.287500 0.237963 0.290625 0.237963 0.293229 0.236111 0.294792 0.233333 0.295833 0.228704 0.295833 0.223148 0.295312 0.220370 0.294792 0.218519 0.293229 0.215741 0.290625 0.213889 0.287500 0.213889
1 0.405208 0.810185 0.403646 0.811111 0.402604 0.812037 0.401042 0.814815 0.400521 0.816667 0.400000 0.819444 0.400000 0.825000 0.401042 0.829630 0.402604 0.832407 0.403646 0.833333 0.405208 0.834259 0.408333 0.834259 0.410938 0.832407 0.412500 0.829630 0.413542 0.825000 0.413542 0.819444 0.413021 0.816667 0.412500 0.814815 0.410938 0.812037 0.408333 0.810185 0.405208 0.810185
1 0.488021 0.871296 0.486458 0.872222 0.485417 0.873148 0.483854 0.875926 0.483333 0.877778 0.482812 0.880556 0.482812 0.886111 0.483854 0.890741 0.485417 0.893519 0.486458 0.894444 0.488021 0.895370 0.491146 0.895370 0.493750 0.893519 0.495312 0.890741 0.496354 0.886111 0.496354 0.880556 0.495833 0.877778 0.495312 0.875926 0.493750 0.873148 0.491146 0.871296 0.488021 0.871296
1 0.286979 0.864815 0.285417 0.865741 0.284375 0.866667 0.282813 0.869444 0.282292 0.871296 0.281771 0.874074 0.281771 0.879630 0.282813 0.884259 0.284375 0.887037 0.285417 0.887963 0.286979 0.888889 0.290104 0.888889 0.292708 0.887037 0.294271 0.884259 0.295312 0.879630 0.295312 0.874074 0.294792 0.871296 0.294271 0.869444 0.292708 0.866667 0.290104 0.864815 0.286979 0.864815
1 0.800521 0.874074 0.798958 0.875000 0.797917 0.875926 0.796354 0.878704 0.795833 0.880556 0.795312 0.883333 0.795312 0.888889 0.796354 0.893519 0.797917 0.896296 0.798958 0.897222 0.800521 0.898148 0.803646 0.898148 0.806250 0.896296 0.807813 0.893519 0.808854 0.888889 0.808854 0.883333 0.808333 0.880556 0.807813 0.878704 0.806250 0.875926 0.803646 0.874074 0.800521 0.874074
1 0.796875 0.606481 0.795312 0.607407 0.794271 0.608333 0.792708 0.611111 0.792188 0.612963 0.791667 0.615741 0.791667 0.621296 0.792708 0.625926 0.794271 0.628704 0.795312 0.629630 0.796875 0.630556 0.800000 0.630556 0.802604 0.628704 0.804167 0.625926 0.805208 0.621296 0.805208 0.615741 0.804688 0.612963 0.804167 0.611111 0.802604 0.608333 0.800000 0.606481 0.796875 0.606481
1 0.621875 0.063889 0.620313 0.064815 0.619271 0.065741 0.617708 0.068519 0.617188 0.070370 0.616667 0.073148 0.616667 0.078704 0.617708 0.083333 0.619271 0.086111 0.620313 0.087037 0.621875 0.087963 0.625000 0.087963 0.627604 0.086111 0.629167 0.083333 0.630208 0.078704 0.630208 0.073148 0.629687 0.070370 0.629167 0.068519 0.627604 0.065741 0.625000 0.063889 0.621875 0.063889
1 0.542708 0.602778 0.541146 0.603704 0.540104 0.604630 0.538542 0.607407 0.538021 0.609259 0.537500 0.612037 0.537500 0.617593 0.538542 0.622222 0.540104 0.625000 0.541146 0.625926 0.542708 0.626852 0.545833 0.626852 0.548438 0.625000 0.550000 0.622222 0.551042 0.617593 0.551042 0.612037 0.550521 0.609259 0.550000 0.607407 0.548438 0.604630 0.545833 0.602778 0.542708 0.602778
1 0.273438 0.376852 0.271875 0.377778 0.270833 0.378704 0.269271 0.381481 0.268750 0.383333 0.268229 0.386111 0.268229 0.391667 0.269271 0.396296 0.270833 0.399074 0.271875 0.400000 0.273438 0.400926 0.276562 0.400926 0.279167 0.399074 0.280729 0.396296 0.281771 0.391667 0.281771 0.386111 0.281250 0.383333 0.280729 0.381481 0.279167 0.378704 0.276562 0.376852 0.273438 0.376852
1 0.626563 0.600926 0.625000 0.601852 0.623958 0.602778 0.622396 0.605556 0.621875 0.607407 0.621354 0.610185 0.621354 0.615741 0.622396 0.620370 0.623958 0.623148 0.625000 0.624074 0.626563 0.625000 0.629687 0.625000 0.632292 0.623148 0.633854 0.620370 0.634896 0.615741 0.634896 0.610185 0.634375 0.607407 0.633854 0.605556 0.632292 0.602778 0.629687 0.600926 0.626563 0.600926
8 0.490729 0.541019 0.491969 0.479130 0.457448 0.476963 0.458057 0.455778 0.491969 0.456861 0.493188 0.397120 0.506021 0.397120 0.505411 0.459037 0.537917 0.461204 0.537812 0.483241 0.503880 0.480759 0.503594 0.539444
1 0.464583 0.487963 0.463021 0.488889 0.461979 0.489815 0.460417 0.492593 0.459896 0.494444 0.459375 0.497222 0.459375 0.502778 0.460417 0.507407 0.461979 0.510185 0.463021 0.511111 0.464583 0.512037 0.467708 0.512037 0.470313 0.510185 0.471875 0.507407 0.472917 0.502778 0.472917 0.497222 0.472396 0.494444 0.471875 0.492593 0.470313 0.489815 0.467708 0.487963 0.464583 0.487963
