0 0.482292 0.589815 0.480208 0.590741 0.476042 0.598148 0.475521 0.601852 0.475521 0.608333 0.476042 0.611111 0.480208 0.618519 0.482292 0.619444 0.485938 0.619444 0.487500 0.618519 0.491667 0.611111 0.492188 0.608333 0.492188 0.601852 0.491667 0.598148 0.487500 0.590741 0.485938 0.589815 0.482292 0.589815
8 0.490729 0.541019 0.491969 0.479130 0.457448 0.476963 0.458057 0.455778 0.491969 0.456861 0.493188 0.397120 0.506021 0.397120 0.505411 0.459037 0.537917 0.461204 0.537812 0.483241 0.503880 0.480759 0.503594 0.539444
8 0.490729 0.541019 0.491969 0.479130 0.457448 0.476963 0.458057 0.455778 0.491969 0.456861 0.493188 0.397120 0.506021 0.397120 0.505411 0.459037 0.537917 0.461204 0.537812 0.483241 0.503880 0.480759 0.503594 0.539444
0 0.267708 0.625926 0.265104 0.627778 0.264062 0.629630 0.264062 0.630556 0.262500 0.633333 0.261979 0.636111 0.261979 0.640741 0.263021 0.644444 0.264062 0.646296 0.265104 0.648148 0.267708 0.650000 0.271875 0.650000 0.274479 0.648148 0.275521 0.646296 0.276562 0.644444 0.277083 0.642593 0.277604 0.640741 0.277604 0.636111 0.277083 0.633333 0.275521 0.630556 0.275521 0.629630 0.274479 0.627778 0.271875 0.625926 0.267708 0.625926
1 0.792188 0.573148 0.790625 0.574074 0.789583 0.575000 0.788021 0.577778 0.787500 0.579630 0.786979 0.582407 0.786979 0.587963 0.788021 0.592593 0.789583 0.595370 0.790625 0.596296 0.792188 0.597222 0.795312 0.597222 0.797917 0.595370 0.799479 0.592593 0.800521 0.587963 0.800521 0.582407 0.800000 0.579630 0.799479 0.577778 0.797917 0.575000 0.795312 0.573148 0.792188 0.573148
1 0.817187 0.549074 0.815625 0.550000 0.814583 0.550926 0.813021 0.553704 0.812500 0.555556 0.811979 0.558333 0.811979 0.563889 0.813021 0.568519 0.814583 0.571296 0.815625 0.572222 0.817187 0.573148 0.820312 0.573148 0.822917 0.571296 0.824479 0.568519 0.825521 0.563889 0.825521 0.558333 0.825000 0.555556 0.824479 0.553704 0.822917 0.550926 0.820312 0.549074 0.817187 0.549074
1 0.601042 0.770370 0.599479 0.771296 0.598437 0.772222 0.596875 0.775000 0.596354 0.776852 0.595833 0.779630 0.595833 0.785185 0.596875 0.789815 0.598437 0.792593 0.599479 0.793519 0.601042 0.794444 0.604167 0.794444 0.606771 0.792593 0.608333 0.789815 0.609375 0.785185 0.609375 0.779630 0.608854 0.776852 0.608333 0.775000 0.606771 0.772222 0.604167 0.770370 0.601042 0.770370
1 0.466667 0.503704 0.465104 0.504630 0.464062 0.505556 0.462500 0.508333 0.461979 0.510185 0.461458 0.512963 0.461458 0.518519 0.462500 0.523148 0.464062 0.525926 0.465104 0.526852 0.466667 0.527778 0.469792 0.527778 0.472396 0.525926 0.473958 0.523148 0.475000 0.518519 0.475000 0.512963 0.474479 0.510185 0.473958 0.508333 0.472396 0.505556 0.469792 0.503704 0.466667 0.503704
1 0.372917 0.750926 0.371354 0.751852 0.370312 0.752778 0.368750 0.755556 0.368229 0.757407 0.367708 0.760185 0.367708 0.765741 0.368750 0.770370 0.370312 0.773148 0.371354 0.774074 0.372917 0.775000 0.376042 0.775000 0.378646 0.773148 0.380208 0.770370 0.381250 0.765741 0.381250 0.760185 0.380729 0.757407 0.380208 0.755556 0.378646 0.752778 0.376042 0.750926 0.372917 0.750926
1 0.299479 0.734259 0.297917 0.735185 0.296875 0.736111 0.295312 0.738889 0.294792 0.740741 0.294271 0.743519 0.294271 0.749074 0.295312 0.753704 0.296875 0.756481 0.297917 0.757407 0.299479 0.758333 0.302604 0.758333 0.305208 0.756481 0.306771 0.753704 0.307812 0.749074 0.307812 0.743519 0.307292 0.740741 0.306771 0.738889 0.305208 0.736111 0.302604 0.734259 0.299479 0.734259
1 0.243229 0.844444 0.241667 0.845370 0.240625 0.846296 0.239063 0.849074 0.238542 0.850926 0.238021 0.853704 0.238021 0.859259 0.239063 0.863889 0.240625 0.866667 0.241667 0.867593 0.243229 0.868519 0.246354 0.868519 0.248958 0.866667 0.250521 0.863889 0.251563 0.859259 0.251563 0.853704 0.251042 0.850926 0.250521 0.849074 0.248958 0.846296 0.246354 0.844444 0.243229 0.844444
1 0.306771 0.901852 0.305208 0.902778 0.304167 0.903704 0.302604 0.906481 0.302083 0.908333 0.301563 0.911111 0.301563 0.916667 0.302604 0.921296 0.304167 0.924074 0.305208 0.925000 0.306771 0.925926 0.309896 0.925926 0.312500 0.924074 0.314063 0.921296 0.315104 0.916667 0.315104 0.911111 0.314583 0.908333 0.314063 0.906481 0.312500 0.903704 0.309896 0.901852 0.306771 0.901852
1 0.319271 0.532407 0.317708 0.533333 0.316667 0.534259 0.315104 0.537037 0.314583 0.538889 0.314063 0.541667 0.314063 0.547222 0.315104 0.551852 0.316667 0.554630 0.317708 0.555556 0.319271 0.556481 0.322396 0.556481 0.325000 0.554630 0.326562 0.551852 0.327604 0.547222 0.327604 0.541667 0.327083 0.538889 0.326562 0.537037 0.325000 0.534259 0.322396 0.532407 0.319271 0.532407
1 0.333333 0.297222 0.331771 0.298148 0.330729 0.299074 0.329167 0.301852 0.328646 0.303704 0.328125 0.306481 0.328125 0.312037 0.329167 0.316667 0.330729 0.319444 0.331771 0.320370 0.333333 0.321296 0.336458 0.321296 0.339062 0.319444 0.340625 0.316667 0.341667 0.312037 0.341667 0.306481 0.341146 0.303704 0.340625 0.301852 0.339062 0.299074 0.336458 0.297222 0.333333 0.297222
1 0.259896 0.177778 0.258333 0.178704 0.257292 0.179630 0.255729 0.182407 0.255208 0.184259 0.254688 0.187037 0.254688 0.192593 0.255729 0.197222 0.257292 0.200000 0.258333 0.200926 0.259896 0.201852 0.263021 0.201852 0.265625 0.200000 0.267188 0.197222 0.268229 0.192593 0.268229 0.187037 0.267708 0.184259 0.267188 0.182407 0.265625 0.179630 0.263021 0.177778 0.259896 0.177778
