1 0.420833 0.815741 0.419271 0.816667 0.418229 0.817593 0.416667 0.820370 0.415104 0.824074 0.414583 0.827778 0.414583 0.834259 0.415104 0.837037 0.416146 0.839815 0.418229 0.843519 0.419271 0.844444 0.420833 0.845370 0.424479 0.845370 0.425521 0.844444 0.426563 0.843519 0.428646 0.839815 0.429688 0.837037 0.430208 0.834259 0.430208 0.827778 0.429688 0.824074 0.428125 0.820370 0.426563 0.817593 0.425521 0.816667 0.424479 0.815741 0.420833 0.815741
1 0.419792 0.603704 0.418229 0.604630 0.417187 0.605556 0.414583 0.610185 0.414062 0.612037 0.413542 0.614815 0.413542 0.619444 0.414062 0.621296 0.414583 0.623148 0.417187 0.627778 0.418229 0.628704 0.419792 0.629630 0.422396 0.629630 0.423438 0.628704 0.424479 0.627778 0.427083 0.623148 0.427604 0.621296 0.428125 0.619444 0.428125 0.614815 0.427604 0.612037 0.427083 0.610185 0.424479 0.605556 0.423438 0.604630 0.422396 0.603704 0.419792 0.603704
1 0.555208 0.900926 0.553646 0.901852 0.552604 0.902778 0.550000 0.907407 0.549479 0.909259 0.548958 0.912037 0.548958 0.916667 0.549479 0.918519 0.550000 0.920370 0.552604 0.925000 0.553646 0.925926 0.555208 0.926852 0.557813 0.926852 0.558854 0.925926 0.559896 0.925000 0.562500 0.920370 0.563021 0.918519 0.563542 0.916667 0.563542 0.912037 0.563021 0.909259 0.562500 0.907407 0.559896 0.902778 0.558854 0.901852 0.557813 0.900926 0.555208 0.900926
0 0.742708 0.824074 0.741667 0.825000 0.740625 0.825926 0.739583 0.827778 0.739062 0.827778 0.738542 0.828704 0.738542 0.829630 0.737500 0.831481 0.736979 0.834259 0.736979 0.840741 0.737500 0.843519 0.738021 0.845370 0.741146 0.850926 0.742708 0.852778 0.743750 0.853704 0.748958 0.853704 0.752083 0.850926 0.753646 0.848148 0.754167 0.846296 0.754687 0.844444 0.754687 0.836111 0.753646 0.831481 0.751563 0.827778 0.750000 0.825926 0.748958 0.825000 0.747917 0.824074 0.742708 0.824074
1 0.220312 0.814815 0.218750 0.815741 0.217708 0.816667 0.216146 0.819444 0.215625 0.821296 0.215104 0.823148 0.215104 0.828704 0.215625 0.830556 0.216146 0.832407 0.217708 0.835185 0.218750 0.836111 0.220312 0.837037 0.223438 0.837037 0.226042 0.835185 0.227604 0.832407 0.228125 0.830556 0.228646 0.828704 0.228646 0.823148 0.228125 0.821296 0.227604 0.819444 0.226042 0.816667 0.223438 0.814815 0.220312 0.814815
1 0.591146 0.898148 0.589583 0.899074 0.586458 0.904630 0.585938 0.906481 0.585417 0.909259 0.585417 0.916667 0.585938 0.919444 0.586458 0.921296 0.589583 0.926852 0.591146 0.927778 0.593229 0.927778 0.594792 0.926852 0.595833 0.925926 0.597917 0.921296 0.598437 0.919444 0.598958 0.916667 0.598958 0.909259 0.598437 0.906481 0.597917 0.904630 0.595833 0.900000 0.594792 0.899074 0.593229 0.898148 0.591146 0.898148
1 0.687500 0.869444 0.684896 0.871296 0.682813 0.875000 0.682292 0.876852 0.681771 0.879630 0.681771 0.883333 0.682292 0.886111 0.682813 0.887963 0.684896 0.891667 0.687500 0.893519 0.690625 0.893519 0.693229 0.891667 0.695312 0.887963 0.695833 0.886111 0.696354 0.883333 0.696354 0.879630 0.695833 0.876852 0.695312 0.875000 0.693229 0.871296 0.690625 0.869444 0.687500 0.869444
1 0.747396 0.387037 0.745313 0.388889 0.744271 0.389815 0.743750 0.390741 0.742188 0.394444 0.741667 0.397222 0.741667 0.402778 0.742188 0.405556 0.743750 0.409259 0.744271 0.410185 0.745313 0.411111 0.747396 0.412963 0.751563 0.412963 0.754167 0.411111 0.755208 0.409259 0.755208 0.408333 0.756771 0.405556 0.757292 0.402778 0.757292 0.397222 0.756771 0.394444 0.755208 0.391667 0.755208 0.390741 0.754167 0.388889 0.751563 0.387037 0.747396 0.387037
1 0.622396 0.088889 0.620833 0.089815 0.619792 0.090741 0.617188 0.095370 0.616667 0.097222 0.616146 0.100000 0.616146 0.104630 0.616667 0.106481 0.617188 0.108333 0.619792 0.112963 0.620833 0.113889 0.622396 0.114815 0.625000 0.114815 0.626042 0.113889 0.627083 0.112963 0.629687 0.108333 0.630208 0.106481 0.630729 0.104630 0.630729 0.100000 0.630208 0.097222 0.629687 0.095370 0.627083 0.090741 0.626042 0.089815 0.625000 0.088889 0.622396 0.088889
1 0.184375 0.261111 0.182812 0.262037 0.181250 0.262963 0.178646 0.267593 0.178125 0.269444 0.177604 0.271296 0.177604 0.275000 0.178646 0.279630 0.181250 0.283333 0.182812 0.284259 0.184375 0.285185 0.188542 0.285185 0.190104 0.284259 0.191667 0.283333 0.194271 0.279630 0.195312 0.275000 0.195312 0.271296 0.194792 0.269444 0.194271 0.267593 0.191667 0.262963 0.190104 0.262037 0.188542 0.261111 0.184375 0.261111
1 0.427083 0.768519 0.425521 0.769444 0.424479 0.770370 0.422917 0.772222 0.421875 0.775000 0.421354 0.776852 0.420833 0.779630 0.420833 0.786111 0.421875 0.789815 0.422396 0.791667 0.422917 0.792593 0.423438 0.792593 0.424479 0.794444 0.425521 0.795370 0.427083 0.796296 0.430729 0.796296 0.433854 0.793519 0.434896 0.791667 0.436458 0.786111 0.436458 0.779630 0.435937 0.776852 0.435417 0.775000 0.434375 0.773148 0.434375 0.772222 0.433854 0.771296 0.432812 0.770370 0.430729 0.768519 0.427083 0.768519
8 0.490729 0.541019 0.491969 0.479130 0.457448 0.476963 0.458057 0.455778 0.491969 0.456861 0.493188 0.397120 0.506021 0.397120 0.505411 0.459037 0.537917 0.461204 0.537812 0.483241 0.503880 0.480759 0.503594 0.539444
8 0.490729 0.541019 0.491969 0.479130 0.457448 0.476963 0.458057 0.455778 0.491969 0.456861 0.493188 0.397120 0.506021 0.397120 0.505411 0.459037 0.537917 0.461204 0.537812 0.483241 0.503880 0.480759 0.503594 0.539444
1 0.380729 0.697222 0.378646 0.698148 0.376563 0.700926 0.375000 0.703704 0.374479 0.705556 0.373958 0.708333 0.373958 0.714815 0.374479 0.716667 0.375000 0.718519 0.376563 0.721296 0.378646 0.724074 0.380729 0.725000 0.384375 0.725000 0.385937 0.724074 0.387500 0.722222 0.389583 0.718519 0.390104 0.716667 0.390625 0.714815 0.390625 0.708333 0.390104 0.705556 0.389583 0.703704 0.387500 0.700000 0.385937 0.698148 0.384375 0.697222 0.380729 0.697222
