1 0.488021 0.870370 0.486458 0.871296 0.485417 0.872222 0.483854 0.875000 0.483333 0.876852 0.482812 0.879630 0.482812 0.885185 0.483854 0.889815 0.485417 0.892593 0.486458 0.893519 0.488021 0.894444 0.491146 0.894444 0.493750 0.892593 0.495312 0.889815 0.496354 0.885185 0.496354 0.879630 0.495833 0.876852 0.495312 0.875000 0.493750 0.872222 0.491146 0.870370 0.488021 0.870370
1 0.801042 0.875000 0.799479 0.875926 0.798438 0.876852 0.796875 0.879630 0.796354 0.881481 0.795833 0.884259 0.795833 0.889815 0.796875 0.894444 0.798438 0.897222 0.799479 0.898148 0.801042 0.899074 0.804167 0.899074 0.806771 0.897222 0.808333 0.894444 0.809375 0.889815 0.809375 0.884259 0.808854 0.881481 0.808333 0.879630 0.806771 0.876852 0.804167 0.875000 0.801042 0.875000
1 0.232292 0.425000 0.230729 0.425926 0.229687 0.426852 0.228125 0.429630 0.227604 0.431481 0.227083 0.434259 0.227083 0.439815 0.228125 0.444444 0.229687 0.447222 0.230729 0.448148 0.232292 0.449074 0.235417 0.449074 0.238021 0.447222 0.239583 0.444444 0.240625 0.439815 0.240625 0.434259 0.240104 0.431481 0.239583 0.429630 0.238021 0.426852 0.235417 0.425000 0.232292 0.425000
1 0.621875 0.063889 0.620313 0.064815 0.619271 0.065741 0.617708 0.068519 0.617188 0.070370 0.616667 0.073148 0.616667 0.078704 0.617708 0.083333 0.619271 0.086111 0.620313 0.087037 0.621875 0.087963 0.625000 0.087963 0.627604 0.086111 0.629167 0.083333 0.630208 0.078704 0.630208 0.073148 0.629687 0.070370 0.629167 0.068519 0.627604 0.065741 0.625000 0.063889 0.621875 0.063889
1 0.160938 0.581481 0.159375 0.582407 0.158333 0.583333 0.156771 0.586111 0.156250 0.587963 0.155729 0.590741 0.155729 0.596296 0.156771 0.600926 0.158333 0.603704 0.159375 0.604630 0.160938 0.605556 0.164062 0.605556 0.166667 0.603704 0.168229 0.600926 0.169271 0.596296 0.169271 0.590741 0.168750 0.587963 0.168229 0.586111 0.166667 0.583333 0.164062 0.581481 0.160938 0.581481
1 0.390625 0.725926 0.389062 0.726852 0.388021 0.727778 0.386458 0.730556 0.385937 0.732407 0.385417 0.735185 0.385417 0.740741 0.386458 0.745370 0.388021 0.748148 0.389062 0.749074 0.390625 0.750000 0.393750 0.750000 0.396354 0.748148 0.397917 0.745370 0.398958 0.740741 0.398958 0.735185 0.398438 0.732407 0.397917 0.730556 0.396354 0.727778 0.393750 0.725926 0.390625 0.725926
8 0.490729 0.541019 0.491969 0.479130 0.457448 0.476963 0.458057 0.455778 0.491969 0.456861 0.493188 0.397120 0.506021 0.397120 0.505411 0.459037 0.537917 0.461204 0.537812 0.483241 0.503880 0.480759 0.503594 0.539444
8 0.490729 0.541019 0.491969 0.479130 0.457448 0.476963 0.458057 0.455778 0.491969 0.456861 0.493188 0.397120 0.506021 0.397120 0.505411 0.459037 0.537917 0.461204 0.537812 0.483241 0.503880 0.480759 0.503594 0.539444
1 0.289062 0.603704 0.287500 0.604630 0.286458 0.605556 0.284896 0.608333 0.284375 0.610185 0.283854 0.612963 0.283854 0.618519 0.284896 0.623148 0.286458 0.625926 0.287500 0.626852 0.289062 0.627778 0.292187 0.627778 0.294792 0.625926 0.296354 0.623148 0.297396 0.618519 0.297396 0.612963 0.296875 0.610185 0.296354 0.608333 0.294792 0.605556 0.292187 0.603704 0.289062 0.603704
1 0.239583 0.673148 0.238021 0.674074 0.236979 0.675000 0.235417 0.677778 0.234896 0.679630 0.234375 0.682407 0.234375 0.687963 0.235417 0.692593 0.236979 0.695370 0.238021 0.696296 0.239583 0.697222 0.242708 0.697222 0.245312 0.695370 0.246875 0.692593 0.247917 0.687963 0.247917 0.682407 0.247396 0.679630 0.246875 0.677778 0.245312 0.675000 0.242708 0.673148 0.239583 0.673148
1 0.248438 0.439815 0.246875 0.440741 0.245833 0.441667 0.244271 0.444444 0.243750 0.446296 0.243229 0.449074 0.243229 0.454630 0.244271 0.459259 0.245833 0.462037 0.246875 0.462963 0.248438 0.463889 0.251563 0.463889 0.254167 0.462037 0.255729 0.459259 0.256771 0.454630 0.256771 0.449074 0.256250 0.446296 0.255729 0.444444 0.254167 0.441667 0.251563 0.439815 0.248438 0.439815
1 0.273958 0.375926 0.272396 0.376852 0.271354 0.377778 0.269792 0.380556 0.269271 0.382407 0.268750 0.385185 0.268750 0.390741 0.269792 0.395370 0.271354 0.398148 0.272396 0.399074 0.273958 0.400000 0.277083 0.400000 0.279687 0.398148 0.281250 0.395370 0.282292 0.390741 0.282292 0.385185 0.281771 0.382407 0.281250 0.380556 0.279687 0.377778 0.277083 0.375926 0.273958 0.375926
1 0.199479 0.710185 0.197917 0.711111 0.196875 0.712037 0.195312 0.714815 0.194792 0.716667 0.194271 0.719444 0.194271 0.725000 0.195312 0.729630 0.196875 0.732407 0.197917 0.733333 0.199479 0.734259 0.202604 0.734259 0.205208 0.732407 0.206771 0.729630 0.207813 0.725000 0.207813 0.719444 0.207292 0.716667 0.206771 0.714815 0.205208 0.712037 0.202604 0.710185 0.199479 0.710185
1 0.252083 0.362037 0.250521 0.362963 0.249479 0.363889 0.247917 0.366667 0.247396 0.368519 0.246875 0.371296 0.246875 0.376852 0.247917 0.381481 0.249479 0.384259 0.250521 0.385185 0.252083 0.386111 0.255208 0.386111 0.257812 0.384259 0.259375 0.381481 0.260417 0.376852 0.260417 0.371296 0.259896 0.368519 0.259375 0.366667 0.257812 0.363889 0.255208 0.362037 0.252083 0.362037
0 0.388542 0.894444 0.387500 0.895370 0.383854 0.901852 0.383333 0.904630 0.382812 0.908333 0.382812 0.916667 0.383333 0.920370 0.385417 0.924074 0.388542 0.926852 0.391146 0.927778 0.392188 0.927778 0.393750 0.926852 0.396354 0.924074 0.399479 0.919444 0.400521 0.916667 0.401042 0.914815 0.401042 0.906481 0.400521 0.903704 0.397396 0.897222 0.395833 0.894444 0.388542 0.894444
0 0.532292 0.549074 0.530208 0.550926 0.529167 0.551852 0.528646 0.552778 0.528646 0.553704 0.527604 0.555556 0.527083 0.557407 0.526563 0.559259 0.526563 0.568519 0.528125 0.574074 0.529167 0.575926 0.530729 0.576852 0.532292 0.577778 0.537500 0.577778 0.540625 0.575000 0.541667 0.573148 0.542188 0.571296 0.542708 0.569444 0.543229 0.566667 0.543229 0.562037 0.542708 0.557407 0.542188 0.555556 0.541146 0.553704 0.541146 0.552778 0.540625 0.551852 0.540104 0.551852 0.539062 0.550000 0.538021 0.549074 0.532292 0.549074
