0 0.465625 0.666667 0.464062 0.667593 0.463021 0.668519 0.461458 0.671296 0.460938 0.673148 0.460417 0.675000 0.460417 0.680556 0.460938 0.682407 0.461458 0.684259 0.463021 0.687037 0.464062 0.687963 0.465625 0.688889 0.468750 0.688889 0.471354 0.687037 0.472917 0.684259 0.473438 0.682407 0.473958 0.680556 0.473958 0.675000 0.473438 0.673148 0.472917 0.671296 0.471354 0.668519 0.468750 0.666667 0.465625 0.666667
0 0.494792 0.651852 0.492188 0.653704 0.491146 0.655556 0.491146 0.656481 0.489583 0.659259 0.489063 0.662037 0.489063 0.666667 0.490104 0.670370 0.491146 0.672222 0.492188 0.674074 0.494792 0.675926 0.498958 0.675926 0.501563 0.674074 0.502604 0.672222 0.503646 0.670370 0.504167 0.668519 0.504687 0.666667 0.504687 0.662037 0.504167 0.659259 0.502604 0.656481 0.502604 0.655556 0.501563 0.653704 0.498958 0.651852 0.494792 0.651852
1 0.616146 0.732407 0.614583 0.733333 0.613542 0.734259 0.611979 0.737037 0.611458 0.738889 0.610938 0.741667 0.610938 0.747222 0.611979 0.751852 0.613542 0.754630 0.614583 0.755556 0.616146 0.756481 0.619271 0.756481 0.621875 0.754630 0.623437 0.751852 0.624479 0.747222 0.624479 0.741667 0.623958 0.738889 0.623437 0.737037 0.621875 0.734259 0.619271 0.732407 0.616146 0.732407
1 0.523958 0.648148 0.522396 0.649074 0.521354 0.650000 0.519792 0.652778 0.519271 0.654630 0.518750 0.657407 0.518750 0.662963 0.519792 0.667593 0.521354 0.670370 0.522396 0.671296 0.523958 0.672222 0.527083 0.672222 0.529687 0.670370 0.531250 0.667593 0.532292 0.662963 0.532292 0.657407 0.531771 0.654630 0.531250 0.652778 0.529687 0.650000 0.527083 0.648148 0.523958 0.648148
1 0.243229 0.801852 0.241667 0.802778 0.240625 0.803704 0.239063 0.806481 0.238542 0.808333 0.238021 0.811111 0.238021 0.816667 0.239063 0.821296 0.240625 0.824074 0.241667 0.825000 0.243229 0.825926 0.246354 0.825926 0.248958 0.824074 0.250521 0.821296 0.251563 0.816667 0.251563 0.811111 0.251042 0.808333 0.250521 0.806481 0.248958 0.803704 0.246354 0.801852 0.243229 0.801852
8 0.490729 0.541019 0.491969 0.479130 0.457448 0.476963 0.458057 0.455778 0.491969 0.456861 0.493188 0.397120 0.506021 0.397120 0.505411 0.459037 0.537917 0.461204 0.537812 0.483241 0.503880 0.480759 0.503594 0.539444
1 0.732292 0.898148 0.730729 0.899074 0.729688 0.900000 0.728125 0.902778 0.727604 0.904630 0.727083 0.907407 0.727083 0.912963 0.728125 0.917593 0.729688 0.920370 0.730729 0.921296 0.732292 0.922222 0.735417 0.922222 0.738021 0.920370 0.739583 0.917593 0.740625 0.912963 0.740625 0.907407 0.740104 0.904630 0.739583 0.902778 0.738021 0.900000 0.735417 0.898148 0.732292 0.898148
8 0.490729 0.541019 0.491969 0.479130 0.457448 0.476963 0.458057 0.455778 0.491969 0.456861 0.493188 0.397120 0.506021 0.397120 0.505411 0.459037 0.537917 0.461204 0.537812 0.483241 0.503880 0.480759 0.503594 0.539444
1 0.308333 0.902778 0.306771 0.903704 0.305729 0.904630 0.304167 0.907407 0.303646 0.909259 0.303125 0.912037 0.303125 0.917593 0.304167 0.922222 0.305729 0.925000 0.306771 0.925926 0.308333 0.926852 0.311458 0.926852 0.314063 0.925000 0.315625 0.922222 0.316667 0.917593 0.316667 0.912037 0.316146 0.909259 0.315625 0.907407 0.314063 0.904630 0.311458 0.902778 0.308333 0.902778
1 0.285417 0.184259 0.283854 0.185185 0.282813 0.186111 0.281250 0.188889 0.280729 0.190741 0.280208 0.193519 0.280208 0.199074 0.281250 0.203704 0.282813 0.206481 0.283854 0.207407 0.285417 0.208333 0.288542 0.208333 0.291146 0.206481 0.292708 0.203704 0.293750 0.199074 0.293750 0.193519 0.293229 0.190741 0.292708 0.188889 0.291146 0.186111 0.288542 0.184259 0.285417 0.184259
1 0.169271 0.381481 0.167708 0.382407 0.166667 0.383333 0.165104 0.386111 0.164583 0.387963 0.164062 0.390741 0.164062 0.396296 0.165104 0.400926 0.166667 0.403704 0.167708 0.404630 0.169271 0.405556 0.172396 0.405556 0.175000 0.403704 0.176563 0.400926 0.177604 0.396296 0.177604 0.390741 0.177083 0.387963 0.176563 0.386111 0.175000 0.383333 0.172396 0.381481 0.169271 0.381481
1 0.394792 0.656481 0.393229 0.657407 0.392188 0.658333 0.390625 0.661111 0.390104 0.662963 0.389583 0.665741 0.389583 0.671296 0.390625 0.675926 0.392188 0.678704 0.393229 0.679630 0.394792 0.680556 0.397917 0.680556 0.400521 0.678704 0.402083 0.675926 0.403125 0.671296 0.403125 0.665741 0.402604 0.662963 0.402083 0.661111 0.400521 0.658333 0.397917 0.656481 0.394792 0.656481
1 0.377604 0.760185 0.376042 0.761111 0.375000 0.762037 0.373437 0.764815 0.372917 0.766667 0.372396 0.769444 0.372396 0.775000 0.373437 0.779630 0.375000 0.782407 0.376042 0.783333 0.377604 0.784259 0.380729 0.784259 0.383333 0.782407 0.384896 0.779630 0.385937 0.775000 0.385937 0.769444 0.385417 0.766667 0.384896 0.764815 0.383333 0.762037 0.380729 0.760185 0.377604 0.760185
1 0.409375 0.854630 0.407813 0.855556 0.406771 0.856481 0.405208 0.859259 0.404687 0.861111 0.404167 0.863889 0.404167 0.869444 0.405208 0.874074 0.406771 0.876852 0.407813 0.877778 0.409375 0.878704 0.412500 0.878704 0.415104 0.876852 0.416667 0.874074 0.417708 0.869444 0.417708 0.863889 0.417187 0.861111 0.416667 0.859259 0.415104 0.856481 0.412500 0.854630 0.409375 0.854630
1 0.633333 0.827778 0.631771 0.828704 0.630729 0.829630 0.629167 0.832407 0.628646 0.834259 0.628125 0.837037 0.628125 0.842593 0.629167 0.847222 0.630729 0.850000 0.631771 0.850926 0.633333 0.851852 0.636458 0.851852 0.639062 0.850000 0.640625 0.847222 0.641667 0.842593 0.641667 0.837037 0.641146 0.834259 0.640625 0.832407 0.639062 0.829630 0.636458 0.827778 0.633333 0.827778
