8 0.490729 0.541019 0.491969 0.479130 0.457448 0.476963 0.458057 0.455778 0.491969 0.456861 0.493188 0.397120 0.506021 0.397120 0.505411 0.459037 0.537917 0.461204 0.537812 0.483241 0.503880 0.480759 0.503594 0.539444
0 0.373958 0.665741 0.372396 0.666667 0.371354 0.667593 0.369792 0.670370 0.368229 0.674074 0.367708 0.677778 0.367708 0.684259 0.368229 0.687037 0.369271 0.689815 0.371354 0.693519 0.372396 0.694444 0.373958 0.695370 0.377604 0.695370 0.378646 0.694444 0.379688 0.693519 0.381771 0.689815 0.382812 0.687037 0.383333 0.684259 0.383333 0.677778 0.382812 0.674074 0.381250 0.670370 0.379688 0.667593 0.378646 0.666667 0.377604 0.665741 0.373958 0.665741
1 0.505208 0.828704 0.503646 0.829630 0.502604 0.830556 0.501042 0.833333 0.500521 0.835185 0.500000 0.837963 0.500000 0.843519 0.501042 0.848148 0.502604 0.850926 0.503646 0.851852 0.505208 0.852778 0.508333 0.852778 0.510938 0.850926 0.512500 0.848148 0.513542 0.843519 0.513542 0.837963 0.513021 0.835185 0.512500 0.833333 0.510938 0.830556 0.508333 0.828704 0.505208 0.828704
1 0.796354 0.465741 0.794792 0.466667 0.793750 0.467593 0.792188 0.470370 0.791667 0.472222 0.791146 0.475000 0.791146 0.480556 0.792188 0.485185 0.793750 0.487963 0.794792 0.488889 0.796354 0.489815 0.799479 0.489815 0.802083 0.487963 0.803646 0.485185 0.804688 0.480556 0.804688 0.475000 0.804167 0.472222 0.803646 0.470370 0.802083 0.467593 0.799479 0.465741 0.796354 0.465741
1 0.731771 0.213889 0.730208 0.214815 0.729167 0.215741 0.727604 0.218519 0.727083 0.220370 0.726562 0.223148 0.726562 0.228704 0.727604 0.233333 0.729167 0.236111 0.730208 0.237037 0.731771 0.237963 0.734896 0.237963 0.737500 0.236111 0.739062 0.233333 0.740104 0.228704 0.740104 0.223148 0.739583 0.220370 0.739062 0.218519 0.737500 0.215741 0.734896 0.213889 0.731771 0.213889
1 0.715104 0.100926 0.713542 0.101852 0.712500 0.102778 0.710938 0.105556 0.710417 0.107407 0.709896 0.110185 0.709896 0.115741 0.710938 0.120370 0.712500 0.123148 0.713542 0.124074 0.715104 0.125000 0.718229 0.125000 0.720833 0.123148 0.722396 0.120370 0.723437 0.115741 0.723437 0.110185 0.722917 0.107407 0.722396 0.105556 0.720833 0.102778 0.718229 0.100926 0.715104 0.100926
1 0.696354 0.105556 0.694792 0.106481 0.693750 0.107407 0.692187 0.110185 0.691667 0.112037 0.691146 0.114815 0.691146 0.120370 0.692187 0.125000 0.693750 0.127778 0.694792 0.128704 0.696354 0.129630 0.699479 0.129630 0.702083 0.127778 0.703646 0.125000 0.704688 0.120370 0.704688 0.114815 0.704167 0.112037 0.703646 0.110185 0.702083 0.107407 0.699479 0.105556 0.696354 0.105556
1 0.660937 0.125926 0.659375 0.126852 0.658333 0.127778 0.656771 0.130556 0.656250 0.132407 0.655729 0.135185 0.655729 0.140741 0.656771 0.145370 0.658333 0.148148 0.659375 0.149074 0.660937 0.150000 0.664062 0.150000 0.666667 0.148148 0.668229 0.145370 0.669271 0.140741 0.669271 0.135185 0.668750 0.132407 0.668229 0.130556 0.666667 0.127778 0.664062 0.125926 0.660937 0.125926
1 0.589063 0.206481 0.587500 0.207407 0.586458 0.208333 0.584896 0.211111 0.584375 0.212963 0.583854 0.215741 0.583854 0.221296 0.584896 0.225926 0.586458 0.228704 0.587500 0.229630 0.589063 0.230556 0.592187 0.230556 0.594792 0.228704 0.596354 0.225926 0.597396 0.221296 0.597396 0.215741 0.596875 0.212963 0.596354 0.211111 0.594792 0.208333 0.592187 0.206481 0.589063 0.206481
1 0.380729 0.059259 0.379167 0.060185 0.378125 0.061111 0.376563 0.063889 0.376042 0.065741 0.375521 0.068519 0.375521 0.074074 0.376563 0.078704 0.378125 0.081481 0.379167 0.082407 0.380729 0.083333 0.383854 0.083333 0.386458 0.081481 0.388021 0.078704 0.389062 0.074074 0.389062 0.068519 0.388542 0.065741 0.388021 0.063889 0.386458 0.061111 0.383854 0.059259 0.380729 0.059259
8 0.490729 0.541019 0.491969 0.479130 0.457448 0.476963 0.458057 0.455778 0.491969 0.456861 0.493188 0.397120 0.506021 0.397120 0.505411 0.459037 0.537917 0.461204 0.537812 0.483241 0.503880 0.480759 0.503594 0.539444
