0 0.533854 0.550926 0.532292 0.551852 0.531250 0.552778 0.528646 0.557407 0.528125 0.559259 0.527604 0.562037 0.527604 0.566667 0.528125 0.568519 0.528646 0.570370 0.531250 0.575000 0.532292 0.575926 0.533854 0.576852 0.536458 0.576852 0.537500 0.575926 0.538542 0.575000 0.541146 0.570370 0.541667 0.568519 0.542188 0.566667 0.542188 0.562037 0.541667 0.559259 0.541146 0.557407 0.538542 0.552778 0.537500 0.551852 0.536458 0.550926 0.533854 0.550926
1 0.593229 0.475000 0.591667 0.475926 0.590625 0.476852 0.589063 0.479630 0.588542 0.481481 0.588021 0.484259 0.588021 0.489815 0.589063 0.494444 0.590625 0.497222 0.591667 0.498148 0.593229 0.499074 0.596354 0.499074 0.598958 0.497222 0.600521 0.494444 0.601562 0.489815 0.601562 0.484259 0.601042 0.481481 0.600521 0.479630 0.598958 0.476852 0.596354 0.475000 0.593229 0.475000
1 0.728125 0.550000 0.726562 0.550926 0.725521 0.551852 0.723958 0.554630 0.723437 0.556481 0.722917 0.559259 0.722917 0.564815 0.723958 0.569444 0.725521 0.572222 0.726562 0.573148 0.728125 0.574074 0.731250 0.574074 0.733854 0.572222 0.735417 0.569444 0.736458 0.564815 0.736458 0.559259 0.735938 0.556481 0.735417 0.554630 0.733854 0.551852 0.731250 0.550000 0.728125 0.550000
1 0.771875 0.774074 0.770312 0.775000 0.769271 0.775926 0.767708 0.778704 0.767188 0.780556 0.766667 0.783333 0.766667 0.788889 0.767708 0.793519 0.769271 0.796296 0.770312 0.797222 0.771875 0.798148 0.775000 0.798148 0.777604 0.796296 0.779167 0.793519 0.780208 0.788889 0.780208 0.783333 0.779687 0.780556 0.779167 0.778704 0.777604 0.775926 0.775000 0.774074 0.771875 0.774074
1 0.801562 0.875000 0.800000 0.875926 0.798958 0.876852 0.797396 0.879630 0.796875 0.881481 0.796354 0.884259 0.796354 0.889815 0.797396 0.894444 0.798958 0.897222 0.800000 0.898148 0.801562 0.899074 0.804688 0.899074 0.807292 0.897222 0.808854 0.894444 0.809896 0.889815 0.809896 0.884259 0.809375 0.881481 0.808854 0.879630 0.807292 0.876852 0.804688 0.875000 0.801562 0.875000
1 0.502083 0.851852 0.500521 0.852778 0.499479 0.853704 0.497917 0.856481 0.497396 0.858333 0.496875 0.861111 0.496875 0.866667 0.497917 0.871296 0.499479 0.874074 0.500521 0.875000 0.502083 0.875926 0.505208 0.875926 0.507812 0.874074 0.509375 0.871296 0.510417 0.866667 0.510417 0.861111 0.509896 0.858333 0.509375 0.856481 0.507812 0.853704 0.505208 0.851852 0.502083 0.851852
1 0.486458 0.872222 0.484896 0.873148 0.483854 0.874074 0.482292 0.876852 0.481771 0.878704 0.481250 0.881481 0.481250 0.887037 0.482292 0.891667 0.483854 0.894444 0.484896 0.895370 0.486458 0.896296 0.489583 0.896296 0.492188 0.894444 0.493750 0.891667 0.494792 0.887037 0.494792 0.881481 0.494271 0.878704 0.493750 0.876852 0.492188 0.874074 0.489583 0.872222 0.486458 0.872222
1 0.403125 0.835185 0.401562 0.836111 0.400521 0.837037 0.398958 0.839815 0.398438 0.841667 0.397917 0.844444 0.397917 0.850000 0.398958 0.854630 0.400521 0.857407 0.401562 0.858333 0.403125 0.859259 0.406250 0.859259 0.408854 0.857407 0.410417 0.854630 0.411458 0.850000 0.411458 0.844444 0.410938 0.841667 0.410417 0.839815 0.408854 0.837037 0.406250 0.835185 0.403125 0.835185
1 0.287500 0.787037 0.285938 0.787963 0.284896 0.788889 0.283333 0.791667 0.282813 0.793519 0.282292 0.796296 0.282292 0.801852 0.283333 0.806481 0.284896 0.809259 0.285938 0.810185 0.287500 0.811111 0.290625 0.811111 0.293229 0.809259 0.294792 0.806481 0.295833 0.801852 0.295833 0.796296 0.295312 0.793519 0.294792 0.791667 0.293229 0.788889 0.290625 0.787037 0.287500 0.787037
1 0.377083 0.584259 0.375521 0.585185 0.374479 0.586111 0.372917 0.588889 0.372396 0.590741 0.371875 0.593519 0.371875 0.599074 0.372917 0.603704 0.374479 0.606481 0.375521 0.607407 0.377083 0.608333 0.380208 0.608333 0.382812 0.606481 0.384375 0.603704 0.385417 0.599074 0.385417 0.593519 0.384896 0.590741 0.384375 0.588889 0.382812 0.586111 0.380208 0.584259 0.377083 0.584259
1 0.466667 0.502778 0.465104 0.503704 0.464062 0.504630 0.462500 0.507407 0.461979 0.509259 0.461458 0.512037 0.461458 0.517593 0.462500 0.522222 0.464062 0.525000 0.465104 0.525926 0.466667 0.526852 0.469792 0.526852 0.472396 0.525000 0.473958 0.522222 0.475000 0.517593 0.475000 0.512037 0.474479 0.509259 0.473958 0.507407 0.472396 0.504630 0.469792 0.502778 0.466667 0.502778
1 0.780729 0.638889 0.779167 0.639815 0.778125 0.640741 0.776563 0.643519 0.776042 0.645370 0.775521 0.648148 0.775521 0.653704 0.776563 0.658333 0.778125 0.661111 0.779167 0.662037 0.780729 0.662963 0.783854 0.662963 0.786458 0.661111 0.788021 0.658333 0.789062 0.653704 0.789062 0.648148 0.788542 0.645370 0.788021 0.643519 0.786458 0.640741 0.783854 0.638889 0.780729 0.638889
1 0.815104 0.549074 0.813542 0.550000 0.812500 0.550926 0.810937 0.553704 0.810417 0.555556 0.809896 0.558333 0.809896 0.563889 0.810937 0.568519 0.812500 0.571296 0.813542 0.572222 0.815104 0.573148 0.818229 0.573148 0.820833 0.571296 0.822396 0.568519 0.823438 0.563889 0.823438 0.558333 0.822917 0.555556 0.822396 0.553704 0.820833 0.550926 0.818229 0.549074 0.815104 0.549074
8 0.490729 0.541019 0.491969 0.479130 0.457448 0.476963 0.458057 0.455778 0.491969 0.456861 0.493188 0.397120 0.506021 0.397120 0.505411 0.459037 0.537917 0.461204 0.537812 0.483241 0.503880 0.480759 0.503594 0.539444
8 0.490729 0.541019 0.491969 0.479130 0.457448 0.476963 0.458057 0.455778 0.491969 0.456861 0.493188 0.397120 0.506021 0.397120 0.505411 0.459037 0.537917 0.461204 0.537812 0.483241 0.503880 0.480759 0.503594 0.539444
0 0.356771 0.846296 0.355208 0.847222 0.354167 0.848148 0.352604 0.850000 0.351562 0.852778 0.351042 0.854630 0.350521 0.857407 0.350521 0.863889 0.351562 0.867593 0.352083 0.869444 0.352604 0.870370 0.353125 0.870370 0.354167 0.872222 0.355208 0.873148 0.356771 0.874074 0.360417 0.874074 0.363542 0.871296 0.364583 0.869444 0.366146 0.863889 0.366146 0.857407 0.365625 0.854630 0.365104 0.852778 0.364063 0.850926 0.364063 0.850000 0.363542 0.849074 0.362500 0.848148 0.360417 0.846296 0.356771 0.846296
