1 0.606250 0.895370 0.604688 0.896296 0.603646 0.897222 0.602083 0.899074 0.601042 0.901852 0.600521 0.903704 0.600000 0.906481 0.600000 0.912963 0.601042 0.916667 0.601562 0.918519 0.602083 0.919444 0.602604 0.919444 0.603646 0.921296 0.604688 0.922222 0.606250 0.923148 0.609896 0.923148 0.613021 0.920370 0.614062 0.918519 0.615625 0.912963 0.615625 0.906481 0.615104 0.903704 0.614583 0.901852 0.613542 0.900000 0.613542 0.899074 0.613021 0.898148 0.611979 0.897222 0.609896 0.895370 0.606250 0.895370
8 0.490729 0.541019 0.491969 0.479130 0.457448 0.476963 0.458057 0.455778 0.491969 0.456861 0.493188 0.397120 0.506021 0.397120 0.505411 0.459037 0.537917 0.461204 0.537812 0.483241 0.503880 0.480759 0.503594 0.539444
8 0.490729 0.541019 0.491969 0.479130 0.457448 0.476963 0.458057 0.455778 0.491969 0.456861 0.493188 0.397120 0.506021 0.397120 0.505411 0.459037 0.537917 0.461204 0.537812 0.483241 0.503880 0.480759 0.503594 0.539444
1 0.389583 0.890741 0.386979 0.892593 0.384896 0.896296 0.384375 0.898148 0.383854 0.900926 0.383854 0.904630 0.384375 0.907407 0.384896 0.909259 0.386979 0.912963 0.389583 0.914815 0.392708 0.914815 0.395313 0.912963 0.397396 0.909259 0.397917 0.907407 0.398438 0.904630 0.398438 0.900926 0.397917 0.898148 0.397396 0.896296 0.395313 0.892593 0.392708 0.890741 0.389583 0.890741
1 0.448958 0.774074 0.447396 0.775000 0.446354 0.775926 0.444792 0.778704 0.444271 0.780556 0.443750 0.783333 0.443750 0.788889 0.444792 0.793519 0.446354 0.796296 0.447396 0.797222 0.448958 0.798148 0.452083 0.798148 0.454688 0.796296 0.456250 0.793519 0.457292 0.788889 0.457292 0.783333 0.456771 0.780556 0.456250 0.778704 0.454688 0.775926 0.452083 0.774074 0.448958 0.774074
1 0.532813 0.900926 0.531250 0.901852 0.530208 0.902778 0.527083 0.908333 0.526563 0.911111 0.526563 0.914815 0.527083 0.917593 0.527604 0.919444 0.530208 0.923148 0.531250 0.924074 0.532813 0.925000 0.536979 0.925000 0.538542 0.924074 0.539583 0.923148 0.542188 0.919444 0.542708 0.917593 0.543229 0.914815 0.543229 0.911111 0.542708 0.908333 0.539583 0.902778 0.538542 0.901852 0.536979 0.900926 0.532813 0.900926
1 0.577083 0.900000 0.575521 0.900926 0.573438 0.903704 0.572917 0.904630 0.572396 0.906481 0.571354 0.910185 0.571354 0.917593 0.572396 0.922222 0.573438 0.924074 0.573958 0.924074 0.575521 0.926852 0.577083 0.927778 0.580208 0.927778 0.581771 0.926852 0.583333 0.924074 0.583854 0.924074 0.584896 0.922222 0.585938 0.917593 0.585938 0.910185 0.584896 0.906481 0.584375 0.904630 0.583854 0.903704 0.581771 0.900926 0.580208 0.900000 0.577083 0.900000
1 0.688021 0.868519 0.685937 0.869444 0.684896 0.870370 0.683333 0.872222 0.681771 0.875000 0.680729 0.879630 0.680729 0.885185 0.681250 0.887963 0.681771 0.889815 0.683333 0.892593 0.684896 0.894444 0.685937 0.895370 0.688021 0.896296 0.691667 0.896296 0.693229 0.895370 0.694271 0.894444 0.695312 0.893519 0.697396 0.889815 0.697917 0.887963 0.698438 0.885185 0.698438 0.879630 0.697396 0.875000 0.695312 0.871296 0.694271 0.870370 0.693229 0.869444 0.691667 0.868519 0.688021 0.868519
1 0.728646 0.483333 0.726562 0.485185 0.725521 0.486111 0.725000 0.487037 0.723437 0.490741 0.722917 0.493519 0.722917 0.499074 0.723437 0.501852 0.725000 0.505556 0.725521 0.506481 0.726562 0.507407 0.728646 0.509259 0.732812 0.509259 0.735417 0.507407 0.736458 0.505556 0.736458 0.504630 0.738021 0.501852 0.738542 0.499074 0.738542 0.493519 0.738021 0.490741 0.736458 0.487963 0.736458 0.487037 0.735417 0.485185 0.732812 0.483333 0.728646 0.483333
1 0.519271 0.078704 0.517188 0.079630 0.515104 0.082407 0.513542 0.085185 0.513021 0.087037 0.512500 0.089815 0.512500 0.096296 0.513021 0.098148 0.513542 0.100000 0.515104 0.102778 0.517188 0.105556 0.519271 0.106481 0.522917 0.106481 0.524479 0.105556 0.526042 0.103704 0.528125 0.100000 0.528646 0.098148 0.529167 0.096296 0.529167 0.089815 0.528646 0.087037 0.528125 0.085185 0.526042 0.081481 0.524479 0.079630 0.522917 0.078704 0.519271 0.078704
1 0.594271 0.062963 0.592187 0.064815 0.591146 0.065741 0.590625 0.066667 0.589063 0.070370 0.588542 0.073148 0.588542 0.078704 0.589063 0.081481 0.590625 0.085185 0.591146 0.086111 0.592187 0.087037 0.594271 0.088889 0.598437 0.088889 0.601042 0.087037 0.602083 0.085185 0.602083 0.084259 0.603646 0.081481 0.604167 0.078704 0.604167 0.073148 0.603646 0.070370 0.602083 0.067593 0.602083 0.066667 0.601042 0.064815 0.598437 0.062963 0.594271 0.062963
1 0.621354 0.109259 0.619792 0.110185 0.618750 0.111111 0.617188 0.113889 0.616667 0.115741 0.616146 0.117593 0.616146 0.123148 0.616667 0.125000 0.617188 0.126852 0.618750 0.129630 0.619792 0.130556 0.621354 0.131481 0.624479 0.131481 0.627083 0.129630 0.628646 0.126852 0.629167 0.125000 0.629687 0.123148 0.629687 0.117593 0.629167 0.115741 0.628646 0.113889 0.627083 0.111111 0.624479 0.109259 0.621354 0.109259
1 0.804688 0.187037 0.802604 0.188889 0.801562 0.189815 0.801042 0.190741 0.799479 0.194444 0.798958 0.197222 0.798958 0.202778 0.799479 0.205556 0.801042 0.209259 0.801562 0.210185 0.802604 0.211111 0.804688 0.212963 0.808854 0.212963 0.811458 0.211111 0.812500 0.209259 0.812500 0.208333 0.814063 0.205556 0.814583 0.202778 0.814583 0.197222 0.814063 0.194444 0.812500 0.191667 0.812500 0.190741 0.811458 0.188889 0.808854 0.187037 0.804688 0.187037
1 0.330729 0.257407 0.329167 0.258333 0.328125 0.259259 0.325521 0.263889 0.325000 0.265741 0.324479 0.268519 0.324479 0.273148 0.325000 0.275000 0.325521 0.276852 0.328125 0.281481 0.329167 0.282407 0.330729 0.283333 0.333333 0.283333 0.334375 0.282407 0.335417 0.281481 0.338021 0.276852 0.338542 0.275000 0.339062 0.273148 0.339062 0.268519 0.338542 0.265741 0.338021 0.263889 0.335417 0.259259 0.334375 0.258333 0.333333 0.257407 0.330729 0.257407
0 0.744792 0.825000 0.743229 0.825926 0.741146 0.828704 0.739583 0.831481 0.739062 0.833333 0.738542 0.836111 0.738542 0.841667 0.739062 0.845370 0.742708 0.852778 0.744271 0.854630 0.746354 0.855556 0.751042 0.855556 0.752604 0.854630 0.755729 0.849074 0.756250 0.847222 0.756771 0.841667 0.756250 0.836111 0.754687 0.831481 0.753646 0.829630 0.752083 0.827778 0.748437 0.825000 0.744792 0.825000
