1 0.287500 0.214815 0.285938 0.215741 0.284896 0.216667 0.283333 0.219444 0.282813 0.221296 0.282292 0.224074 0.282292 0.229630 0.283333 0.234259 0.284896 0.237037 0.285938 0.237963 0.287500 0.238889 0.290625 0.238889 0.293229 0.237037 0.294792 0.234259 0.295833 0.229630 0.295833 0.224074 0.295312 0.221296 0.294792 0.219444 0.293229 0.216667 0.290625 0.214815 0.287500 0.214815
1 0.272917 0.376852 0.271354 0.377778 0.270313 0.378704 0.268750 0.381481 0.268229 0.383333 0.267708 0.386111 0.267708 0.391667 0.268750 0.396296 0.270313 0.399074 0.271354 0.400000 0.272917 0.400926 0.276042 0.400926 0.278646 0.399074 0.280208 0.396296 0.281250 0.391667 0.281250 0.386111 0.280729 0.383333 0.280208 0.381481 0.278646 0.378704 0.276042 0.376852 0.272917 0.376852
1 0.189583 0.321296 0.188021 0.322222 0.186979 0.323148 0.185417 0.325926 0.184896 0.327778 0.184375 0.330556 0.184375 0.336111 0.185417 0.340741 0.186979 0.343519 0.188021 0.344444 0.189583 0.345370 0.192708 0.345370 0.195312 0.343519 0.196875 0.340741 0.197917 0.336111 0.197917 0.330556 0.197396 0.327778 0.196875 0.325926 0.195312 0.323148 0.192708 0.321296 0.189583 0.321296
1 0.463542 0.484259 0.461979 0.485185 0.460938 0.486111 0.459375 0.488889 0.458854 0.490741 0.458333 0.493519 0.458333 0.499074 0.459375 0.503704 0.460938 0.506481 0.461979 0.507407 0.463542 0.508333 0.466667 0.508333 0.469271 0.506481 0.470833 0.503704 0.471875 0.499074 0.471875 0.493519 0.471354 0.490741 0.470833 0.488889 0.469271 0.486111 0.466667 0.484259 0.463542 0.484259
1 0.497396 0.830556 0.495833 0.831481 0.494792 0.832407 0.493229 0.835185 0.492708 0.837037 0.492188 0.839815 0.492188 0.845370 0.493229 0.850000 0.494792 0.852778 0.495833 0.853704 0.497396 0.854630 0.500521 0.854630 0.503125 0.852778 0.504687 0.850000 0.505729 0.845370 0.505729 0.839815 0.505208 0.837037 0.504687 0.835185 0.503125 0.832407 0.500521 0.830556 0.497396 0.830556
1 0.486458 0.870370 0.484896 0.871296 0.483854 0.872222 0.482292 0.875000 0.481771 0.876852 0.481250 0.879630 0.481250 0.885185 0.482292 0.889815 0.483854 0.892593 0.484896 0.893519 0.486458 0.894444 0.489583 0.894444 0.492188 0.892593 0.493750 0.889815 0.494792 0.885185 0.494792 0.879630 0.494271 0.876852 0.493750 0.875000 0.492188 0.872222 0.489583 0.870370 0.486458 0.870370
1 0.282813 0.814815 0.281250 0.815741 0.280208 0.816667 0.278646 0.819444 0.278125 0.821296 0.277604 0.824074 0.277604 0.829630 0.278646 0.834259 0.280208 0.837037 0.281250 0.837963 0.282813 0.838889 0.285938 0.838889 0.288542 0.837037 0.290104 0.834259 0.291146 0.829630 0.291146 0.824074 0.290625 0.821296 0.290104 0.819444 0.288542 0.816667 0.285938 0.814815 0.282813 0.814815
1 0.712500 0.527778 0.710938 0.528704 0.709896 0.529630 0.708333 0.532407 0.707812 0.534259 0.707292 0.537037 0.707292 0.542593 0.708333 0.547222 0.709896 0.550000 0.710938 0.550926 0.712500 0.551852 0.715625 0.551852 0.718229 0.550000 0.719792 0.547222 0.720833 0.542593 0.720833 0.537037 0.720313 0.534259 0.719792 0.532407 0.718229 0.529630 0.715625 0.527778 0.712500 0.527778
1 0.672917 0.428704 0.671354 0.429630 0.670312 0.430556 0.668750 0.433333 0.668229 0.435185 0.667708 0.437963 0.667708 0.443519 0.668750 0.448148 0.670312 0.450926 0.671354 0.451852 0.672917 0.452778 0.676042 0.452778 0.678646 0.450926 0.680208 0.448148 0.681250 0.443519 0.681250 0.437963 0.680729 0.435185 0.680208 0.433333 0.678646 0.430556 0.676042 0.428704 0.672917 0.428704
1 0.713021 0.562037 0.711458 0.562963 0.710417 0.563889 0.708854 0.566667 0.708333 0.568519 0.707812 0.571296 0.707812 0.576852 0.708854 0.581481 0.710417 0.584259 0.711458 0.585185 0.713021 0.586111 0.716146 0.586111 0.718750 0.584259 0.720313 0.581481 0.721354 0.576852 0.721354 0.571296 0.720833 0.568519 0.720313 0.566667 0.718750 0.563889 0.716146 0.562037 0.713021 0.562037
1 0.801042 0.875000 0.799479 0.875926 0.798438 0.876852 0.796875 0.879630 0.796354 0.881481 0.795833 0.884259 0.795833 0.889815 0.796875 0.894444 0.798438 0.897222 0.799479 0.898148 0.801042 0.899074 0.804167 0.899074 0.806771 0.897222 0.808333 0.894444 0.809375 0.889815 0.809375 0.884259 0.808854 0.881481 0.808333 0.879630 0.806771 0.876852 0.804167 0.875000 0.801042 0.875000
1 0.622917 0.063889 0.621354 0.064815 0.620313 0.065741 0.618750 0.068519 0.618229 0.070370 0.617708 0.073148 0.617708 0.078704 0.618750 0.083333 0.620313 0.086111 0.621354 0.087037 0.622917 0.087963 0.626042 0.087963 0.628646 0.086111 0.630208 0.083333 0.631250 0.078704 0.631250 0.073148 0.630729 0.070370 0.630208 0.068519 0.628646 0.065741 0.626042 0.063889 0.622917 0.063889
8 0.490729 0.541019 0.491969 0.479130 0.457448 0.476963 0.458057 0.455778 0.491969 0.456861 0.493188 0.397120 0.506021 0.397120 0.505411 0.459037 0.537917 0.461204 0.537812 0.483241 0.503880 0.480759 0.503594 0.539444
8 0.490729 0.541019 0.491969 0.479130 0.457448 0.476963 0.458057 0.455778 0.491969 0.456861 0.493188 0.397120 0.506021 0.397120 0.505411 0.459037 0.537917 0.461204 0.537812 0.483241 0.503880 0.480759 0.503594 0.539444
0 0.534375 0.551852 0.533333 0.552778 0.532292 0.553704 0.530729 0.556481 0.530208 0.558333 0.529687 0.561111 0.529687 0.566667 0.530208 0.569444 0.530729 0.571296 0.532292 0.574074 0.533333 0.575000 0.534375 0.575926 0.536458 0.575926 0.537500 0.575000 0.538542 0.574074 0.540104 0.571296 0.540625 0.569444 0.541146 0.566667 0.541146 0.561111 0.540625 0.558333 0.540104 0.556481 0.538542 0.553704 0.537500 0.552778 0.536458 0.551852 0.534375 0.551852
0 0.389583 0.866667 0.387500 0.868519 0.386458 0.870370 0.385937 0.872222 0.385417 0.874074 0.385417 0.881481 0.385937 0.883333 0.386979 0.885185 0.386979 0.886111 0.387500 0.887037 0.388542 0.887963 0.389583 0.888889 0.391667 0.888889 0.392708 0.887963 0.393750 0.887037 0.394271 0.886111 0.394271 0.885185 0.395313 0.883333 0.395833 0.881481 0.395833 0.874074 0.394792 0.870370 0.393750 0.868519 0.392708 0.867593 0.391667 0.866667 0.389583 0.866667
