8 0.490729 0.541019 0.491969 0.479130 0.457448 0.476963 0.458057 0.455778 0.491969 0.456861 0.493188 0.397120 0.506021 0.397120 0.505411 0.459037 0.537917 0.461204 0.537812 0.483241 0.503880 0.480759 0.503594 0.539444
8 0.490729 0.541019 0.491969 0.479130 0.457448 0.476963 0.458057 0.455778 0.491969 0.456861 0.493188 0.397120 0.506021 0.397120 0.505411 0.459037 0.537917 0.461204 0.537812 0.483241 0.503880 0.480759 0.503594 0.539444
1 0.467187 0.503704 0.465625 0.504630 0.464583 0.505556 0.463021 0.508333 0.462500 0.510185 0.461979 0.512963 0.461979 0.518519 0.463021 0.523148 0.464583 0.525926 0.465625 0.526852 0.467187 0.527778 0.470313 0.527778 0.472917 0.525926 0.474479 0.523148 0.475521 0.518519 0.475521 0.512963 0.475000 0.510185 0.474479 0.508333 0.472917 0.505556 0.470313 0.503704 0.467187 0.503704
1 0.590625 0.492593 0.589063 0.493519 0.588021 0.494444 0.586458 0.497222 0.585938 0.499074 0.585417 0.501852 0.585417 0.507407 0.586458 0.512037 0.588021 0.514815 0.589063 0.515741 0.590625 0.516667 0.593750 0.516667 0.596354 0.514815 0.597917 0.512037 0.598958 0.507407 0.598958 0.501852 0.598437 0.499074 0.597917 0.497222 0.596354 0.494444 0.593750 0.492593 0.590625 0.492593
1 0.727604 0.550000 0.726042 0.550926 0.725000 0.551852 0.723437 0.554630 0.722917 0.556481 0.722396 0.559259 0.722396 0.564815 0.723437 0.569444 0.725000 0.572222 0.726042 0.573148 0.727604 0.574074 0.730729 0.574074 0.733333 0.572222 0.734896 0.569444 0.735938 0.564815 0.735938 0.559259 0.735417 0.556481 0.734896 0.554630 0.733333 0.551852 0.730729 0.550000 0.727604 0.550000
1 0.817708 0.552778 0.816146 0.553704 0.815104 0.554630 0.813542 0.557407 0.813021 0.559259 0.812500 0.562037 0.812500 0.567593 0.813542 0.572222 0.815104 0.575000 0.816146 0.575926 0.817708 0.576852 0.820833 0.576852 0.823438 0.575000 0.825000 0.572222 0.826042 0.567593 0.826042 0.562037 0.825521 0.559259 0.825000 0.557407 0.823438 0.554630 0.820833 0.552778 0.817708 0.552778
1 0.774479 0.633333 0.772917 0.634259 0.771875 0.635185 0.770312 0.637963 0.769792 0.639815 0.769271 0.642593 0.769271 0.648148 0.770312 0.652778 0.771875 0.655556 0.772917 0.656481 0.774479 0.657407 0.777604 0.657407 0.780208 0.655556 0.781771 0.652778 0.782813 0.648148 0.782813 0.642593 0.782292 0.639815 0.781771 0.637963 0.780208 0.635185 0.777604 0.633333 0.774479 0.633333
1 0.800521 0.875000 0.798958 0.875926 0.797917 0.876852 0.796354 0.879630 0.795833 0.881481 0.795312 0.884259 0.795312 0.889815 0.796354 0.894444 0.797917 0.897222 0.798958 0.898148 0.800521 0.899074 0.803646 0.899074 0.806250 0.897222 0.807813 0.894444 0.808854 0.889815 0.808854 0.884259 0.808333 0.881481 0.807813 0.879630 0.806250 0.876852 0.803646 0.875000 0.800521 0.875000
1 0.764062 0.789815 0.762500 0.790741 0.761458 0.791667 0.759896 0.794444 0.759375 0.796296 0.758854 0.799074 0.758854 0.804630 0.759896 0.809259 0.761458 0.812037 0.762500 0.812963 0.764062 0.813889 0.767188 0.813889 0.769792 0.812037 0.771354 0.809259 0.772396 0.804630 0.772396 0.799074 0.771875 0.796296 0.771354 0.794444 0.769792 0.791667 0.767188 0.789815 0.764062 0.789815
1 0.622917 0.784259 0.621354 0.785185 0.620313 0.786111 0.618750 0.788889 0.618229 0.790741 0.617708 0.793519 0.617708 0.799074 0.618750 0.803704 0.620313 0.806481 0.621354 0.807407 0.622917 0.808333 0.626042 0.808333 0.628646 0.806481 0.630208 0.803704 0.631250 0.799074 0.631250 0.793519 0.630729 0.790741 0.630208 0.788889 0.628646 0.786111 0.626042 0.784259 0.622917 0.784259
1 0.382292 0.900926 0.380729 0.901852 0.379688 0.902778 0.378125 0.905556 0.377604 0.907407 0.377083 0.910185 0.377083 0.915741 0.378125 0.920370 0.379688 0.923148 0.380729 0.924074 0.382292 0.925000 0.385417 0.925000 0.388021 0.923148 0.389583 0.920370 0.390625 0.915741 0.390625 0.910185 0.390104 0.907407 0.389583 0.905556 0.388021 0.902778 0.385417 0.900926 0.382292 0.900926
1 0.282813 0.779630 0.281250 0.780556 0.280208 0.781481 0.278646 0.784259 0.278125 0.786111 0.277604 0.788889 0.277604 0.794444 0.278646 0.799074 0.280208 0.801852 0.281250 0.802778 0.282813 0.803704 0.285938 0.803704 0.288542 0.801852 0.290104 0.799074 0.291146 0.794444 0.291146 0.788889 0.290625 0.786111 0.290104 0.784259 0.288542 0.781481 0.285938 0.779630 0.282813 0.779630
1 0.294271 0.616667 0.292708 0.617593 0.291667 0.618519 0.290104 0.621296 0.289583 0.623148 0.289062 0.625926 0.289062 0.631481 0.290104 0.636111 0.291667 0.638889 0.292708 0.639815 0.294271 0.640741 0.297396 0.640741 0.300000 0.638889 0.301563 0.636111 0.302604 0.631481 0.302604 0.625926 0.302083 0.623148 0.301563 0.621296 0.300000 0.618519 0.297396 0.616667 0.294271 0.616667
0 0.533333 0.551852 0.532292 0.552778 0.531250 0.553704 0.529687 0.556481 0.529167 0.558333 0.528646 0.560185 0.528646 0.565741 0.529167 0.567593 0.529687 0.569444 0.531250 0.572222 0.532292 0.573148 0.533333 0.574074 0.536458 0.574074 0.537500 0.573148 0.538542 0.572222 0.540104 0.569444 0.540625 0.567593 0.541146 0.565741 0.541146 0.560185 0.540625 0.558333 0.540104 0.556481 0.538542 0.553704 0.537500 0.552778 0.536458 0.551852 0.533333 0.551852
0 0.182292 0.712037 0.180729 0.712963 0.179688 0.713889 0.178125 0.716667 0.177604 0.718519 0.177083 0.720370 0.177083 0.725926 0.177604 0.727778 0.178125 0.729630 0.179688 0.732407 0.180729 0.733333 0.182292 0.734259 0.185417 0.734259 0.188021 0.732407 0.189583 0.729630 0.190104 0.727778 0.190625 0.725926 0.190625 0.720370 0.190104 0.718519 0.189583 0.716667 0.188021 0.713889 0.185417 0.712037 0.182292 0.712037
