1 0.656771 0.140741 0.654687 0.141667 0.652604 0.144444 0.651042 0.147222 0.650521 0.149074 0.650000 0.151852 0.650000 0.158333 0.650521 0.160185 0.651042 0.162037 0.652604 0.164815 0.654687 0.167593 0.656771 0.168519 0.660417 0.168519 0.661979 0.167593 0.663542 0.165741 0.665625 0.162037 0.666146 0.160185 0.666667 0.158333 0.666667 0.151852 0.666146 0.149074 0.665625 0.147222 0.663542 0.143519 0.661979 0.141667 0.660417 0.140741 0.656771 0.140741
1 0.594792 0.061111 0.592708 0.062037 0.591667 0.062963 0.590104 0.064815 0.588542 0.067593 0.587500 0.072222 0.587500 0.077778 0.588021 0.080556 0.588542 0.082407 0.590104 0.085185 0.591667 0.087037 0.592708 0.087963 0.594792 0.088889 0.598437 0.088889 0.600000 0.087963 0.601042 0.087037 0.602083 0.086111 0.604167 0.082407 0.604688 0.080556 0.605208 0.077778 0.605208 0.072222 0.604167 0.067593 0.602083 0.063889 0.601042 0.062963 0.600000 0.062037 0.598437 0.061111 0.594792 0.061111
1 0.482292 0.174074 0.480208 0.175000 0.478125 0.177778 0.476562 0.180556 0.476042 0.182407 0.475521 0.185185 0.475521 0.191667 0.476042 0.193519 0.476562 0.195370 0.478125 0.198148 0.480208 0.200926 0.482292 0.201852 0.485938 0.201852 0.487500 0.200926 0.489063 0.199074 0.491146 0.195370 0.491667 0.193519 0.492188 0.191667 0.492188 0.185185 0.491667 0.182407 0.491146 0.180556 0.489063 0.176852 0.487500 0.175000 0.485938 0.174074 0.482292 0.174074
1 0.500000 0.115741 0.497917 0.116667 0.493750 0.124074 0.493229 0.127778 0.493229 0.134259 0.493750 0.137037 0.497917 0.144444 0.500000 0.145370 0.503646 0.145370 0.505208 0.144444 0.509375 0.137037 0.509896 0.134259 0.509896 0.127778 0.509375 0.124074 0.505208 0.116667 0.503646 0.115741 0.500000 0.115741
8 0.490729 0.541019 0.491969 0.479130 0.457448 0.476963 0.458057 0.455778 0.491969 0.456861 0.493188 0.397120 0.506021 0.397120 0.505411 0.459037 0.537917 0.461204 0.537812 0.483241 0.503880 0.480759 0.503594 0.539444
8 0.490729 0.541019 0.491969 0.479130 0.457448 0.476963 0.458057 0.455778 0.491969 0.456861 0.493188 0.397120 0.506021 0.397120 0.505411 0.459037 0.537917 0.461204 0.537812 0.483241 0.503880 0.480759 0.503594 0.539444
1 0.602604 0.314815 0.601042 0.315741 0.600000 0.316667 0.597396 0.321296 0.596875 0.323148 0.596354 0.325926 0.596354 0.330556 0.596875 0.332407 0.597396 0.334259 0.600000 0.338889 0.601042 0.339815 0.602604 0.340741 0.605208 0.340741 0.606250 0.339815 0.607292 0.338889 0.609896 0.334259 0.610417 0.332407 0.610938 0.330556 0.610938 0.325926 0.610417 0.323148 0.609896 0.321296 0.607292 0.316667 0.606250 0.315741 0.605208 0.314815 0.602604 0.314815
1 0.368229 0.714815 0.366146 0.715741 0.364063 0.718519 0.362500 0.721296 0.361979 0.723148 0.361458 0.725926 0.361458 0.732407 0.361979 0.734259 0.362500 0.736111 0.364063 0.738889 0.366146 0.741667 0.368229 0.742593 0.371875 0.742593 0.373437 0.741667 0.375000 0.739815 0.377083 0.736111 0.377604 0.734259 0.378125 0.732407 0.378125 0.725926 0.377604 0.723148 0.377083 0.721296 0.375000 0.717593 0.373437 0.715741 0.371875 0.714815 0.368229 0.714815
0 0.745833 0.825000 0.743229 0.825926 0.740625 0.829630 0.739062 0.833333 0.738542 0.837037 0.738542 0.840741 0.739062 0.844444 0.739583 0.846296 0.742188 0.851852 0.743229 0.853704 0.744271 0.854630 0.745833 0.855556 0.750521 0.855556 0.752083 0.854630 0.753646 0.852778 0.755729 0.848148 0.756250 0.846296 0.756250 0.837963 0.754687 0.832407 0.752604 0.828704 0.751563 0.827778 0.747917 0.825000 0.745833 0.825000
1 0.793750 0.886111 0.792188 0.887037 0.790625 0.888889 0.788021 0.893519 0.787500 0.896296 0.787500 0.901852 0.788021 0.904630 0.790625 0.909259 0.792188 0.911111 0.793750 0.912037 0.797917 0.912037 0.799479 0.911111 0.800521 0.910185 0.803646 0.904630 0.804167 0.901852 0.804167 0.896296 0.803646 0.893519 0.800521 0.887963 0.799479 0.887037 0.797917 0.886111 0.793750 0.886111
1 0.740625 0.517593 0.738542 0.519444 0.737500 0.520370 0.736979 0.521296 0.735417 0.525000 0.734896 0.527778 0.734896 0.533333 0.735417 0.536111 0.736979 0.539815 0.737500 0.540741 0.738542 0.541667 0.740625 0.543519 0.744792 0.543519 0.747396 0.541667 0.748437 0.539815 0.748437 0.538889 0.750000 0.536111 0.750521 0.533333 0.750521 0.527778 0.750000 0.525000 0.748437 0.522222 0.748437 0.521296 0.747396 0.519444 0.744792 0.517593 0.740625 0.517593
1 0.250521 0.746296 0.248958 0.747222 0.247396 0.749074 0.244792 0.753704 0.244271 0.756481 0.244271 0.762037 0.244792 0.764815 0.247396 0.769444 0.248958 0.771296 0.250521 0.772222 0.254688 0.772222 0.256250 0.771296 0.257292 0.770370 0.260417 0.764815 0.260937 0.762037 0.260937 0.756481 0.260417 0.753704 0.257292 0.748148 0.256250 0.747222 0.254688 0.746296 0.250521 0.746296
1 0.784375 0.296296 0.782292 0.297222 0.778125 0.304630 0.777604 0.308333 0.777604 0.314815 0.778125 0.317593 0.782292 0.325000 0.784375 0.325926 0.788021 0.325926 0.789583 0.325000 0.793750 0.317593 0.794271 0.314815 0.794271 0.308333 0.793750 0.304630 0.789583 0.297222 0.788021 0.296296 0.784375 0.296296
1 0.817187 0.217593 0.815625 0.218519 0.814063 0.220370 0.811458 0.225000 0.810937 0.227778 0.810937 0.233333 0.811458 0.236111 0.814063 0.240741 0.815625 0.242593 0.817187 0.243519 0.821354 0.243519 0.822917 0.242593 0.823958 0.241667 0.827083 0.236111 0.827604 0.233333 0.827604 0.227778 0.827083 0.225000 0.823958 0.219444 0.822917 0.218519 0.821354 0.217593 0.817187 0.217593
