1 0.740625 0.101852 0.739062 0.102778 0.738021 0.103704 0.736458 0.106481 0.735938 0.108333 0.735417 0.111111 0.735417 0.116667 0.736458 0.121296 0.738021 0.124074 0.739062 0.125000 0.740625 0.125926 0.743750 0.125926 0.746354 0.124074 0.747917 0.121296 0.748958 0.116667 0.748958 0.111111 0.748437 0.108333 0.747917 0.106481 0.746354 0.103704 0.743750 0.101852 0.740625 0.101852
0 0.364583 0.637963 0.363021 0.638889 0.361979 0.639815 0.360417 0.642593 0.359896 0.644444 0.359375 0.647222 0.359375 0.652778 0.360417 0.657407 0.361979 0.660185 0.363021 0.661111 0.364583 0.662037 0.367708 0.662037 0.370312 0.660185 0.371875 0.657407 0.372917 0.652778 0.372917 0.647222 0.372396 0.644444 0.371875 0.642593 0.370312 0.639815 0.367708 0.637963 0.364583 0.637963
8 0.490729 0.541019 0.491969 0.479130 0.457448 0.476963 0.458057 0.455778 0.491969 0.456861 0.493188 0.397120 0.506021 0.397120 0.505411 0.459037 0.537917 0.461204 0.537812 0.483241 0.503880 0.480759 0.503594 0.539444
8 0.490729 0.541019 0.491969 0.479130 0.457448 0.476963 0.458057 0.455778 0.491969 0.456861 0.493188 0.397120 0.506021 0.397120 0.505411 0.459037 0.537917 0.461204 0.537812 0.483241 0.503880 0.480759 0.503594 0.539444
1 0.505729 0.828704 0.504167 0.829630 0.503125 0.830556 0.501563 0.833333 0.501042 0.835185 0.500521 0.837963 0.500521 0.843519 0.501563 0.848148 0.503125 0.850926 0.504167 0.851852 0.505729 0.852778 0.508854 0.852778 0.511458 0.850926 0.513021 0.848148 0.514062 0.843519 0.514062 0.837963 0.513542 0.835185 0.513021 0.833333 0.511458 0.830556 0.508854 0.828704 0.505729 0.828704
1 0.786979 0.475926 0.785417 0.476852 0.784375 0.477778 0.782813 0.480556 0.782292 0.482407 0.781771 0.485185 0.781771 0.490741 0.782813 0.495370 0.784375 0.498148 0.785417 0.499074 0.786979 0.500000 0.790104 0.500000 0.792708 0.498148 0.794271 0.495370 0.795312 0.490741 0.795312 0.485185 0.794792 0.482407 0.794271 0.480556 0.792708 0.477778 0.790104 0.475926 0.786979 0.475926
1 0.713021 0.228704 0.711458 0.229630 0.710417 0.230556 0.708854 0.233333 0.708333 0.235185 0.707812 0.237963 0.707812 0.243519 0.708854 0.248148 0.710417 0.250926 0.711458 0.251852 0.713021 0.252778 0.716146 0.252778 0.718750 0.250926 0.720313 0.248148 0.721354 0.243519 0.721354 0.237963 0.720833 0.235185 0.720313 0.233333 0.718750 0.230556 0.716146 0.228704 0.713021 0.228704
1 0.591146 0.213889 0.589583 0.214815 0.588542 0.215741 0.586979 0.218519 0.586458 0.220370 0.585938 0.223148 0.585938 0.228704 0.586979 0.233333 0.588542 0.236111 0.589583 0.237037 0.591146 0.237963 0.594271 0.237963 0.596875 0.236111 0.598437 0.233333 0.599479 0.228704 0.599479 0.223148 0.598958 0.220370 0.598437 0.218519 0.596875 0.215741 0.594271 0.213889 0.591146 0.213889
1 0.663021 0.116667 0.661458 0.117593 0.660417 0.118519 0.658854 0.121296 0.658333 0.123148 0.657813 0.125926 0.657813 0.131481 0.658854 0.136111 0.660417 0.138889 0.661458 0.139815 0.663021 0.140741 0.666146 0.140741 0.668750 0.138889 0.670312 0.136111 0.671354 0.131481 0.671354 0.125926 0.670833 0.123148 0.670312 0.121296 0.668750 0.118519 0.666146 0.116667 0.663021 0.116667
1 0.725521 0.079630 0.723958 0.080556 0.722917 0.081481 0.721354 0.084259 0.720833 0.086111 0.720313 0.088889 0.720313 0.094444 0.721354 0.099074 0.722917 0.101852 0.723958 0.102778 0.725521 0.103704 0.728646 0.103704 0.731250 0.101852 0.732812 0.099074 0.733854 0.094444 0.733854 0.088889 0.733333 0.086111 0.732812 0.084259 0.731250 0.081481 0.728646 0.079630 0.725521 0.079630
1 0.381771 0.062037 0.380208 0.062963 0.379167 0.063889 0.377604 0.066667 0.377083 0.068519 0.376563 0.071296 0.376563 0.076852 0.377604 0.081481 0.379167 0.084259 0.380208 0.085185 0.381771 0.086111 0.384896 0.086111 0.387500 0.084259 0.389062 0.081481 0.390104 0.076852 0.390104 0.071296 0.389583 0.068519 0.389062 0.066667 0.387500 0.063889 0.384896 0.062037 0.381771 0.062037
