1 0.163021 0.842593 0.161458 0.843519 0.160417 0.844444 0.158854 0.847222 0.158333 0.849074 0.157812 0.851852 0.157812 0.857407 0.158854 0.862037 0.160417 0.864815 0.161458 0.865741 0.163021 0.866667 0.166146 0.866667 0.168750 0.864815 0.170313 0.862037 0.171354 0.857407 0.171354 0.851852 0.170833 0.849074 0.170313 0.847222 0.168750 0.844444 0.166146 0.842593 0.163021 0.842593
8 0.490729 0.541019 0.491969 0.479130 0.457448 0.476963 0.458057 0.455778 0.491969 0.456861 0.493188 0.397120 0.506021 0.397120 0.505411 0.459037 0.537917 0.461204 0.537812 0.483241 0.503880 0.480759 0.503594 0.539444
8 0.490729 0.541019 0.491969 0.479130 0.457448 0.476963 0.458057 0.455778 0.491969 0.456861 0.493188 0.397120 0.506021 0.397120 0.505411 0.459037 0.537917 0.461204 0.537812 0.483241 0.503880 0.480759 0.503594 0.539444
1 0.780729 0.864815 0.779167 0.865741 0.778125 0.866667 0.776563 0.869444 0.776042 0.871296 0.775521 0.874074 0.775521 0.879630 0.776563 0.884259 0.778125 0.887037 0.779167 0.887963 0.780729 0.888889 0.783854 0.888889 0.786458 0.887037 0.788021 0.884259 0.789062 0.879630 0.789062 0.874074 0.788542 0.871296 0.788021 0.869444 0.786458 0.866667 0.783854 0.864815 0.780729 0.864815
1 0.707292 0.875000 0.705729 0.875926 0.704688 0.876852 0.703125 0.879630 0.702604 0.881481 0.702083 0.884259 0.702083 0.889815 0.703125 0.894444 0.704688 0.897222 0.705729 0.898148 0.707292 0.899074 0.710417 0.899074 0.713021 0.897222 0.714583 0.894444 0.715625 0.889815 0.715625 0.884259 0.715104 0.881481 0.714583 0.879630 0.713021 0.876852 0.710417 0.875000 0.707292 0.875000
1 0.173437 0.092593 0.171875 0.093519 0.170833 0.094444 0.169271 0.097222 0.168750 0.099074 0.168229 0.101852 0.168229 0.107407 0.169271 0.112037 0.170833 0.114815 0.171875 0.115741 0.173437 0.116667 0.176563 0.116667 0.179167 0.114815 0.180729 0.112037 0.181771 0.107407 0.181771 0.101852 0.181250 0.099074 0.180729 0.097222 0.179167 0.094444 0.176563 0.092593 0.173437 0.092593
1 0.219271 0.094444 0.217708 0.095370 0.216667 0.096296 0.215104 0.099074 0.214583 0.100926 0.214062 0.103704 0.214062 0.109259 0.215104 0.113889 0.216667 0.116667 0.217708 0.117593 0.219271 0.118519 0.222396 0.118519 0.225000 0.116667 0.226562 0.113889 0.227604 0.109259 0.227604 0.103704 0.227083 0.100926 0.226562 0.099074 0.225000 0.096296 0.222396 0.094444 0.219271 0.094444
1 0.248438 0.148148 0.246875 0.149074 0.245833 0.150000 0.244271 0.152778 0.243750 0.154630 0.243229 0.157407 0.243229 0.162963 0.244271 0.167593 0.245833 0.170370 0.246875 0.171296 0.248438 0.172222 0.251563 0.172222 0.254167 0.170370 0.255729 0.167593 0.256771 0.162963 0.256771 0.157407 0.256250 0.154630 0.255729 0.152778 0.254167 0.150000 0.251563 0.148148 0.248438 0.148148
1 0.315625 0.070370 0.314063 0.071296 0.313021 0.072222 0.311458 0.075000 0.310937 0.076852 0.310417 0.079630 0.310417 0.085185 0.311458 0.089815 0.313021 0.092593 0.314063 0.093519 0.315625 0.094444 0.318750 0.094444 0.321354 0.092593 0.322917 0.089815 0.323958 0.085185 0.323958 0.079630 0.323437 0.076852 0.322917 0.075000 0.321354 0.072222 0.318750 0.070370 0.315625 0.070370
1 0.545312 0.114815 0.543750 0.115741 0.542708 0.116667 0.541146 0.119444 0.540625 0.121296 0.540104 0.124074 0.540104 0.129630 0.541146 0.134259 0.542708 0.137037 0.543750 0.137963 0.545312 0.138889 0.548438 0.138889 0.551042 0.137037 0.552604 0.134259 0.553646 0.129630 0.553646 0.124074 0.553125 0.121296 0.552604 0.119444 0.551042 0.116667 0.548438 0.114815 0.545312 0.114815
1 0.468750 0.125926 0.467187 0.126852 0.466146 0.127778 0.464583 0.130556 0.464062 0.132407 0.463542 0.135185 0.463542 0.140741 0.464583 0.145370 0.466146 0.148148 0.467187 0.149074 0.468750 0.150000 0.471875 0.150000 0.474479 0.148148 0.476042 0.145370 0.477083 0.140741 0.477083 0.135185 0.476562 0.132407 0.476042 0.130556 0.474479 0.127778 0.471875 0.125926 0.468750 0.125926
1 0.353125 0.255556 0.351562 0.256481 0.350521 0.257407 0.348958 0.260185 0.348438 0.262037 0.347917 0.264815 0.347917 0.270370 0.348958 0.275000 0.350521 0.277778 0.351562 0.278704 0.353125 0.279630 0.356250 0.279630 0.358854 0.277778 0.360417 0.275000 0.361458 0.270370 0.361458 0.264815 0.360938 0.262037 0.360417 0.260185 0.358854 0.257407 0.356250 0.255556 0.353125 0.255556
1 0.345833 0.210185 0.344271 0.211111 0.343229 0.212037 0.341667 0.214815 0.341146 0.216667 0.340625 0.219444 0.340625 0.225000 0.341667 0.229630 0.343229 0.232407 0.344271 0.233333 0.345833 0.234259 0.348958 0.234259 0.351562 0.232407 0.353125 0.229630 0.354167 0.225000 0.354167 0.219444 0.353646 0.216667 0.353125 0.214815 0.351562 0.212037 0.348958 0.210185 0.345833 0.210185
0 0.161979 0.882407 0.160417 0.883333 0.157292 0.886111 0.156250 0.888889 0.155729 0.890741 0.154688 0.895370 0.154688 0.903704 0.156250 0.908333 0.156250 0.911111 0.157292 0.913889 0.158333 0.914815 0.161458 0.916667 0.162500 0.916667 0.165104 0.915741 0.166667 0.914815 0.167708 0.913889 0.168750 0.912963 0.170833 0.909259 0.171875 0.906481 0.172917 0.903704 0.173437 0.900926 0.173437 0.893519 0.172917 0.891667 0.172396 0.889815 0.171354 0.887037 0.169271 0.883333 0.166146 0.882407 0.161979 0.882407
0 0.545312 0.558333 0.543750 0.559259 0.542708 0.560185 0.541667 0.561111 0.539583 0.563889 0.539062 0.565741 0.538542 0.567593 0.538542 0.576852 0.539062 0.579630 0.540104 0.583333 0.541146 0.585185 0.544271 0.587963 0.545833 0.588889 0.549479 0.588889 0.551042 0.587963 0.552083 0.587037 0.553125 0.586111 0.556771 0.579630 0.556771 0.575926 0.557292 0.573148 0.557292 0.570370 0.557292 0.568519 0.556771 0.566667 0.553125 0.560185 0.552083 0.559259 0.549479 0.558333 0.545312 0.558333
