1 0.743229 0.899074 0.741667 0.900000 0.740625 0.900926 0.739062 0.903704 0.738542 0.905556 0.738021 0.908333 0.738021 0.913889 0.739062 0.918519 0.740625 0.921296 0.741667 0.922222 0.743229 0.923148 0.746354 0.923148 0.748958 0.921296 0.750521 0.918519 0.751563 0.913889 0.751563 0.908333 0.751042 0.905556 0.750521 0.903704 0.748958 0.900926 0.746354 0.899074 0.743229 0.899074
1 0.467708 0.493519 0.466146 0.494444 0.465104 0.495370 0.463542 0.498148 0.463021 0.500000 0.462500 0.502778 0.462500 0.508333 0.463542 0.512963 0.465104 0.515741 0.466146 0.516667 0.467708 0.517593 0.470833 0.517593 0.473438 0.515741 0.475000 0.512963 0.476042 0.508333 0.476042 0.502778 0.475521 0.500000 0.475000 0.498148 0.473438 0.495370 0.470833 0.493519 0.467708 0.493519
1 0.394271 0.520370 0.392708 0.521296 0.391667 0.522222 0.390104 0.525000 0.389583 0.526852 0.389062 0.529630 0.389062 0.535185 0.390104 0.539815 0.391667 0.542593 0.392708 0.543519 0.394271 0.544444 0.397396 0.544444 0.400000 0.542593 0.401562 0.539815 0.402604 0.535185 0.402604 0.529630 0.402083 0.526852 0.401562 0.525000 0.400000 0.522222 0.397396 0.520370 0.394271 0.520370
1 0.391667 0.125926 0.390104 0.126852 0.389062 0.127778 0.387500 0.130556 0.386979 0.132407 0.386458 0.135185 0.386458 0.140741 0.387500 0.145370 0.389062 0.148148 0.390104 0.149074 0.391667 0.150000 0.394792 0.150000 0.397396 0.148148 0.398958 0.145370 0.400000 0.140741 0.400000 0.135185 0.399479 0.132407 0.398958 0.130556 0.397396 0.127778 0.394792 0.125926 0.391667 0.125926
1 0.282813 0.057407 0.281250 0.058333 0.280208 0.059259 0.278646 0.062037 0.278125 0.063889 0.277604 0.066667 0.277604 0.072222 0.278646 0.076852 0.280208 0.079630 0.281250 0.080556 0.282813 0.081481 0.285938 0.081481 0.288542 0.079630 0.290104 0.076852 0.291146 0.072222 0.291146 0.066667 0.290625 0.063889 0.290104 0.062037 0.288542 0.059259 0.285938 0.057407 0.282813 0.057407
1 0.680208 0.210185 0.678646 0.211111 0.677604 0.212037 0.676042 0.214815 0.675521 0.216667 0.675000 0.219444 0.675000 0.225000 0.676042 0.229630 0.677604 0.232407 0.678646 0.233333 0.680208 0.234259 0.683333 0.234259 0.685937 0.232407 0.687500 0.229630 0.688542 0.225000 0.688542 0.219444 0.688021 0.216667 0.687500 0.214815 0.685937 0.212037 0.683333 0.210185 0.680208 0.210185
1 0.679688 0.490741 0.678125 0.491667 0.677083 0.492593 0.675521 0.495370 0.675000 0.497222 0.674479 0.500000 0.674479 0.505556 0.675521 0.510185 0.677083 0.512963 0.678125 0.513889 0.679688 0.514815 0.682813 0.514815 0.685417 0.512963 0.686979 0.510185 0.688021 0.505556 0.688021 0.500000 0.687500 0.497222 0.686979 0.495370 0.685417 0.492593 0.682813 0.490741 0.679688 0.490741
1 0.798958 0.579630 0.797396 0.580556 0.796354 0.581481 0.794792 0.584259 0.794271 0.586111 0.793750 0.588889 0.793750 0.594444 0.794792 0.599074 0.796354 0.601852 0.797396 0.602778 0.798958 0.603704 0.802083 0.603704 0.804688 0.601852 0.806250 0.599074 0.807292 0.594444 0.807292 0.588889 0.806771 0.586111 0.806250 0.584259 0.804688 0.581481 0.802083 0.579630 0.798958 0.579630
1 0.485938 0.842593 0.484375 0.843519 0.483333 0.844444 0.481771 0.847222 0.481250 0.849074 0.480729 0.851852 0.480729 0.857407 0.481771 0.862037 0.483333 0.864815 0.484375 0.865741 0.485938 0.866667 0.489063 0.866667 0.491667 0.864815 0.493229 0.862037 0.494271 0.857407 0.494271 0.851852 0.493750 0.849074 0.493229 0.847222 0.491667 0.844444 0.489063 0.842593 0.485938 0.842593
1 0.161979 0.842593 0.160417 0.843519 0.159375 0.844444 0.157812 0.847222 0.157292 0.849074 0.156771 0.851852 0.156771 0.857407 0.157812 0.862037 0.159375 0.864815 0.160417 0.865741 0.161979 0.866667 0.165104 0.866667 0.167708 0.864815 0.169271 0.862037 0.170313 0.857407 0.170313 0.851852 0.169792 0.849074 0.169271 0.847222 0.167708 0.844444 0.165104 0.842593 0.161979 0.842593
1 0.792188 0.896296 0.790625 0.897222 0.789583 0.898148 0.788021 0.900926 0.787500 0.902778 0.786979 0.905556 0.786979 0.911111 0.788021 0.915741 0.789583 0.918519 0.790625 0.919444 0.792188 0.920370 0.795312 0.920370 0.797917 0.918519 0.799479 0.915741 0.800521 0.911111 0.800521 0.905556 0.800000 0.902778 0.799479 0.900926 0.797917 0.898148 0.795312 0.896296 0.792188 0.896296
8 0.490729 0.541019 0.491969 0.479130 0.457448 0.476963 0.458057 0.455778 0.491969 0.456861 0.493188 0.397120 0.506021 0.397120 0.505411 0.459037 0.537917 0.461204 0.537812 0.483241 0.503880 0.480759 0.503594 0.539444
0 0.164062 0.883333 0.163542 0.884259 0.160938 0.884259 0.159375 0.886111 0.158333 0.886111 0.157292 0.887037 0.156771 0.889815 0.155208 0.894444 0.155208 0.903704 0.155729 0.906481 0.156250 0.909259 0.157292 0.912963 0.158854 0.913889 0.160417 0.915741 0.164062 0.915741 0.166146 0.914815 0.168750 0.912037 0.170313 0.909259 0.171875 0.904630 0.172396 0.902778 0.172917 0.897222 0.172917 0.895370 0.170833 0.887963 0.168750 0.884259 0.166146 0.883333 0.164062 0.883333
0 0.545312 0.559259 0.543750 0.560185 0.541146 0.562963 0.540104 0.564815 0.539583 0.566667 0.539583 0.577778 0.540104 0.580556 0.541146 0.584259 0.543229 0.585185 0.544792 0.587963 0.549479 0.587963 0.551042 0.587037 0.552083 0.586111 0.553646 0.583333 0.553646 0.582407 0.554688 0.580556 0.555208 0.580556 0.556250 0.575926 0.556250 0.573148 0.556771 0.572222 0.556771 0.570370 0.556250 0.567593 0.555208 0.565741 0.555208 0.564815 0.554688 0.563889 0.552604 0.561111 0.551562 0.560185 0.548438 0.559259 0.545312 0.559259
8 0.490729 0.541019 0.491969 0.479130 0.457448 0.476963 0.458057 0.455778 0.491969 0.456861 0.493188 0.397120 0.506021 0.397120 0.505411 0.459037 0.537917 0.461204 0.537812 0.483241 0.503880 0.480759 0.503594 0.539444
