1 0.695833 0.131481 0.694271 0.132407 0.693229 0.133333 0.691667 0.136111 0.691146 0.137963 0.690625 0.140741 0.690625 0.146296 0.691667 0.150926 0.693229 0.153704 0.694271 0.154630 0.695833 0.155556 0.698958 0.155556 0.701562 0.153704 0.703125 0.150926 0.704167 0.146296 0.704167 0.140741 0.703646 0.137963 0.703125 0.136111 0.701562 0.133333 0.698958 0.131481 0.695833 0.131481
1 0.588542 0.203704 0.586979 0.204630 0.585938 0.205556 0.584375 0.208333 0.583854 0.210185 0.583333 0.212963 0.583333 0.218519 0.584375 0.223148 0.585938 0.225926 0.586979 0.226852 0.588542 0.227778 0.591667 0.227778 0.594271 0.225926 0.595833 0.223148 0.596875 0.218519 0.596875 0.212963 0.596354 0.210185 0.595833 0.208333 0.594271 0.205556 0.591667 0.203704 0.588542 0.203704
1 0.381250 0.061111 0.379688 0.062037 0.378646 0.062963 0.377083 0.065741 0.376563 0.067593 0.376042 0.070370 0.376042 0.075926 0.377083 0.080556 0.378646 0.083333 0.379688 0.084259 0.381250 0.085185 0.384375 0.085185 0.386979 0.083333 0.388542 0.080556 0.389583 0.075926 0.389583 0.070370 0.389062 0.067593 0.388542 0.065741 0.386979 0.062963 0.384375 0.061111 0.381250 0.061111
1 0.680729 0.139815 0.679167 0.140741 0.678125 0.141667 0.676562 0.144444 0.676042 0.146296 0.675521 0.149074 0.675521 0.154630 0.676562 0.159259 0.678125 0.162037 0.679167 0.162963 0.680729 0.163889 0.683854 0.163889 0.686458 0.162037 0.688021 0.159259 0.689063 0.154630 0.689063 0.149074 0.688542 0.146296 0.688021 0.144444 0.686458 0.141667 0.683854 0.139815 0.680729 0.139815
1 0.654687 0.125926 0.653125 0.126852 0.652083 0.127778 0.650521 0.130556 0.650000 0.132407 0.649479 0.135185 0.649479 0.140741 0.650521 0.145370 0.652083 0.148148 0.653125 0.149074 0.654687 0.150000 0.657813 0.150000 0.660417 0.148148 0.661979 0.145370 0.663021 0.140741 0.663021 0.135185 0.662500 0.132407 0.661979 0.130556 0.660417 0.127778 0.657813 0.125926 0.654687 0.125926
1 0.726042 0.235185 0.724479 0.236111 0.723437 0.237037 0.721875 0.239815 0.721354 0.241667 0.720833 0.244444 0.720833 0.250000 0.721875 0.254630 0.723437 0.257407 0.724479 0.258333 0.726042 0.259259 0.729167 0.259259 0.731771 0.257407 0.733333 0.254630 0.734375 0.250000 0.734375 0.244444 0.733854 0.241667 0.733333 0.239815 0.731771 0.237037 0.729167 0.235185 0.726042 0.235185
8 0.490729 0.541019 0.491969 0.479130 0.457448 0.476963 0.458057 0.455778 0.491969 0.456861 0.493188 0.397120 0.506021 0.397120 0.505411 0.459037 0.537917 0.461204 0.537812 0.483241 0.503880 0.480759 0.503594 0.539444
8 0.490729 0.541019 0.491969 0.479130 0.457448 0.476963 0.458057 0.455778 0.491969 0.456861 0.493188 0.397120 0.506021 0.397120 0.505411 0.459037 0.537917 0.461204 0.537812 0.483241 0.503880 0.480759 0.503594 0.539444
0 0.372396 0.639815 0.370833 0.640741 0.369792 0.641667 0.366667 0.647222 0.366146 0.649074 0.365625 0.652778 0.365625 0.659259 0.366146 0.662037 0.366667 0.663889 0.369792 0.669444 0.370833 0.670370 0.372396 0.671296 0.376042 0.671296 0.377083 0.670370 0.378125 0.669444 0.381250 0.663889 0.381771 0.662037 0.382292 0.659259 0.382292 0.652778 0.381771 0.649074 0.381250 0.647222 0.378125 0.641667 0.377083 0.640741 0.376042 0.639815 0.372396 0.639815
1 0.784375 0.476852 0.782813 0.477778 0.781771 0.478704 0.780208 0.481481 0.779687 0.483333 0.779167 0.486111 0.779167 0.491667 0.780208 0.496296 0.781771 0.499074 0.782813 0.500000 0.784375 0.500926 0.787500 0.500926 0.790104 0.499074 0.791667 0.496296 0.792708 0.491667 0.792708 0.486111 0.792188 0.483333 0.791667 0.481481 0.790104 0.478704 0.787500 0.476852 0.784375 0.476852
1 0.506250 0.828704 0.504687 0.829630 0.503646 0.830556 0.502083 0.833333 0.501563 0.835185 0.501042 0.837963 0.501042 0.843519 0.502083 0.848148 0.503646 0.850926 0.504687 0.851852 0.506250 0.852778 0.509375 0.852778 0.511979 0.850926 0.513542 0.848148 0.514583 0.843519 0.514583 0.837963 0.514062 0.835185 0.513542 0.833333 0.511979 0.830556 0.509375 0.828704 0.506250 0.828704
