1 0.725521 0.223148 0.723958 0.224074 0.722917 0.225000 0.721354 0.227778 0.720833 0.229630 0.720313 0.232407 0.720313 0.237963 0.721354 0.242593 0.722917 0.245370 0.723958 0.246296 0.725521 0.247222 0.728646 0.247222 0.731250 0.245370 0.732812 0.242593 0.733854 0.237963 0.733854 0.232407 0.733333 0.229630 0.732812 0.227778 0.731250 0.225000 0.728646 0.223148 0.725521 0.223148
1 0.591146 0.209259 0.589583 0.210185 0.588542 0.211111 0.586979 0.213889 0.586458 0.215741 0.585938 0.218519 0.585938 0.224074 0.586979 0.228704 0.588542 0.231481 0.589583 0.232407 0.591146 0.233333 0.594271 0.233333 0.596875 0.231481 0.598437 0.228704 0.599479 0.224074 0.599479 0.218519 0.598958 0.215741 0.598437 0.213889 0.596875 0.211111 0.594271 0.209259 0.591146 0.209259
1 0.796875 0.465741 0.795312 0.466667 0.794271 0.467593 0.792708 0.470370 0.792188 0.472222 0.791667 0.475000 0.791667 0.480556 0.792708 0.485185 0.794271 0.487963 0.795312 0.488889 0.796875 0.489815 0.800000 0.489815 0.802604 0.487963 0.804167 0.485185 0.805208 0.480556 0.805208 0.475000 0.804688 0.472222 0.804167 0.470370 0.802604 0.467593 0.800000 0.465741 0.796875 0.465741
1 0.506250 0.827778 0.504687 0.828704 0.503646 0.829630 0.502083 0.832407 0.501563 0.834259 0.501042 0.837037 0.501042 0.842593 0.502083 0.847222 0.503646 0.850000 0.504687 0.850926 0.506250 0.851852 0.509375 0.851852 0.511979 0.850000 0.513542 0.847222 0.514583 0.842593 0.514583 0.837037 0.514062 0.834259 0.513542 0.832407 0.511979 0.829630 0.509375 0.827778 0.506250 0.827778
0 0.370833 0.665741 0.368750 0.667593 0.367708 0.668519 0.367188 0.669444 0.365625 0.673148 0.365104 0.675926 0.365104 0.681481 0.365625 0.684259 0.367188 0.687963 0.367708 0.688889 0.368750 0.689815 0.370833 0.691667 0.375000 0.691667 0.377604 0.689815 0.378646 0.687963 0.378646 0.687037 0.380208 0.684259 0.380729 0.681481 0.380729 0.675926 0.380208 0.673148 0.378646 0.670370 0.378646 0.669444 0.377604 0.667593 0.375000 0.665741 0.370833 0.665741
8 0.490729 0.541019 0.491969 0.479130 0.457448 0.476963 0.458057 0.455778 0.491969 0.456861 0.493188 0.397120 0.506021 0.397120 0.505411 0.459037 0.537917 0.461204 0.537812 0.483241 0.503880 0.480759 0.503594 0.539444
8 0.490729 0.541019 0.491969 0.479130 0.457448 0.476963 0.458057 0.455778 0.491969 0.456861 0.493188 0.397120 0.506021 0.397120 0.505411 0.459037 0.537917 0.461204 0.537812 0.483241 0.503880 0.480759 0.503594 0.539444
1 0.381250 0.060185 0.379688 0.061111 0.378646 0.062037 0.377083 0.064815 0.376563 0.066667 0.376042 0.069444 0.376042 0.075000 0.377083 0.079630 0.378646 0.082407 0.379688 0.083333 0.381250 0.084259 0.384375 0.084259 0.386979 0.082407 0.388542 0.079630 0.389583 0.075000 0.389583 0.069444 0.389062 0.066667 0.388542 0.064815 0.386979 0.062037 0.384375 0.060185 0.381250 0.060185
1 0.721875 0.098148 0.720313 0.099074 0.719271 0.100000 0.717708 0.102778 0.717187 0.104630 0.716667 0.107407 0.716667 0.112963 0.717708 0.117593 0.719271 0.120370 0.720313 0.121296 0.721875 0.122222 0.725000 0.122222 0.727604 0.120370 0.729167 0.117593 0.730208 0.112963 0.730208 0.107407 0.729688 0.104630 0.729167 0.102778 0.727604 0.100000 0.725000 0.098148 0.721875 0.098148
1 0.705208 0.097222 0.703646 0.098148 0.702604 0.099074 0.701042 0.101852 0.700521 0.103704 0.700000 0.106481 0.700000 0.112037 0.701042 0.116667 0.702604 0.119444 0.703646 0.120370 0.705208 0.121296 0.708333 0.121296 0.710938 0.119444 0.712500 0.116667 0.713542 0.112037 0.713542 0.106481 0.713021 0.103704 0.712500 0.101852 0.710938 0.099074 0.708333 0.097222 0.705208 0.097222
1 0.661458 0.125926 0.659896 0.126852 0.658854 0.127778 0.657292 0.130556 0.656771 0.132407 0.656250 0.135185 0.656250 0.140741 0.657292 0.145370 0.658854 0.148148 0.659896 0.149074 0.661458 0.150000 0.664583 0.150000 0.667188 0.148148 0.668750 0.145370 0.669792 0.140741 0.669792 0.135185 0.669271 0.132407 0.668750 0.130556 0.667188 0.127778 0.664583 0.125926 0.661458 0.125926
