1 0.772917 0.316667 0.771354 0.317593 0.770312 0.318519 0.768750 0.321296 0.768229 0.323148 0.767708 0.325926 0.767708 0.331481 0.768750 0.336111 0.770312 0.338889 0.771354 0.339815 0.772917 0.340741 0.776042 0.340741 0.778646 0.338889 0.780208 0.336111 0.781250 0.331481 0.781250 0.325926 0.780729 0.323148 0.780208 0.321296 0.778646 0.318519 0.776042 0.316667 0.772917 0.316667
1 0.632812 0.175926 0.631250 0.176852 0.630208 0.177778 0.628646 0.180556 0.628125 0.182407 0.627604 0.185185 0.627604 0.190741 0.628646 0.195370 0.630208 0.198148 0.631250 0.199074 0.632812 0.200000 0.635938 0.200000 0.638542 0.198148 0.640104 0.195370 0.641146 0.190741 0.641146 0.185185 0.640625 0.182407 0.640104 0.180556 0.638542 0.177778 0.635938 0.175926 0.632812 0.175926
1 0.735938 0.161111 0.734375 0.162037 0.733333 0.162963 0.731771 0.165741 0.731250 0.167593 0.730729 0.170370 0.730729 0.175926 0.731771 0.180556 0.733333 0.183333 0.734375 0.184259 0.735938 0.185185 0.739062 0.185185 0.741667 0.183333 0.743229 0.180556 0.744271 0.175926 0.744271 0.170370 0.743750 0.167593 0.743229 0.165741 0.741667 0.162963 0.739062 0.161111 0.735938 0.161111
1 0.601562 0.200926 0.600000 0.201852 0.598958 0.202778 0.597396 0.205556 0.596875 0.207407 0.596354 0.210185 0.596354 0.215741 0.597396 0.220370 0.598958 0.223148 0.600000 0.224074 0.601562 0.225000 0.604688 0.225000 0.607292 0.223148 0.608854 0.220370 0.609896 0.215741 0.609896 0.210185 0.609375 0.207407 0.608854 0.205556 0.607292 0.202778 0.604688 0.200926 0.601562 0.200926
1 0.339583 0.178704 0.338021 0.179630 0.336979 0.180556 0.335417 0.183333 0.334896 0.185185 0.334375 0.187963 0.334375 0.193519 0.335417 0.198148 0.336979 0.200926 0.338021 0.201852 0.339583 0.202778 0.342708 0.202778 0.345313 0.200926 0.346875 0.198148 0.347917 0.193519 0.347917 0.187963 0.347396 0.185185 0.346875 0.183333 0.345313 0.180556 0.342708 0.178704 0.339583 0.178704
0 0.328646 0.636111 0.327083 0.637037 0.326042 0.637963 0.324479 0.640741 0.323958 0.642593 0.323437 0.644444 0.323437 0.650000 0.323958 0.651852 0.324479 0.653704 0.326042 0.656481 0.327083 0.657407 0.328646 0.658333 0.331771 0.658333 0.334375 0.656481 0.335938 0.653704 0.336458 0.651852 0.336979 0.650000 0.336979 0.644444 0.336458 0.642593 0.335938 0.640741 0.334375 0.637963 0.331771 0.636111 0.328646 0.636111
8 0.490729 0.541019 0.491969 0.479130 0.457448 0.476963 0.458057 0.455778 0.491969 0.456861 0.493188 0.397120 0.506021 0.397120 0.505411 0.459037 0.537917 0.461204 0.537812 0.483241 0.503880 0.480759 0.503594 0.539444
8 0.490729 0.541019 0.491969 0.479130 0.457448 0.476963 0.458057 0.455778 0.491969 0.456861 0.493188 0.397120 0.506021 0.397120 0.505411 0.459037 0.537917 0.461204 0.537812 0.483241 0.503880 0.480759 0.503594 0.539444
1 0.506250 0.825926 0.504687 0.826852 0.503646 0.827778 0.502083 0.830556 0.501563 0.832407 0.501042 0.835185 0.501042 0.840741 0.502083 0.845370 0.503646 0.848148 0.504687 0.849074 0.506250 0.850000 0.509375 0.850000 0.511979 0.848148 0.513542 0.845370 0.514583 0.840741 0.514583 0.835185 0.514062 0.832407 0.513542 0.830556 0.511979 0.827778 0.509375 0.825926 0.506250 0.825926
1 0.669271 0.553704 0.667708 0.554630 0.666667 0.555556 0.665104 0.558333 0.664583 0.560185 0.664062 0.562963 0.664062 0.568519 0.665104 0.573148 0.666667 0.575926 0.667708 0.576852 0.669271 0.577778 0.672396 0.577778 0.675000 0.575926 0.676562 0.573148 0.677604 0.568519 0.677604 0.562963 0.677083 0.560185 0.676562 0.558333 0.675000 0.555556 0.672396 0.553704 0.669271 0.553704
1 0.805729 0.273148 0.804167 0.274074 0.803125 0.275000 0.801562 0.277778 0.801042 0.279630 0.800521 0.282407 0.800521 0.287963 0.801562 0.292593 0.803125 0.295370 0.804167 0.296296 0.805729 0.297222 0.808854 0.297222 0.811458 0.295370 0.813021 0.292593 0.814063 0.287963 0.814063 0.282407 0.813542 0.279630 0.813021 0.277778 0.811458 0.275000 0.808854 0.273148 0.805729 0.273148
