1 0.765104 0.791667 0.763542 0.792593 0.762500 0.793519 0.760938 0.796296 0.760417 0.798148 0.759896 0.800926 0.759896 0.806481 0.760938 0.811111 0.762500 0.813889 0.763542 0.814815 0.765104 0.815741 0.768229 0.815741 0.770833 0.813889 0.772396 0.811111 0.773438 0.806481 0.773438 0.800926 0.772917 0.798148 0.772396 0.796296 0.770833 0.793519 0.768229 0.791667 0.765104 0.791667
1 0.295312 0.751852 0.293750 0.752778 0.292708 0.753704 0.291146 0.756481 0.290625 0.758333 0.290104 0.761111 0.290104 0.766667 0.291146 0.771296 0.292708 0.774074 0.293750 0.775000 0.295312 0.775926 0.298438 0.775926 0.301042 0.774074 0.302604 0.771296 0.303646 0.766667 0.303646 0.761111 0.303125 0.758333 0.302604 0.756481 0.301042 0.753704 0.298438 0.751852 0.295312 0.751852
1 0.345833 0.884259 0.344271 0.885185 0.343229 0.886111 0.341667 0.888889 0.341146 0.890741 0.340625 0.893519 0.340625 0.899074 0.341667 0.903704 0.343229 0.906481 0.344271 0.907407 0.345833 0.908333 0.348958 0.908333 0.351562 0.906481 0.353125 0.903704 0.354167 0.899074 0.354167 0.893519 0.353646 0.890741 0.353125 0.888889 0.351562 0.886111 0.348958 0.884259 0.345833 0.884259
0 0.214062 0.603704 0.213021 0.604630 0.211979 0.605556 0.210417 0.608333 0.209896 0.610185 0.209375 0.612037 0.209375 0.615741 0.209896 0.617593 0.210417 0.619444 0.211979 0.622222 0.213021 0.623148 0.214062 0.624074 0.217188 0.624074 0.218750 0.623148 0.220833 0.619444 0.221354 0.617593 0.221875 0.615741 0.221875 0.612037 0.221354 0.610185 0.220833 0.608333 0.218750 0.604630 0.217188 0.603704 0.214062 0.603704
0 0.533854 0.550000 0.532292 0.550926 0.531250 0.551852 0.529687 0.553704 0.528646 0.556481 0.528125 0.558333 0.527604 0.561111 0.527604 0.567593 0.528646 0.571296 0.529167 0.573148 0.529687 0.574074 0.530208 0.574074 0.531250 0.575926 0.532292 0.576852 0.533854 0.577778 0.537500 0.577778 0.540625 0.575000 0.541667 0.573148 0.543229 0.567593 0.543229 0.561111 0.542708 0.558333 0.542188 0.556481 0.541146 0.554630 0.541146 0.553704 0.540625 0.552778 0.539583 0.551852 0.537500 0.550000 0.533854 0.550000
1 0.466667 0.502778 0.465104 0.503704 0.464062 0.504630 0.462500 0.507407 0.461979 0.509259 0.461458 0.512037 0.461458 0.517593 0.462500 0.522222 0.464062 0.525000 0.465104 0.525926 0.466667 0.526852 0.469792 0.526852 0.472396 0.525000 0.473958 0.522222 0.475000 0.517593 0.475000 0.512037 0.474479 0.509259 0.473958 0.507407 0.472396 0.504630 0.469792 0.502778 0.466667 0.502778
1 0.272917 0.497222 0.271354 0.498148 0.270313 0.499074 0.268750 0.501852 0.268229 0.503704 0.267708 0.506481 0.267708 0.512037 0.268750 0.516667 0.270313 0.519444 0.271354 0.520370 0.272917 0.521296 0.276042 0.521296 0.278646 0.519444 0.280208 0.516667 0.281250 0.512037 0.281250 0.506481 0.280729 0.503704 0.280208 0.501852 0.278646 0.499074 0.276042 0.497222 0.272917 0.497222
8 0.490729 0.541019 0.491969 0.479130 0.457448 0.476963 0.458057 0.455778 0.491969 0.456861 0.493188 0.397120 0.506021 0.397120 0.505411 0.459037 0.537917 0.461204 0.537812 0.483241 0.503880 0.480759 0.503594 0.539444
1 0.658333 0.751852 0.656771 0.752778 0.655729 0.753704 0.654167 0.756481 0.653646 0.758333 0.653125 0.761111 0.653125 0.766667 0.654167 0.771296 0.655729 0.774074 0.656771 0.775000 0.658333 0.775926 0.661458 0.775926 0.664062 0.774074 0.665625 0.771296 0.666667 0.766667 0.666667 0.761111 0.666146 0.758333 0.665625 0.756481 0.664062 0.753704 0.661458 0.751852 0.658333 0.751852
8 0.490729 0.541019 0.491969 0.479130 0.457448 0.476963 0.458057 0.455778 0.491969 0.456861 0.493188 0.397120 0.506021 0.397120 0.505411 0.459037 0.537917 0.461204 0.537812 0.483241 0.503880 0.480759 0.503594 0.539444
1 0.590104 0.513889 0.588542 0.514815 0.587500 0.515741 0.585938 0.518519 0.585417 0.520370 0.584896 0.523148 0.584896 0.528704 0.585938 0.533333 0.587500 0.536111 0.588542 0.537037 0.590104 0.537963 0.593229 0.537963 0.595833 0.536111 0.597396 0.533333 0.598437 0.528704 0.598437 0.523148 0.597917 0.520370 0.597396 0.518519 0.595833 0.515741 0.593229 0.513889 0.590104 0.513889
1 0.818229 0.552778 0.816667 0.553704 0.815625 0.554630 0.814063 0.557407 0.813542 0.559259 0.813021 0.562037 0.813021 0.567593 0.814063 0.572222 0.815625 0.575000 0.816667 0.575926 0.818229 0.576852 0.821354 0.576852 0.823958 0.575000 0.825521 0.572222 0.826562 0.567593 0.826562 0.562037 0.826042 0.559259 0.825521 0.557407 0.823958 0.554630 0.821354 0.552778 0.818229 0.552778
1 0.726562 0.549074 0.725000 0.550000 0.723958 0.550926 0.722396 0.553704 0.721875 0.555556 0.721354 0.558333 0.721354 0.563889 0.722396 0.568519 0.723958 0.571296 0.725000 0.572222 0.726562 0.573148 0.729688 0.573148 0.732292 0.571296 0.733854 0.568519 0.734896 0.563889 0.734896 0.558333 0.734375 0.555556 0.733854 0.553704 0.732292 0.550926 0.729688 0.549074 0.726562 0.549074
1 0.775000 0.634259 0.773438 0.635185 0.772396 0.636111 0.770833 0.638889 0.770312 0.640741 0.769792 0.643519 0.769792 0.649074 0.770833 0.653704 0.772396 0.656481 0.773438 0.657407 0.775000 0.658333 0.778125 0.658333 0.780729 0.656481 0.782292 0.653704 0.783333 0.649074 0.783333 0.643519 0.782813 0.640741 0.782292 0.638889 0.780729 0.636111 0.778125 0.634259 0.775000 0.634259
1 0.800000 0.874074 0.798438 0.875000 0.797396 0.875926 0.795833 0.878704 0.795312 0.880556 0.794792 0.883333 0.794792 0.888889 0.795833 0.893519 0.797396 0.896296 0.798438 0.897222 0.800000 0.898148 0.803125 0.898148 0.805729 0.896296 0.807292 0.893519 0.808333 0.888889 0.808333 0.883333 0.807813 0.880556 0.807292 0.878704 0.805729 0.875926 0.803125 0.874074 0.800000 0.874074
