0 0.375000 0.665741 0.373437 0.666667 0.371875 0.669444 0.371354 0.669444 0.370312 0.671296 0.369271 0.675926 0.369271 0.683333 0.369792 0.686111 0.370312 0.687963 0.371354 0.689815 0.371875 0.689815 0.373437 0.692593 0.375000 0.693519 0.377604 0.693519 0.379688 0.691667 0.380729 0.689815 0.381771 0.687963 0.382292 0.686111 0.382812 0.683333 0.382812 0.675926 0.381771 0.671296 0.380729 0.669444 0.379688 0.667593 0.378646 0.666667 0.377604 0.665741 0.375000 0.665741
8 0.490729 0.541019 0.491969 0.479130 0.457448 0.476963 0.458057 0.455778 0.491969 0.456861 0.493188 0.397120 0.506021 0.397120 0.505411 0.459037 0.537917 0.461204 0.537812 0.483241 0.503880 0.480759 0.503594 0.539444
8 0.490729 0.541019 0.491969 0.479130 0.457448 0.476963 0.458057 0.455778 0.491969 0.456861 0.493188 0.397120 0.506021 0.397120 0.505411 0.459037 0.537917 0.461204 0.537812 0.483241 0.503880 0.480759 0.503594 0.539444
1 0.382292 0.059259 0.380729 0.060185 0.379688 0.061111 0.378125 0.063889 0.377604 0.065741 0.377083 0.068519 0.377083 0.074074 0.378125 0.078704 0.379688 0.081481 0.380729 0.082407 0.382292 0.083333 0.385417 0.083333 0.388021 0.081481 0.389583 0.078704 0.390625 0.074074 0.390625 0.068519 0.390104 0.065741 0.389583 0.063889 0.388021 0.061111 0.385417 0.059259 0.382292 0.059259
1 0.585417 0.207407 0.583854 0.208333 0.582812 0.209259 0.581250 0.212037 0.580729 0.213889 0.580208 0.216667 0.580208 0.222222 0.581250 0.226852 0.582812 0.229630 0.583854 0.230556 0.585417 0.231481 0.588542 0.231481 0.591146 0.229630 0.592708 0.226852 0.593750 0.222222 0.593750 0.216667 0.593229 0.213889 0.592708 0.212037 0.591146 0.209259 0.588542 0.207407 0.585417 0.207407
1 0.661979 0.122222 0.660417 0.123148 0.659375 0.124074 0.657813 0.126852 0.657292 0.128704 0.656771 0.131481 0.656771 0.137037 0.657813 0.141667 0.659375 0.144444 0.660417 0.145370 0.661979 0.146296 0.665104 0.146296 0.667708 0.144444 0.669271 0.141667 0.670312 0.137037 0.670312 0.131481 0.669792 0.128704 0.669271 0.126852 0.667708 0.124074 0.665104 0.122222 0.661979 0.122222
1 0.685937 0.115741 0.684375 0.116667 0.683333 0.117593 0.681771 0.120370 0.681250 0.122222 0.680729 0.125000 0.680729 0.130556 0.681771 0.135185 0.683333 0.137963 0.684375 0.138889 0.685937 0.139815 0.689063 0.139815 0.691667 0.137963 0.693229 0.135185 0.694271 0.130556 0.694271 0.125000 0.693750 0.122222 0.693229 0.120370 0.691667 0.117593 0.689063 0.115741 0.685937 0.115741
1 0.710417 0.108333 0.708854 0.109259 0.707812 0.110185 0.706250 0.112963 0.705729 0.114815 0.705208 0.117593 0.705208 0.123148 0.706250 0.127778 0.707812 0.130556 0.708854 0.131481 0.710417 0.132407 0.713542 0.132407 0.716146 0.130556 0.717708 0.127778 0.718750 0.123148 0.718750 0.117593 0.718229 0.114815 0.717708 0.112963 0.716146 0.110185 0.713542 0.108333 0.710417 0.108333
1 0.738021 0.212037 0.736458 0.212963 0.735417 0.213889 0.733854 0.216667 0.733333 0.218519 0.732812 0.221296 0.732812 0.226852 0.733854 0.231481 0.735417 0.234259 0.736458 0.235185 0.738021 0.236111 0.741146 0.236111 0.743750 0.234259 0.745313 0.231481 0.746354 0.226852 0.746354 0.221296 0.745833 0.218519 0.745313 0.216667 0.743750 0.213889 0.741146 0.212037 0.738021 0.212037
1 0.793229 0.465741 0.791667 0.466667 0.790625 0.467593 0.789062 0.470370 0.788542 0.472222 0.788021 0.475000 0.788021 0.480556 0.789062 0.485185 0.790625 0.487963 0.791667 0.488889 0.793229 0.489815 0.796354 0.489815 0.798958 0.487963 0.800521 0.485185 0.801562 0.480556 0.801562 0.475000 0.801042 0.472222 0.800521 0.470370 0.798958 0.467593 0.796354 0.465741 0.793229 0.465741
1 0.505729 0.828704 0.504167 0.829630 0.503125 0.830556 0.501563 0.833333 0.501042 0.835185 0.500521 0.837963 0.500521 0.843519 0.501563 0.848148 0.503125 0.850926 0.504167 0.851852 0.505729 0.852778 0.508854 0.852778 0.511458 0.850926 0.513021 0.848148 0.514062 0.843519 0.514062 0.837963 0.513542 0.835185 0.513021 0.833333 0.511458 0.830556 0.508854 0.828704 0.505729 0.828704
