0 0.374479 0.651852 0.372396 0.652778 0.370312 0.655556 0.368750 0.658333 0.368229 0.660185 0.367708 0.662963 0.367708 0.669444 0.368229 0.671296 0.368750 0.673148 0.370312 0.675926 0.372396 0.678704 0.374479 0.679630 0.378125 0.679630 0.379688 0.678704 0.381250 0.676852 0.383333 0.673148 0.383854 0.671296 0.384375 0.669444 0.384375 0.662963 0.383854 0.660185 0.383333 0.658333 0.381250 0.654630 0.379688 0.652778 0.378125 0.651852 0.374479 0.651852
1 0.380729 0.061111 0.379167 0.062037 0.378125 0.062963 0.376563 0.065741 0.376042 0.067593 0.375521 0.070370 0.375521 0.075926 0.376563 0.080556 0.378125 0.083333 0.379167 0.084259 0.380729 0.085185 0.383854 0.085185 0.386458 0.083333 0.388021 0.080556 0.389062 0.075926 0.389062 0.070370 0.388542 0.067593 0.388021 0.065741 0.386458 0.062963 0.383854 0.061111 0.380729 0.061111
1 0.505729 0.827778 0.504167 0.828704 0.503125 0.829630 0.501563 0.832407 0.501042 0.834259 0.500521 0.837037 0.500521 0.842593 0.501563 0.847222 0.503125 0.850000 0.504167 0.850926 0.505729 0.851852 0.508854 0.851852 0.511458 0.850000 0.513021 0.847222 0.514062 0.842593 0.514062 0.837037 0.513542 0.834259 0.513021 0.832407 0.511458 0.829630 0.508854 0.827778 0.505729 0.827778
1 0.785937 0.475926 0.784375 0.476852 0.783333 0.477778 0.781771 0.480556 0.781250 0.482407 0.780729 0.485185 0.780729 0.490741 0.781771 0.495370 0.783333 0.498148 0.784375 0.499074 0.785937 0.500000 0.789062 0.500000 0.791667 0.498148 0.793229 0.495370 0.794271 0.490741 0.794271 0.485185 0.793750 0.482407 0.793229 0.480556 0.791667 0.477778 0.789062 0.475926 0.785937 0.475926
1 0.590104 0.201852 0.588542 0.202778 0.587500 0.203704 0.585938 0.206481 0.585417 0.208333 0.584896 0.211111 0.584896 0.216667 0.585938 0.221296 0.587500 0.224074 0.588542 0.225000 0.590104 0.225926 0.593229 0.225926 0.595833 0.224074 0.597396 0.221296 0.598437 0.216667 0.598437 0.211111 0.597917 0.208333 0.597396 0.206481 0.595833 0.203704 0.593229 0.201852 0.590104 0.201852
1 0.727083 0.236111 0.725521 0.237037 0.724479 0.237963 0.722917 0.240741 0.722396 0.242593 0.721875 0.245370 0.721875 0.250926 0.722917 0.255556 0.724479 0.258333 0.725521 0.259259 0.727083 0.260185 0.730208 0.260185 0.732812 0.258333 0.734375 0.255556 0.735417 0.250926 0.735417 0.245370 0.734896 0.242593 0.734375 0.240741 0.732812 0.237963 0.730208 0.236111 0.727083 0.236111
1 0.656771 0.129630 0.655208 0.130556 0.654167 0.131481 0.652604 0.134259 0.652083 0.136111 0.651563 0.138889 0.651563 0.144444 0.652604 0.149074 0.654167 0.151852 0.655208 0.152778 0.656771 0.153704 0.659896 0.153704 0.662500 0.151852 0.664062 0.149074 0.665104 0.144444 0.665104 0.138889 0.664583 0.136111 0.664062 0.134259 0.662500 0.131481 0.659896 0.129630 0.656771 0.129630
1 0.679167 0.135185 0.677604 0.136111 0.676562 0.137037 0.675000 0.139815 0.674479 0.141667 0.673958 0.144444 0.673958 0.150000 0.675000 0.154630 0.676562 0.157407 0.677604 0.158333 0.679167 0.159259 0.682292 0.159259 0.684896 0.157407 0.686458 0.154630 0.687500 0.150000 0.687500 0.144444 0.686979 0.141667 0.686458 0.139815 0.684896 0.137037 0.682292 0.135185 0.679167 0.135185
1 0.695312 0.127778 0.693750 0.128704 0.692708 0.129630 0.691146 0.132407 0.690625 0.134259 0.690104 0.137037 0.690104 0.142593 0.691146 0.147222 0.692708 0.150000 0.693750 0.150926 0.695312 0.151852 0.698438 0.151852 0.701042 0.150000 0.702604 0.147222 0.703646 0.142593 0.703646 0.137037 0.703125 0.134259 0.702604 0.132407 0.701042 0.129630 0.698438 0.127778 0.695312 0.127778
8 0.490729 0.541019 0.491969 0.479130 0.457448 0.476963 0.458057 0.455778 0.491969 0.456861 0.493188 0.397120 0.506021 0.397120 0.505411 0.459037 0.537917 0.461204 0.537812 0.483241 0.503880 0.480759 0.503594 0.539444
8 0.490729 0.541019 0.491969 0.479130 0.457448 0.476963 0.458057 0.455778 0.491969 0.456861 0.493188 0.397120 0.506021 0.397120 0.505411 0.459037 0.537917 0.461204 0.537812 0.483241 0.503880 0.480759 0.503594 0.539444
