8 0.490729 0.541019 0.491969 0.479130 0.457448 0.476963 0.458057 0.455778 0.491969 0.456861 0.493188 0.397120 0.506021 0.397120 0.505411 0.459037 0.537917 0.461204 0.537812 0.483241 0.503880 0.480759 0.503594 0.539444
1 0.298438 0.467593 0.296875 0.468519 0.295833 0.469444 0.294271 0.472222 0.293750 0.474074 0.293229 0.476852 0.293229 0.482407 0.294271 0.487037 0.295833 0.489815 0.296875 0.490741 0.298438 0.491667 0.301563 0.491667 0.304167 0.489815 0.305729 0.487037 0.306771 0.482407 0.306771 0.476852 0.306250 0.474074 0.305729 0.472222 0.304167 0.469444 0.301563 0.467593 0.298438 0.467593
1 0.740625 0.554630 0.739062 0.555556 0.738021 0.556481 0.736458 0.559259 0.735938 0.561111 0.735417 0.563889 0.735417 0.569444 0.736458 0.574074 0.738021 0.576852 0.739062 0.577778 0.740625 0.578704 0.743750 0.578704 0.746354 0.576852 0.747917 0.574074 0.748958 0.569444 0.748958 0.563889 0.748437 0.561111 0.747917 0.559259 0.746354 0.556481 0.743750 0.554630 0.740625 0.554630
1 0.792708 0.886111 0.791146 0.887037 0.790104 0.887963 0.788542 0.890741 0.788021 0.892593 0.787500 0.895370 0.787500 0.900926 0.788542 0.905556 0.790104 0.908333 0.791146 0.909259 0.792708 0.910185 0.795833 0.910185 0.798438 0.908333 0.800000 0.905556 0.801042 0.900926 0.801042 0.895370 0.800521 0.892593 0.800000 0.890741 0.798438 0.887963 0.795833 0.886111 0.792708 0.886111
1 0.571875 0.893519 0.570312 0.894444 0.569271 0.895370 0.567708 0.898148 0.567187 0.900000 0.566667 0.902778 0.566667 0.908333 0.567708 0.912963 0.569271 0.915741 0.570312 0.916667 0.571875 0.917593 0.575000 0.917593 0.577604 0.915741 0.579167 0.912963 0.580208 0.908333 0.580208 0.902778 0.579688 0.900000 0.579167 0.898148 0.577604 0.895370 0.575000 0.893519 0.571875 0.893519
0 0.547396 0.558333 0.544792 0.559259 0.543750 0.560185 0.541667 0.562963 0.541146 0.563889 0.540625 0.565741 0.540104 0.567593 0.540104 0.577778 0.540625 0.580556 0.542708 0.584259 0.544271 0.586111 0.545833 0.587037 0.550521 0.587037 0.552083 0.586111 0.553125 0.584259 0.553646 0.584259 0.554167 0.583333 0.554688 0.581481 0.555729 0.577778 0.556250 0.574074 0.556250 0.570370 0.555729 0.567593 0.555208 0.565741 0.554688 0.563889 0.552604 0.560185 0.551562 0.559259 0.549479 0.558333 0.547396 0.558333
1 0.260937 0.129630 0.259375 0.130556 0.258333 0.131481 0.256771 0.134259 0.256250 0.136111 0.255729 0.138889 0.255729 0.144444 0.256771 0.149074 0.258333 0.151852 0.259375 0.152778 0.260937 0.153704 0.264062 0.153704 0.266667 0.151852 0.268229 0.149074 0.269271 0.144444 0.269271 0.138889 0.268750 0.136111 0.268229 0.134259 0.266667 0.131481 0.264062 0.129630 0.260937 0.129630
1 0.251563 0.741667 0.250000 0.742593 0.248958 0.743519 0.246354 0.748148 0.245833 0.750000 0.245312 0.752778 0.245312 0.757407 0.245833 0.759259 0.246354 0.761111 0.248958 0.765741 0.250000 0.766667 0.251563 0.767593 0.254167 0.767593 0.255208 0.766667 0.256250 0.765741 0.258854 0.761111 0.259375 0.759259 0.259896 0.757407 0.259896 0.752778 0.259375 0.750000 0.258854 0.748148 0.256250 0.743519 0.255208 0.742593 0.254167 0.741667 0.251563 0.741667
1 0.327083 0.754630 0.325521 0.755556 0.323958 0.758333 0.323437 0.758333 0.322396 0.760185 0.321354 0.764815 0.321354 0.772222 0.321875 0.775000 0.322396 0.776852 0.323437 0.778704 0.323958 0.778704 0.325521 0.781481 0.327083 0.782407 0.329688 0.782407 0.331771 0.780556 0.332813 0.778704 0.333854 0.776852 0.334375 0.775000 0.334896 0.772222 0.334896 0.764815 0.333854 0.760185 0.332813 0.758333 0.331771 0.756481 0.330729 0.755556 0.329688 0.754630 0.327083 0.754630
1 0.380729 0.688889 0.379167 0.689815 0.378125 0.690741 0.376563 0.693519 0.376042 0.695370 0.375521 0.698148 0.375521 0.703704 0.376563 0.708333 0.378125 0.711111 0.379167 0.712037 0.380729 0.712963 0.383854 0.712963 0.386458 0.711111 0.388021 0.708333 0.389062 0.703704 0.389062 0.698148 0.388542 0.695370 0.388021 0.693519 0.386458 0.690741 0.383854 0.688889 0.380729 0.688889
1 0.400000 0.727778 0.398438 0.728704 0.397396 0.729630 0.395833 0.732407 0.395313 0.734259 0.394792 0.737037 0.394792 0.742593 0.395833 0.747222 0.397396 0.750000 0.398438 0.750926 0.400000 0.751852 0.403125 0.751852 0.405729 0.750000 0.407292 0.747222 0.408333 0.742593 0.408333 0.737037 0.407813 0.734259 0.407292 0.732407 0.405729 0.729630 0.403125 0.727778 0.400000 0.727778
1 0.555729 0.856481 0.554167 0.857407 0.553125 0.858333 0.551562 0.861111 0.551042 0.862963 0.550521 0.865741 0.550521 0.871296 0.551562 0.875926 0.553125 0.878704 0.554167 0.879630 0.555729 0.880556 0.558854 0.880556 0.561458 0.878704 0.563021 0.875926 0.564063 0.871296 0.564063 0.865741 0.563542 0.862963 0.563021 0.861111 0.561458 0.858333 0.558854 0.856481 0.555729 0.856481
1 0.586979 0.775000 0.585417 0.775926 0.584375 0.776852 0.582812 0.779630 0.582292 0.781481 0.581771 0.784259 0.581771 0.789815 0.582812 0.794444 0.584375 0.797222 0.585417 0.798148 0.586979 0.799074 0.590104 0.799074 0.592708 0.797222 0.594271 0.794444 0.595313 0.789815 0.595313 0.784259 0.594792 0.781481 0.594271 0.779630 0.592708 0.776852 0.590104 0.775000 0.586979 0.775000
8 0.490729 0.541019 0.491969 0.479130 0.457448 0.476963 0.458057 0.455778 0.491969 0.456861 0.493188 0.397120 0.506021 0.397120 0.505411 0.459037 0.537917 0.461204 0.537812 0.483241 0.503880 0.480759 0.503594 0.539444
