1 0.759896 0.580556 0.758333 0.581481 0.757292 0.582407 0.755729 0.585185 0.755208 0.587037 0.754687 0.589815 0.754687 0.595370 0.755729 0.600000 0.757292 0.602778 0.758333 0.603704 0.759896 0.604630 0.763021 0.604630 0.765625 0.602778 0.767188 0.600000 0.768229 0.595370 0.768229 0.589815 0.767708 0.587037 0.767188 0.585185 0.765625 0.582407 0.763021 0.580556 0.759896 0.580556
8 0.490729 0.541019 0.491969 0.479130 0.457448 0.476963 0.458057 0.455778 0.491969 0.456861 0.493188 0.397120 0.506021 0.397120 0.505411 0.459037 0.537917 0.461204 0.537812 0.483241 0.503880 0.480759 0.503594 0.539444
8 0.490729 0.541019 0.491969 0.479130 0.457448 0.476963 0.458057 0.455778 0.491969 0.456861 0.493188 0.397120 0.506021 0.397120 0.505411 0.459037 0.537917 0.461204 0.537812 0.483241 0.503880 0.480759 0.503594 0.539444
1 0.621875 0.064815 0.620313 0.065741 0.619271 0.066667 0.617708 0.069444 0.617188 0.071296 0.616667 0.074074 0.616667 0.079630 0.617708 0.084259 0.619271 0.087037 0.620313 0.087963 0.621875 0.088889 0.625000 0.088889 0.627604 0.087037 0.629167 0.084259 0.630208 0.079630 0.630208 0.074074 0.629687 0.071296 0.629167 0.069444 0.627604 0.066667 0.625000 0.064815 0.621875 0.064815
1 0.288021 0.216667 0.286458 0.217593 0.285417 0.218519 0.283854 0.221296 0.283333 0.223148 0.282813 0.225926 0.282813 0.231481 0.283854 0.236111 0.285417 0.238889 0.286458 0.239815 0.288021 0.240741 0.291146 0.240741 0.293750 0.238889 0.295312 0.236111 0.296354 0.231481 0.296354 0.225926 0.295833 0.223148 0.295312 0.221296 0.293750 0.218519 0.291146 0.216667 0.288021 0.216667
1 0.197396 0.247222 0.195833 0.248148 0.194792 0.249074 0.193229 0.251852 0.192708 0.253704 0.192188 0.256481 0.192188 0.262037 0.193229 0.266667 0.194792 0.269444 0.195833 0.270370 0.197396 0.271296 0.200521 0.271296 0.203125 0.269444 0.204687 0.266667 0.205729 0.262037 0.205729 0.256481 0.205208 0.253704 0.204687 0.251852 0.203125 0.249074 0.200521 0.247222 0.197396 0.247222
1 0.273438 0.377778 0.271875 0.378704 0.270833 0.379630 0.269271 0.382407 0.268750 0.384259 0.268229 0.387037 0.268229 0.392593 0.269271 0.397222 0.270833 0.400000 0.271875 0.400926 0.273438 0.401852 0.276562 0.401852 0.279167 0.400000 0.280729 0.397222 0.281771 0.392593 0.281771 0.387037 0.281250 0.384259 0.280729 0.382407 0.279167 0.379630 0.276562 0.377778 0.273438 0.377778
1 0.461458 0.484259 0.459896 0.485185 0.458854 0.486111 0.457292 0.488889 0.456771 0.490741 0.456250 0.493519 0.456250 0.499074 0.457292 0.503704 0.458854 0.506481 0.459896 0.507407 0.461458 0.508333 0.464583 0.508333 0.467187 0.506481 0.468750 0.503704 0.469792 0.499074 0.469792 0.493519 0.469271 0.490741 0.468750 0.488889 0.467187 0.486111 0.464583 0.484259 0.461458 0.484259
1 0.456250 0.825000 0.454688 0.825926 0.453646 0.826852 0.452083 0.829630 0.451562 0.831481 0.451042 0.834259 0.451042 0.839815 0.452083 0.844444 0.453646 0.847222 0.454688 0.848148 0.456250 0.849074 0.459375 0.849074 0.461979 0.847222 0.463542 0.844444 0.464583 0.839815 0.464583 0.834259 0.464062 0.831481 0.463542 0.829630 0.461979 0.826852 0.459375 0.825000 0.456250 0.825000
1 0.487500 0.871296 0.485938 0.872222 0.484896 0.873148 0.483333 0.875926 0.482812 0.877778 0.482292 0.880556 0.482292 0.886111 0.483333 0.890741 0.484896 0.893519 0.485938 0.894444 0.487500 0.895370 0.490625 0.895370 0.493229 0.893519 0.494792 0.890741 0.495833 0.886111 0.495833 0.880556 0.495312 0.877778 0.494792 0.875926 0.493229 0.873148 0.490625 0.871296 0.487500 0.871296
1 0.291667 0.841667 0.290104 0.842593 0.289062 0.843519 0.287500 0.846296 0.286979 0.848148 0.286458 0.850926 0.286458 0.856481 0.287500 0.861111 0.289062 0.863889 0.290104 0.864815 0.291667 0.865741 0.294792 0.865741 0.297396 0.863889 0.298958 0.861111 0.300000 0.856481 0.300000 0.850926 0.299479 0.848148 0.298958 0.846296 0.297396 0.843519 0.294792 0.841667 0.291667 0.841667
1 0.674479 0.556481 0.672917 0.557407 0.671875 0.558333 0.670312 0.561111 0.669792 0.562963 0.669271 0.565741 0.669271 0.571296 0.670312 0.575926 0.671875 0.578704 0.672917 0.579630 0.674479 0.580556 0.677604 0.580556 0.680208 0.578704 0.681771 0.575926 0.682813 0.571296 0.682813 0.565741 0.682292 0.562963 0.681771 0.561111 0.680208 0.558333 0.677604 0.556481 0.674479 0.556481
1 0.617188 0.503704 0.615625 0.504630 0.614583 0.505556 0.613021 0.508333 0.612500 0.510185 0.611979 0.512963 0.611979 0.518519 0.613021 0.523148 0.614583 0.525926 0.615625 0.526852 0.617188 0.527778 0.620313 0.527778 0.622917 0.525926 0.624479 0.523148 0.625521 0.518519 0.625521 0.512963 0.625000 0.510185 0.624479 0.508333 0.622917 0.505556 0.620313 0.503704 0.617188 0.503704
1 0.800521 0.875926 0.798958 0.876852 0.797917 0.877778 0.796354 0.880556 0.795833 0.882407 0.795312 0.885185 0.795312 0.890741 0.796354 0.895370 0.797917 0.898148 0.798958 0.899074 0.800521 0.900000 0.803646 0.900000 0.806250 0.898148 0.807813 0.895370 0.808854 0.890741 0.808854 0.885185 0.808333 0.882407 0.807813 0.880556 0.806250 0.877778 0.803646 0.875926 0.800521 0.875926
0 0.388021 0.875926 0.386458 0.876852 0.385417 0.877778 0.383854 0.880556 0.382812 0.885185 0.382292 0.887963 0.382292 0.895370 0.382812 0.899074 0.383333 0.901852 0.383854 0.903704 0.384375 0.904630 0.385417 0.905556 0.386979 0.906481 0.388542 0.907407 0.393229 0.907407 0.396354 0.904630 0.397917 0.901852 0.398958 0.899074 0.400521 0.895370 0.400521 0.886111 0.400000 0.883333 0.397917 0.878704 0.396875 0.876852 0.395833 0.875926 0.388021 0.875926
0 0.531771 0.549074 0.530729 0.550000 0.529687 0.550926 0.528125 0.553704 0.527083 0.556481 0.526563 0.558333 0.526042 0.560185 0.526042 0.564815 0.526563 0.568519 0.528125 0.574074 0.529167 0.575926 0.530729 0.576852 0.532292 0.577778 0.537500 0.577778 0.540625 0.575000 0.541667 0.573148 0.543229 0.567593 0.543229 0.561111 0.542708 0.556481 0.541146 0.553704 0.541146 0.552778 0.540104 0.550926 0.539062 0.550000 0.538021 0.549074 0.531771 0.549074
