1 0.795833 0.248148 0.794271 0.249074 0.793229 0.250000 0.791667 0.252778 0.791146 0.254630 0.790625 0.257407 0.790625 0.262963 0.791667 0.267593 0.793229 0.270370 0.794271 0.271296 0.795833 0.272222 0.798958 0.272222 0.801562 0.270370 0.803125 0.267593 0.804167 0.262963 0.804167 0.257407 0.803646 0.254630 0.803125 0.252778 0.801562 0.250000 0.798958 0.248148 0.795833 0.248148
1 0.686458 0.541667 0.684896 0.542593 0.683854 0.543519 0.682292 0.546296 0.681771 0.548148 0.681250 0.550926 0.681250 0.556481 0.682292 0.561111 0.683854 0.563889 0.684896 0.564815 0.686458 0.565741 0.689583 0.565741 0.692187 0.563889 0.693750 0.561111 0.694792 0.556481 0.694792 0.550926 0.694271 0.548148 0.693750 0.546296 0.692187 0.543519 0.689583 0.541667 0.686458 0.541667
8 0.490729 0.541019 0.491969 0.479130 0.457448 0.476963 0.458057 0.455778 0.491969 0.456861 0.493188 0.397120 0.506021 0.397120 0.505411 0.459037 0.537917 0.461204 0.537812 0.483241 0.503880 0.480759 0.503594 0.539444
8 0.490729 0.541019 0.491969 0.479130 0.457448 0.476963 0.458057 0.455778 0.491969 0.456861 0.493188 0.397120 0.506021 0.397120 0.505411 0.459037 0.537917 0.461204 0.537812 0.483241 0.503880 0.480759 0.503594 0.539444
1 0.345833 0.148148 0.344271 0.149074 0.343229 0.150000 0.341667 0.152778 0.341146 0.154630 0.340625 0.157407 0.340625 0.162963 0.341667 0.167593 0.343229 0.170370 0.344271 0.171296 0.345833 0.172222 0.348958 0.172222 0.351562 0.170370 0.353125 0.167593 0.354167 0.162963 0.354167 0.157407 0.353646 0.154630 0.353125 0.152778 0.351562 0.150000 0.348958 0.148148 0.345833 0.148148
1 0.598958 0.204630 0.597396 0.205556 0.596354 0.206481 0.594792 0.209259 0.594271 0.211111 0.593750 0.213889 0.593750 0.219444 0.594792 0.224074 0.596354 0.226852 0.597396 0.227778 0.598958 0.228704 0.602083 0.228704 0.604688 0.226852 0.606250 0.224074 0.607292 0.219444 0.607292 0.213889 0.606771 0.211111 0.606250 0.209259 0.604688 0.206481 0.602083 0.204630 0.598958 0.204630
1 0.643229 0.151852 0.641667 0.152778 0.640625 0.153704 0.639062 0.156481 0.638542 0.158333 0.638021 0.161111 0.638021 0.166667 0.639062 0.171296 0.640625 0.174074 0.641667 0.175000 0.643229 0.175926 0.646354 0.175926 0.648958 0.174074 0.650521 0.171296 0.651563 0.166667 0.651563 0.161111 0.651042 0.158333 0.650521 0.156481 0.648958 0.153704 0.646354 0.151852 0.643229 0.151852
1 0.505208 0.828704 0.503646 0.829630 0.502604 0.830556 0.501042 0.833333 0.500521 0.835185 0.500000 0.837963 0.500000 0.843519 0.501042 0.848148 0.502604 0.850926 0.503646 0.851852 0.505208 0.852778 0.508333 0.852778 0.510938 0.850926 0.512500 0.848148 0.513542 0.843519 0.513542 0.837963 0.513021 0.835185 0.512500 0.833333 0.510938 0.830556 0.508333 0.828704 0.505208 0.828704
0 0.339583 0.659259 0.338021 0.660185 0.335938 0.662037 0.334375 0.664815 0.334375 0.666667 0.333854 0.667593 0.333854 0.671296 0.334896 0.675000 0.335938 0.676852 0.336979 0.677778 0.338021 0.678704 0.339583 0.679630 0.343750 0.679630 0.345833 0.678704 0.347396 0.676852 0.348438 0.675000 0.349479 0.671296 0.349479 0.667593 0.348958 0.666667 0.348958 0.664815 0.347396 0.662037 0.345833 0.660185 0.343750 0.659259 0.339583 0.659259
1 0.747917 0.183333 0.746354 0.184259 0.745313 0.185185 0.743750 0.187963 0.743229 0.189815 0.742708 0.192593 0.742708 0.198148 0.743750 0.202778 0.745313 0.205556 0.746354 0.206481 0.747917 0.207407 0.751042 0.207407 0.753646 0.205556 0.755208 0.202778 0.756250 0.198148 0.756250 0.192593 0.755729 0.189815 0.755208 0.187963 0.753646 0.185185 0.751042 0.183333 0.747917 0.183333
1 0.796354 0.281481 0.794792 0.282407 0.793750 0.283333 0.792188 0.286111 0.791667 0.287963 0.791146 0.290741 0.791146 0.296296 0.792188 0.300926 0.793750 0.303704 0.794792 0.304630 0.796354 0.305556 0.799479 0.305556 0.802083 0.303704 0.803646 0.300926 0.804688 0.296296 0.804688 0.290741 0.804167 0.287963 0.803646 0.286111 0.802083 0.283333 0.799479 0.281481 0.796354 0.281481
