1 0.772396 0.138889 0.770833 0.139815 0.769792 0.140741 0.768229 0.143519 0.767708 0.145370 0.767188 0.148148 0.767188 0.153704 0.768229 0.158333 0.769792 0.161111 0.770833 0.162037 0.772396 0.162963 0.775521 0.162963 0.778125 0.161111 0.779687 0.158333 0.780729 0.153704 0.780729 0.148148 0.780208 0.145370 0.779687 0.143519 0.778125 0.140741 0.775521 0.138889 0.772396 0.138889
1 0.750000 0.091667 0.748437 0.092593 0.747396 0.093519 0.745833 0.096296 0.745313 0.098148 0.744792 0.100926 0.744792 0.106481 0.745833 0.111111 0.747396 0.113889 0.748437 0.114815 0.750000 0.115741 0.753125 0.115741 0.755729 0.113889 0.757292 0.111111 0.758333 0.106481 0.758333 0.100926 0.757812 0.098148 0.757292 0.096296 0.755729 0.093519 0.753125 0.091667 0.750000 0.091667
0 0.384375 0.634259 0.382812 0.635185 0.381771 0.636111 0.380208 0.638889 0.379688 0.640741 0.379167 0.642593 0.379167 0.646296 0.379688 0.648148 0.380208 0.650000 0.381771 0.652778 0.382812 0.653704 0.384375 0.654630 0.387500 0.654630 0.389062 0.653704 0.390104 0.652778 0.391667 0.650000 0.392188 0.648148 0.392708 0.646296 0.392708 0.642593 0.392188 0.640741 0.391667 0.638889 0.390104 0.636111 0.389062 0.635185 0.387500 0.634259 0.384375 0.634259
8 0.490729 0.541019 0.491969 0.479130 0.457448 0.476963 0.458057 0.455778 0.491969 0.456861 0.493188 0.397120 0.506021 0.397120 0.505411 0.459037 0.537917 0.461204 0.537812 0.483241 0.503880 0.480759 0.503594 0.539444
8 0.490729 0.541019 0.491969 0.479130 0.457448 0.476963 0.458057 0.455778 0.491969 0.456861 0.493188 0.397120 0.506021 0.397120 0.505411 0.459037 0.537917 0.461204 0.537812 0.483241 0.503880 0.480759 0.503594 0.539444
1 0.379688 0.062037 0.378125 0.062963 0.377083 0.063889 0.375521 0.066667 0.375000 0.068519 0.374479 0.071296 0.374479 0.076852 0.375521 0.081481 0.377083 0.084259 0.378125 0.085185 0.379688 0.086111 0.382812 0.086111 0.385417 0.084259 0.386979 0.081481 0.388021 0.076852 0.388021 0.071296 0.387500 0.068519 0.386979 0.066667 0.385417 0.063889 0.382812 0.062037 0.379688 0.062037
1 0.596875 0.209259 0.595313 0.210185 0.594271 0.211111 0.592708 0.213889 0.592187 0.215741 0.591667 0.218519 0.591667 0.224074 0.592708 0.228704 0.594271 0.231481 0.595313 0.232407 0.596875 0.233333 0.600000 0.233333 0.602604 0.231481 0.604167 0.228704 0.605208 0.224074 0.605208 0.218519 0.604688 0.215741 0.604167 0.213889 0.602604 0.211111 0.600000 0.209259 0.596875 0.209259
1 0.661979 0.085185 0.660417 0.086111 0.659375 0.087037 0.657813 0.089815 0.657292 0.091667 0.656771 0.094444 0.656771 0.100000 0.657813 0.104630 0.659375 0.107407 0.660417 0.108333 0.661979 0.109259 0.665104 0.109259 0.667708 0.107407 0.669271 0.104630 0.670312 0.100000 0.670312 0.094444 0.669792 0.091667 0.669271 0.089815 0.667708 0.087037 0.665104 0.085185 0.661979 0.085185
1 0.505208 0.828704 0.503646 0.829630 0.502604 0.830556 0.501042 0.833333 0.500521 0.835185 0.500000 0.837963 0.500000 0.843519 0.501042 0.848148 0.502604 0.850926 0.503646 0.851852 0.505208 0.852778 0.508333 0.852778 0.510938 0.850926 0.512500 0.848148 0.513542 0.843519 0.513542 0.837963 0.513021 0.835185 0.512500 0.833333 0.510938 0.830556 0.508333 0.828704 0.505208 0.828704
1 0.765104 0.494444 0.763542 0.495370 0.762500 0.496296 0.760938 0.499074 0.760417 0.500926 0.759896 0.503704 0.759896 0.509259 0.760938 0.513889 0.762500 0.516667 0.763542 0.517593 0.765104 0.518519 0.768229 0.518519 0.770833 0.516667 0.772396 0.513889 0.773438 0.509259 0.773438 0.503704 0.772917 0.500926 0.772396 0.499074 0.770833 0.496296 0.768229 0.494444 0.765104 0.494444
1 0.728125 0.259259 0.726562 0.260185 0.725521 0.261111 0.723958 0.263889 0.723437 0.265741 0.722917 0.268519 0.722917 0.274074 0.723958 0.278704 0.725521 0.281481 0.726562 0.282407 0.728125 0.283333 0.731250 0.283333 0.733854 0.281481 0.735417 0.278704 0.736458 0.274074 0.736458 0.268519 0.735938 0.265741 0.735417 0.263889 0.733854 0.261111 0.731250 0.259259 0.728125 0.259259
