8 0.490729 0.541019 0.491969 0.479130 0.457448 0.476963 0.458057 0.455778 0.491969 0.456861 0.493188 0.397120 0.506021 0.397120 0.505411 0.459037 0.537917 0.461204 0.537812 0.483241 0.503880 0.480759 0.503594 0.539444
1 0.750521 0.111111 0.748958 0.112037 0.747917 0.112963 0.746354 0.115741 0.745833 0.117593 0.745313 0.120370 0.745313 0.125926 0.746354 0.130556 0.747917 0.133333 0.748958 0.134259 0.750521 0.135185 0.753646 0.135185 0.756250 0.133333 0.757812 0.130556 0.758854 0.125926 0.758854 0.120370 0.758333 0.117593 0.757812 0.115741 0.756250 0.112963 0.753646 0.111111 0.750521 0.111111
1 0.716146 0.234259 0.714583 0.235185 0.713542 0.236111 0.711979 0.238889 0.711458 0.240741 0.710938 0.243519 0.710938 0.249074 0.711979 0.253704 0.713542 0.256481 0.714583 0.257407 0.716146 0.258333 0.719271 0.258333 0.721875 0.256481 0.723437 0.253704 0.724479 0.249074 0.724479 0.243519 0.723958 0.240741 0.723437 0.238889 0.721875 0.236111 0.719271 0.234259 0.716146 0.234259
1 0.592187 0.213889 0.590625 0.214815 0.589583 0.215741 0.588021 0.218519 0.587500 0.220370 0.586979 0.223148 0.586979 0.228704 0.588021 0.233333 0.589583 0.236111 0.590625 0.237037 0.592187 0.237963 0.595313 0.237963 0.597917 0.236111 0.599479 0.233333 0.600521 0.228704 0.600521 0.223148 0.600000 0.220370 0.599479 0.218519 0.597917 0.215741 0.595313 0.213889 0.592187 0.213889
1 0.661458 0.107407 0.659896 0.108333 0.658854 0.109259 0.657292 0.112037 0.656771 0.113889 0.656250 0.116667 0.656250 0.122222 0.657292 0.126852 0.658854 0.129630 0.659896 0.130556 0.661458 0.131481 0.664583 0.131481 0.667188 0.129630 0.668750 0.126852 0.669792 0.122222 0.669792 0.116667 0.669271 0.113889 0.668750 0.112037 0.667188 0.109259 0.664583 0.107407 0.661458 0.107407
1 0.779167 0.484259 0.777604 0.485185 0.776563 0.486111 0.775000 0.488889 0.774479 0.490741 0.773958 0.493519 0.773958 0.499074 0.775000 0.503704 0.776563 0.506481 0.777604 0.507407 0.779167 0.508333 0.782292 0.508333 0.784896 0.506481 0.786458 0.503704 0.787500 0.499074 0.787500 0.493519 0.786979 0.490741 0.786458 0.488889 0.784896 0.486111 0.782292 0.484259 0.779167 0.484259
1 0.506250 0.829630 0.504687 0.830556 0.503646 0.831481 0.502083 0.834259 0.501563 0.836111 0.501042 0.838889 0.501042 0.844444 0.502083 0.849074 0.503646 0.851852 0.504687 0.852778 0.506250 0.853704 0.509375 0.853704 0.511979 0.851852 0.513542 0.849074 0.514583 0.844444 0.514583 0.838889 0.514062 0.836111 0.513542 0.834259 0.511979 0.831481 0.509375 0.829630 0.506250 0.829630
8 0.490729 0.541019 0.491969 0.479130 0.457448 0.476963 0.458057 0.455778 0.491969 0.456861 0.493188 0.397120 0.506021 0.397120 0.505411 0.459037 0.537917 0.461204 0.537812 0.483241 0.503880 0.480759 0.503594 0.539444
1 0.380208 0.061111 0.378646 0.062037 0.377604 0.062963 0.376042 0.065741 0.375521 0.067593 0.375000 0.070370 0.375000 0.075926 0.376042 0.080556 0.377604 0.083333 0.378646 0.084259 0.380208 0.085185 0.383333 0.085185 0.385937 0.083333 0.387500 0.080556 0.388542 0.075926 0.388542 0.070370 0.388021 0.067593 0.387500 0.065741 0.385937 0.062963 0.383333 0.061111 0.380208 0.061111
0 0.365625 0.628704 0.363021 0.630556 0.360938 0.634259 0.360417 0.636111 0.359896 0.638889 0.359896 0.642593 0.360417 0.645370 0.360938 0.647222 0.363021 0.650926 0.365625 0.652778 0.368750 0.652778 0.371354 0.650926 0.373437 0.647222 0.373958 0.645370 0.374479 0.642593 0.374479 0.638889 0.373958 0.636111 0.373437 0.634259 0.371354 0.630556 0.368750 0.628704 0.365625 0.628704
1 0.734375 0.071296 0.732812 0.072222 0.731771 0.073148 0.730208 0.075926 0.729688 0.077778 0.729167 0.080556 0.729167 0.086111 0.730208 0.090741 0.731771 0.093519 0.732812 0.094444 0.734375 0.095370 0.737500 0.095370 0.740104 0.093519 0.741667 0.090741 0.742708 0.086111 0.742708 0.080556 0.742188 0.077778 0.741667 0.075926 0.740104 0.073148 0.737500 0.071296 0.734375 0.071296
