1 0.621875 0.062963 0.620313 0.063889 0.619271 0.064815 0.617708 0.067593 0.617188 0.069444 0.616667 0.072222 0.616667 0.077778 0.617708 0.082407 0.619271 0.085185 0.620313 0.086111 0.621875 0.087037 0.625000 0.087037 0.627604 0.085185 0.629167 0.082407 0.630208 0.077778 0.630208 0.072222 0.629687 0.069444 0.629167 0.067593 0.627604 0.064815 0.625000 0.062963 0.621875 0.062963
0 0.388542 0.894444 0.387500 0.895370 0.384375 0.900926 0.383854 0.902778 0.383333 0.904630 0.382812 0.907407 0.382812 0.916667 0.383333 0.920370 0.385417 0.924074 0.389062 0.926852 0.393229 0.926852 0.394792 0.925000 0.396354 0.924074 0.400521 0.916667 0.401042 0.913889 0.401042 0.906481 0.400521 0.903704 0.397396 0.898148 0.396875 0.895370 0.395833 0.894444 0.388542 0.894444
0 0.532292 0.549074 0.530208 0.550926 0.529167 0.551852 0.528646 0.552778 0.528646 0.553704 0.527604 0.555556 0.526042 0.561111 0.526042 0.562963 0.526563 0.568519 0.528125 0.574074 0.529167 0.575926 0.530729 0.576852 0.532292 0.577778 0.537500 0.577778 0.540625 0.575000 0.541667 0.573148 0.543229 0.567593 0.543229 0.561111 0.542708 0.556481 0.541146 0.553704 0.541146 0.552778 0.540104 0.550926 0.539062 0.550000 0.538021 0.549074 0.532292 0.549074
8 0.490729 0.541019 0.491969 0.479130 0.457448 0.476963 0.458057 0.455778 0.491969 0.456861 0.493188 0.397120 0.506021 0.397120 0.505411 0.459037 0.537917 0.461204 0.537812 0.483241 0.503880 0.480759 0.503594 0.539444
8 0.490729 0.541019 0.491969 0.479130 0.457448 0.476963 0.458057 0.455778 0.491969 0.456861 0.493188 0.397120 0.506021 0.397120 0.505411 0.459037 0.537917 0.461204 0.537812 0.483241 0.503880 0.480759 0.503594 0.539444
1 0.255729 0.497222 0.254167 0.498148 0.253125 0.499074 0.251563 0.501852 0.251042 0.503704 0.250521 0.506481 0.250521 0.512037 0.251563 0.516667 0.253125 0.519444 0.254167 0.520370 0.255729 0.521296 0.258854 0.521296 0.261458 0.519444 0.263021 0.516667 0.264062 0.512037 0.264062 0.506481 0.263542 0.503704 0.263021 0.501852 0.261458 0.499074 0.258854 0.497222 0.255729 0.497222
1 0.233333 0.484259 0.231771 0.485185 0.230729 0.486111 0.229167 0.488889 0.228646 0.490741 0.228125 0.493519 0.228125 0.499074 0.229167 0.503704 0.230729 0.506481 0.231771 0.507407 0.233333 0.508333 0.236458 0.508333 0.239063 0.506481 0.240625 0.503704 0.241667 0.499074 0.241667 0.493519 0.241146 0.490741 0.240625 0.488889 0.239063 0.486111 0.236458 0.484259 0.233333 0.484259
1 0.215104 0.465741 0.213542 0.466667 0.212500 0.467593 0.210938 0.470370 0.210417 0.472222 0.209896 0.475000 0.209896 0.480556 0.210938 0.485185 0.212500 0.487963 0.213542 0.488889 0.215104 0.489815 0.218229 0.489815 0.220833 0.487963 0.222396 0.485185 0.223438 0.480556 0.223438 0.475000 0.222917 0.472222 0.222396 0.470370 0.220833 0.467593 0.218229 0.465741 0.215104 0.465741
1 0.271354 0.372222 0.269792 0.373148 0.268750 0.374074 0.267188 0.376852 0.266667 0.378704 0.266146 0.381481 0.266146 0.387037 0.267188 0.391667 0.268750 0.394444 0.269792 0.395370 0.271354 0.396296 0.274479 0.396296 0.277083 0.394444 0.278646 0.391667 0.279687 0.387037 0.279687 0.381481 0.279167 0.378704 0.278646 0.376852 0.277083 0.374074 0.274479 0.372222 0.271354 0.372222
1 0.289583 0.603704 0.288021 0.604630 0.286979 0.605556 0.285417 0.608333 0.284896 0.610185 0.284375 0.612963 0.284375 0.618519 0.285417 0.623148 0.286979 0.625926 0.288021 0.626852 0.289583 0.627778 0.292708 0.627778 0.295312 0.625926 0.296875 0.623148 0.297917 0.618519 0.297917 0.612963 0.297396 0.610185 0.296875 0.608333 0.295312 0.605556 0.292708 0.603704 0.289583 0.603704
1 0.239063 0.673148 0.237500 0.674074 0.236458 0.675000 0.234896 0.677778 0.234375 0.679630 0.233854 0.682407 0.233854 0.687963 0.234896 0.692593 0.236458 0.695370 0.237500 0.696296 0.239063 0.697222 0.242188 0.697222 0.244792 0.695370 0.246354 0.692593 0.247396 0.687963 0.247396 0.682407 0.246875 0.679630 0.246354 0.677778 0.244792 0.675000 0.242188 0.673148 0.239063 0.673148
1 0.185938 0.575926 0.184375 0.576852 0.183333 0.577778 0.181771 0.580556 0.181250 0.582407 0.180729 0.585185 0.180729 0.590741 0.181771 0.595370 0.183333 0.598148 0.184375 0.599074 0.185938 0.600000 0.189062 0.600000 0.191667 0.598148 0.193229 0.595370 0.194271 0.590741 0.194271 0.585185 0.193750 0.582407 0.193229 0.580556 0.191667 0.577778 0.189062 0.575926 0.185938 0.575926
1 0.164062 0.565741 0.162500 0.566667 0.161458 0.567593 0.159896 0.570370 0.159375 0.572222 0.158854 0.575000 0.158854 0.580556 0.159896 0.585185 0.161458 0.587963 0.162500 0.588889 0.164062 0.589815 0.167187 0.589815 0.169792 0.587963 0.171354 0.585185 0.172396 0.580556 0.172396 0.575000 0.171875 0.572222 0.171354 0.570370 0.169792 0.567593 0.167187 0.565741 0.164062 0.565741
1 0.332292 0.725000 0.330729 0.725926 0.329688 0.726852 0.328125 0.729630 0.327604 0.731481 0.327083 0.734259 0.327083 0.739815 0.328125 0.744444 0.329688 0.747222 0.330729 0.748148 0.332292 0.749074 0.335417 0.749074 0.338021 0.747222 0.339583 0.744444 0.340625 0.739815 0.340625 0.734259 0.340104 0.731481 0.339583 0.729630 0.338021 0.726852 0.335417 0.725000 0.332292 0.725000
1 0.486979 0.870370 0.485417 0.871296 0.484375 0.872222 0.482812 0.875000 0.482292 0.876852 0.481771 0.879630 0.481771 0.885185 0.482812 0.889815 0.484375 0.892593 0.485417 0.893519 0.486979 0.894444 0.490104 0.894444 0.492708 0.892593 0.494271 0.889815 0.495312 0.885185 0.495312 0.879630 0.494792 0.876852 0.494271 0.875000 0.492708 0.872222 0.490104 0.870370 0.486979 0.870370
1 0.801042 0.875000 0.799479 0.875926 0.798438 0.876852 0.796875 0.879630 0.796354 0.881481 0.795833 0.884259 0.795833 0.889815 0.796875 0.894444 0.798438 0.897222 0.799479 0.898148 0.801042 0.899074 0.804167 0.899074 0.806771 0.897222 0.808333 0.894444 0.809375 0.889815 0.809375 0.884259 0.808854 0.881481 0.808333 0.879630 0.806771 0.876852 0.804167 0.875000 0.801042 0.875000
