1 0.592187 0.522222 0.590625 0.523148 0.589583 0.524074 0.588021 0.526852 0.587500 0.528704 0.586979 0.531481 0.586979 0.537037 0.588021 0.541667 0.589583 0.544444 0.590625 0.545370 0.592187 0.546296 0.595313 0.546296 0.597917 0.544444 0.599479 0.541667 0.600521 0.537037 0.600521 0.531481 0.600000 0.528704 0.599479 0.526852 0.597917 0.524074 0.595313 0.522222 0.592187 0.522222
1 0.547917 0.550000 0.546354 0.550926 0.545312 0.551852 0.543750 0.554630 0.543229 0.556481 0.542708 0.559259 0.542708 0.564815 0.543750 0.569444 0.545312 0.572222 0.546354 0.573148 0.547917 0.574074 0.551042 0.574074 0.553646 0.572222 0.555208 0.569444 0.556250 0.564815 0.556250 0.559259 0.555729 0.556481 0.555208 0.554630 0.553646 0.551852 0.551042 0.550000 0.547917 0.550000
1 0.509375 0.642593 0.507812 0.643519 0.506771 0.644444 0.505208 0.647222 0.504687 0.649074 0.504167 0.651852 0.504167 0.657407 0.505208 0.662037 0.506771 0.664815 0.507812 0.665741 0.509375 0.666667 0.512500 0.666667 0.515104 0.664815 0.516667 0.662037 0.517708 0.657407 0.517708 0.651852 0.517188 0.649074 0.516667 0.647222 0.515104 0.644444 0.512500 0.642593 0.509375 0.642593
1 0.508854 0.821296 0.507292 0.822222 0.506250 0.823148 0.504687 0.825926 0.504167 0.827778 0.503646 0.830556 0.503646 0.836111 0.504687 0.840741 0.506250 0.843519 0.507292 0.844444 0.508854 0.845370 0.511979 0.845370 0.514583 0.843519 0.516146 0.840741 0.517188 0.836111 0.517188 0.830556 0.516667 0.827778 0.516146 0.825926 0.514583 0.823148 0.511979 0.821296 0.508854 0.821296
1 0.452604 0.116667 0.451042 0.117593 0.450000 0.118519 0.448437 0.121296 0.447917 0.123148 0.447396 0.125926 0.447396 0.131481 0.448437 0.136111 0.450000 0.138889 0.451042 0.139815 0.452604 0.140741 0.455729 0.140741 0.458333 0.138889 0.459896 0.136111 0.460938 0.131481 0.460938 0.125926 0.460417 0.123148 0.459896 0.121296 0.458333 0.118519 0.455729 0.116667 0.452604 0.116667
1 0.297396 0.459259 0.295833 0.460185 0.294792 0.461111 0.293229 0.463889 0.292708 0.465741 0.292187 0.468519 0.292187 0.474074 0.293229 0.478704 0.294792 0.481481 0.295833 0.482407 0.297396 0.483333 0.300521 0.483333 0.303125 0.481481 0.304688 0.478704 0.305729 0.474074 0.305729 0.468519 0.305208 0.465741 0.304688 0.463889 0.303125 0.461111 0.300521 0.459259 0.297396 0.459259
0 0.408854 0.465741 0.407292 0.466667 0.406250 0.467593 0.404687 0.470370 0.404167 0.472222 0.403646 0.475000 0.403646 0.480556 0.404687 0.485185 0.406250 0.487963 0.407292 0.488889 0.408854 0.489815 0.411979 0.489815 0.414583 0.487963 0.416146 0.485185 0.417187 0.480556 0.417187 0.475000 0.416667 0.472222 0.416146 0.470370 0.414583 0.467593 0.411979 0.465741 0.408854 0.465741
1 0.618229 0.357407 0.616667 0.358333 0.615625 0.359259 0.614062 0.362037 0.613542 0.363889 0.613021 0.366667 0.613021 0.372222 0.614062 0.376852 0.615625 0.379630 0.616667 0.380556 0.618229 0.381481 0.621354 0.381481 0.623958 0.379630 0.625521 0.376852 0.626563 0.372222 0.626563 0.366667 0.626042 0.363889 0.625521 0.362037 0.623958 0.359259 0.621354 0.357407 0.618229 0.357407
8 0.490729 0.541019 0.491969 0.479130 0.457448 0.476963 0.458057 0.455778 0.491969 0.456861 0.493188 0.397120 0.506021 0.397120 0.505411 0.459037 0.537917 0.461204 0.537812 0.483241 0.503880 0.480759 0.503594 0.539444
8 0.490729 0.541019 0.491969 0.479130 0.457448 0.476963 0.458057 0.455778 0.491969 0.456861 0.493188 0.397120 0.506021 0.397120 0.505411 0.459037 0.537917 0.461204 0.537812 0.483241 0.503880 0.480759 0.503594 0.539444
1 0.531771 0.115741 0.530208 0.116667 0.529167 0.117593 0.527604 0.120370 0.527083 0.122222 0.526563 0.125000 0.526563 0.130556 0.527604 0.135185 0.529167 0.137963 0.530208 0.138889 0.531771 0.139815 0.534896 0.139815 0.537500 0.137963 0.539062 0.135185 0.540104 0.130556 0.540104 0.125000 0.539583 0.122222 0.539062 0.120370 0.537500 0.117593 0.534896 0.115741 0.531771 0.115741
