1 0.818229 0.543519 0.816146 0.544444 0.815104 0.545370 0.811979 0.550926 0.811458 0.552778 0.810937 0.555556 0.810937 0.562037 0.811458 0.563889 0.811979 0.565741 0.815104 0.571296 0.816146 0.572222 0.818229 0.573148 0.821875 0.573148 0.823438 0.572222 0.824479 0.571296 0.827604 0.565741 0.828125 0.563889 0.828646 0.562037 0.828646 0.555556 0.828125 0.552778 0.827604 0.550926 0.824479 0.545370 0.823438 0.544444 0.821875 0.543519 0.818229 0.543519
8 0.490729 0.541019 0.491969 0.479130 0.457448 0.476963 0.458057 0.455778 0.491969 0.456861 0.493188 0.397120 0.506021 0.397120 0.505411 0.459037 0.537917 0.461204 0.537812 0.483241 0.503880 0.480759 0.503594 0.539444
1 0.383854 0.701852 0.382292 0.702778 0.381250 0.703704 0.378646 0.708333 0.378125 0.710185 0.377604 0.712963 0.377604 0.717593 0.378125 0.719444 0.378646 0.721296 0.381250 0.725926 0.382292 0.726852 0.383854 0.727778 0.386458 0.727778 0.387500 0.726852 0.388542 0.725926 0.391146 0.721296 0.391667 0.719444 0.392188 0.717593 0.392188 0.712963 0.391667 0.710185 0.391146 0.708333 0.388542 0.703704 0.387500 0.702778 0.386458 0.701852 0.383854 0.701852
1 0.455729 0.555556 0.453125 0.557407 0.451042 0.561111 0.450521 0.562963 0.450000 0.565741 0.450000 0.569444 0.450521 0.572222 0.451042 0.574074 0.453125 0.577778 0.455729 0.579630 0.458854 0.579630 0.461458 0.577778 0.463542 0.574074 0.464062 0.572222 0.464583 0.569444 0.464583 0.565741 0.464062 0.562963 0.463542 0.561111 0.461458 0.557407 0.458854 0.555556 0.455729 0.555556
1 0.481771 0.481481 0.480208 0.482407 0.479167 0.483333 0.477604 0.485185 0.476562 0.487963 0.476042 0.489815 0.475521 0.492593 0.475521 0.499074 0.476562 0.502778 0.477083 0.504630 0.477604 0.505556 0.478125 0.505556 0.479167 0.507407 0.480208 0.508333 0.481771 0.509259 0.485417 0.509259 0.488542 0.506481 0.489583 0.504630 0.491146 0.499074 0.491146 0.492593 0.490625 0.489815 0.490104 0.487963 0.489063 0.486111 0.489063 0.485185 0.488542 0.484259 0.487500 0.483333 0.485417 0.481481 0.481771 0.481481
1 0.520312 0.521296 0.518229 0.522222 0.514062 0.529630 0.513542 0.533333 0.513542 0.539815 0.514062 0.542593 0.518229 0.550000 0.520312 0.550926 0.523958 0.550926 0.525521 0.550000 0.529687 0.542593 0.530208 0.539815 0.530208 0.533333 0.529687 0.529630 0.525521 0.522222 0.523958 0.521296 0.520312 0.521296
1 0.569271 0.469444 0.567187 0.470370 0.565104 0.473148 0.563542 0.475926 0.563021 0.477778 0.562500 0.480556 0.562500 0.487037 0.563021 0.488889 0.563542 0.490741 0.565104 0.493519 0.567187 0.496296 0.569271 0.497222 0.572917 0.497222 0.574479 0.496296 0.576042 0.494444 0.578125 0.490741 0.578646 0.488889 0.579167 0.487037 0.579167 0.480556 0.578646 0.477778 0.578125 0.475926 0.576042 0.472222 0.574479 0.470370 0.572917 0.469444 0.569271 0.469444
8 0.490729 0.541019 0.491969 0.479130 0.457448 0.476963 0.458057 0.455778 0.491969 0.456861 0.493188 0.397120 0.506021 0.397120 0.505411 0.459037 0.537917 0.461204 0.537812 0.483241 0.503880 0.480759 0.503594 0.539444
1 0.696875 0.684259 0.694792 0.685185 0.692708 0.687963 0.691146 0.690741 0.690625 0.692593 0.690104 0.695370 0.690104 0.701852 0.690625 0.703704 0.691146 0.705556 0.692708 0.708333 0.694792 0.711111 0.696875 0.712037 0.700521 0.712037 0.702083 0.711111 0.703646 0.709259 0.705729 0.705556 0.706250 0.703704 0.706771 0.701852 0.706771 0.695370 0.706250 0.692593 0.705729 0.690741 0.703646 0.687037 0.702083 0.685185 0.700521 0.684259 0.696875 0.684259
1 0.594792 0.147222 0.592708 0.148148 0.588542 0.155556 0.588021 0.159259 0.588021 0.165741 0.588542 0.168519 0.592708 0.175926 0.594792 0.176852 0.598437 0.176852 0.600000 0.175926 0.604167 0.168519 0.604688 0.165741 0.604688 0.159259 0.604167 0.155556 0.600000 0.148148 0.598437 0.147222 0.594792 0.147222
0 0.465104 0.610185 0.463542 0.611111 0.461979 0.612963 0.460938 0.615741 0.460417 0.617593 0.459896 0.619444 0.459896 0.627778 0.461979 0.635185 0.463542 0.637037 0.466146 0.637963 0.467187 0.638889 0.470313 0.637963 0.471354 0.637037 0.474479 0.631481 0.475000 0.629630 0.475521 0.626852 0.475521 0.619444 0.475000 0.617593 0.474479 0.615741 0.471875 0.611111 0.470833 0.610185 0.465104 0.610185
1 0.687500 0.870370 0.685937 0.871296 0.684896 0.872222 0.683854 0.873148 0.681771 0.876852 0.681250 0.878704 0.680729 0.880556 0.680729 0.886111 0.681250 0.887963 0.681771 0.889815 0.683854 0.893519 0.684896 0.894444 0.685937 0.895370 0.687500 0.896296 0.691667 0.896296 0.693229 0.895370 0.694792 0.894444 0.697396 0.889815 0.697917 0.887963 0.698438 0.886111 0.698438 0.880556 0.697917 0.878704 0.697396 0.876852 0.694792 0.872222 0.693229 0.871296 0.691667 0.870370 0.687500 0.870370
1 0.481771 0.111111 0.479687 0.112037 0.477604 0.114815 0.476042 0.117593 0.475521 0.119444 0.475000 0.122222 0.475000 0.128704 0.475521 0.130556 0.476042 0.132407 0.477604 0.135185 0.479687 0.137963 0.481771 0.138889 0.485417 0.138889 0.486979 0.137963 0.488542 0.136111 0.490625 0.132407 0.491146 0.130556 0.491667 0.128704 0.491667 0.122222 0.491146 0.119444 0.490625 0.117593 0.488542 0.113889 0.486979 0.112037 0.485417 0.111111 0.481771 0.111111
1 0.422396 0.813889 0.420833 0.814815 0.419792 0.815741 0.418229 0.818519 0.416667 0.822222 0.416146 0.825926 0.416146 0.832407 0.416667 0.835185 0.417708 0.837963 0.419792 0.841667 0.420833 0.842593 0.422396 0.843519 0.426042 0.843519 0.427083 0.842593 0.428125 0.841667 0.430208 0.837963 0.431250 0.835185 0.431771 0.832407 0.431771 0.825926 0.431250 0.822222 0.429688 0.818519 0.428125 0.815741 0.427083 0.814815 0.426042 0.813889 0.422396 0.813889
1 0.754167 0.637963 0.752604 0.638889 0.751563 0.639815 0.748437 0.645370 0.747917 0.648148 0.747917 0.651852 0.748437 0.654630 0.748958 0.656481 0.751563 0.660185 0.752604 0.661111 0.754167 0.662037 0.758333 0.662037 0.759896 0.661111 0.760938 0.660185 0.763542 0.656481 0.764062 0.654630 0.764583 0.651852 0.764583 0.648148 0.764062 0.645370 0.760938 0.639815 0.759896 0.638889 0.758333 0.637963 0.754167 0.637963
