1 0.189583 0.250926 0.188021 0.251852 0.186979 0.252778 0.185417 0.255556 0.184896 0.257407 0.184375 0.260185 0.184375 0.265741 0.185417 0.270370 0.186979 0.273148 0.188021 0.274074 0.189583 0.275000 0.192708 0.275000 0.195312 0.273148 0.196875 0.270370 0.197917 0.265741 0.197917 0.260185 0.197396 0.257407 0.196875 0.255556 0.195312 0.252778 0.192708 0.250926 0.189583 0.250926
1 0.461979 0.280556 0.460417 0.281481 0.459375 0.282407 0.457813 0.285185 0.457292 0.287037 0.456771 0.289815 0.456771 0.295370 0.457813 0.300000 0.459375 0.302778 0.460417 0.303704 0.461979 0.304630 0.465104 0.304630 0.467708 0.302778 0.469271 0.300000 0.470313 0.295370 0.470313 0.289815 0.469792 0.287037 0.469271 0.285185 0.467708 0.282407 0.465104 0.280556 0.461979 0.280556
1 0.478646 0.483333 0.477083 0.484259 0.476042 0.485185 0.474479 0.487963 0.473958 0.489815 0.473438 0.492593 0.473438 0.498148 0.474479 0.502778 0.476042 0.505556 0.477083 0.506481 0.478646 0.507407 0.481771 0.507407 0.484375 0.505556 0.485938 0.502778 0.486979 0.498148 0.486979 0.492593 0.486458 0.489815 0.485938 0.487963 0.484375 0.485185 0.481771 0.483333 0.478646 0.483333
8 0.490729 0.541019 0.491969 0.479130 0.457448 0.476963 0.458057 0.455778 0.491969 0.456861 0.493188 0.397120 0.506021 0.397120 0.505411 0.459037 0.537917 0.461204 0.537812 0.483241 0.503880 0.480759 0.503594 0.539444
8 0.490729 0.541019 0.491969 0.479130 0.457448 0.476963 0.458057 0.455778 0.491969 0.456861 0.493188 0.397120 0.506021 0.397120 0.505411 0.459037 0.537917 0.461204 0.537812 0.483241 0.503880 0.480759 0.503594 0.539444
1 0.817708 0.628704 0.816146 0.629630 0.815104 0.630556 0.813542 0.633333 0.813021 0.635185 0.812500 0.637963 0.812500 0.643519 0.813542 0.648148 0.815104 0.650926 0.816146 0.651852 0.817708 0.652778 0.820833 0.652778 0.823438 0.650926 0.825000 0.648148 0.826042 0.643519 0.826042 0.637963 0.825521 0.635185 0.825000 0.633333 0.823438 0.630556 0.820833 0.628704 0.817708 0.628704
1 0.193750 0.865741 0.192188 0.866667 0.191146 0.867593 0.189583 0.870370 0.189062 0.872222 0.188542 0.875000 0.188542 0.880556 0.189583 0.885185 0.191146 0.887963 0.192188 0.888889 0.193750 0.889815 0.196875 0.889815 0.199479 0.887963 0.201042 0.885185 0.202083 0.880556 0.202083 0.875000 0.201563 0.872222 0.201042 0.870370 0.199479 0.867593 0.196875 0.865741 0.193750 0.865741
1 0.275521 0.801852 0.273958 0.802778 0.272917 0.803704 0.271354 0.806481 0.270833 0.808333 0.270313 0.811111 0.270313 0.816667 0.271354 0.821296 0.272917 0.824074 0.273958 0.825000 0.275521 0.825926 0.278646 0.825926 0.281250 0.824074 0.282813 0.821296 0.283854 0.816667 0.283854 0.811111 0.283333 0.808333 0.282813 0.806481 0.281250 0.803704 0.278646 0.801852 0.275521 0.801852
1 0.306771 0.881481 0.305208 0.882407 0.304167 0.883333 0.302604 0.886111 0.302083 0.887963 0.301563 0.890741 0.301563 0.896296 0.302604 0.900926 0.304167 0.903704 0.305208 0.904630 0.306771 0.905556 0.309896 0.905556 0.312500 0.903704 0.314063 0.900926 0.315104 0.896296 0.315104 0.890741 0.314583 0.887963 0.314063 0.886111 0.312500 0.883333 0.309896 0.881481 0.306771 0.881481
1 0.358854 0.867593 0.357292 0.868519 0.356250 0.869444 0.354687 0.872222 0.354167 0.874074 0.353646 0.876852 0.353646 0.882407 0.354687 0.887037 0.356250 0.889815 0.357292 0.890741 0.358854 0.891667 0.361979 0.891667 0.364583 0.889815 0.366146 0.887037 0.367188 0.882407 0.367188 0.876852 0.366667 0.874074 0.366146 0.872222 0.364583 0.869444 0.361979 0.867593 0.358854 0.867593
1 0.454688 0.704630 0.453125 0.705556 0.452083 0.706481 0.450521 0.709259 0.450000 0.711111 0.449479 0.713889 0.449479 0.719444 0.450521 0.724074 0.452083 0.726852 0.453125 0.727778 0.454688 0.728704 0.457813 0.728704 0.460417 0.726852 0.461979 0.724074 0.463021 0.719444 0.463021 0.713889 0.462500 0.711111 0.461979 0.709259 0.460417 0.706481 0.457813 0.704630 0.454688 0.704630
1 0.351562 0.709259 0.350000 0.710185 0.348958 0.711111 0.347396 0.713889 0.346875 0.715741 0.346354 0.718519 0.346354 0.724074 0.347396 0.728704 0.348958 0.731481 0.350000 0.732407 0.351562 0.733333 0.354687 0.733333 0.357292 0.731481 0.358854 0.728704 0.359896 0.724074 0.359896 0.718519 0.359375 0.715741 0.358854 0.713889 0.357292 0.711111 0.354687 0.709259 0.351562 0.709259
0 0.545833 0.558333 0.544271 0.559259 0.541667 0.562037 0.540625 0.563889 0.540104 0.565741 0.539583 0.569444 0.539583 0.578704 0.540104 0.580556 0.540625 0.582407 0.542188 0.585185 0.545312 0.587963 0.550521 0.587963 0.552083 0.587037 0.554167 0.583333 0.555208 0.580556 0.555729 0.578704 0.556250 0.574074 0.556250 0.570370 0.555729 0.567593 0.555208 0.565741 0.554688 0.563889 0.552604 0.560185 0.551562 0.559259 0.550000 0.558333 0.545833 0.558333
0 0.789583 0.528704 0.788021 0.530556 0.786458 0.531481 0.783333 0.537037 0.782813 0.539815 0.782813 0.545370 0.783333 0.548148 0.783854 0.550926 0.785417 0.553704 0.786979 0.555556 0.790104 0.558333 0.794271 0.558333 0.795312 0.557407 0.796354 0.556481 0.797917 0.554630 0.800521 0.550000 0.801042 0.548148 0.801042 0.539815 0.800521 0.537037 0.799479 0.533333 0.798438 0.532407 0.797396 0.532407 0.796354 0.531481 0.795312 0.529630 0.794271 0.528704 0.789583 0.528704
1 0.576562 0.080556 0.575000 0.081481 0.573958 0.082407 0.572396 0.085185 0.571875 0.087037 0.571354 0.089815 0.571354 0.095370 0.572396 0.100000 0.573958 0.102778 0.575000 0.103704 0.576562 0.104630 0.579688 0.104630 0.582292 0.102778 0.583854 0.100000 0.584896 0.095370 0.584896 0.089815 0.584375 0.087037 0.583854 0.085185 0.582292 0.082407 0.579688 0.080556 0.576562 0.080556
1 0.201042 0.901852 0.199479 0.902778 0.198437 0.903704 0.196875 0.906481 0.196354 0.908333 0.195833 0.911111 0.195833 0.916667 0.196875 0.921296 0.198437 0.924074 0.199479 0.925000 0.201042 0.925926 0.204167 0.925926 0.206771 0.924074 0.208333 0.921296 0.209375 0.916667 0.209375 0.911111 0.208854 0.908333 0.208333 0.906481 0.206771 0.903704 0.204167 0.901852 0.201042 0.901852
