1 0.818750 0.628704 0.817187 0.629630 0.816146 0.630556 0.814583 0.633333 0.814063 0.635185 0.813542 0.637963 0.813542 0.643519 0.814583 0.648148 0.816146 0.650926 0.817187 0.651852 0.818750 0.652778 0.821875 0.652778 0.824479 0.650926 0.826042 0.648148 0.827083 0.643519 0.827083 0.637963 0.826562 0.635185 0.826042 0.633333 0.824479 0.630556 0.821875 0.628704 0.818750 0.628704
1 0.539062 0.594444 0.537500 0.595370 0.536458 0.596296 0.534896 0.599074 0.534375 0.600926 0.533854 0.603704 0.533854 0.609259 0.534896 0.613889 0.536458 0.616667 0.537500 0.617593 0.539062 0.618519 0.542188 0.618519 0.544792 0.616667 0.546354 0.613889 0.547396 0.609259 0.547396 0.603704 0.546875 0.600926 0.546354 0.599074 0.544792 0.596296 0.542188 0.594444 0.539062 0.594444
1 0.562500 0.720370 0.560937 0.721296 0.559896 0.722222 0.558333 0.725000 0.557813 0.726852 0.557292 0.729630 0.557292 0.735185 0.558333 0.739815 0.559896 0.742593 0.560937 0.743519 0.562500 0.744444 0.565625 0.744444 0.568229 0.742593 0.569792 0.739815 0.570833 0.735185 0.570833 0.729630 0.570312 0.726852 0.569792 0.725000 0.568229 0.722222 0.565625 0.720370 0.562500 0.720370
1 0.407292 0.883333 0.405729 0.884259 0.404687 0.885185 0.403125 0.887963 0.402604 0.889815 0.402083 0.892593 0.402083 0.898148 0.403125 0.902778 0.404687 0.905556 0.405729 0.906481 0.407292 0.907407 0.410417 0.907407 0.413021 0.905556 0.414583 0.902778 0.415625 0.898148 0.415625 0.892593 0.415104 0.889815 0.414583 0.887963 0.413021 0.885185 0.410417 0.883333 0.407292 0.883333
1 0.434896 0.625000 0.433333 0.625926 0.432292 0.626852 0.430729 0.629630 0.430208 0.631481 0.429688 0.634259 0.429688 0.639815 0.430729 0.644444 0.432292 0.647222 0.433333 0.648148 0.434896 0.649074 0.438021 0.649074 0.440625 0.647222 0.442188 0.644444 0.443229 0.639815 0.443229 0.634259 0.442708 0.631481 0.442188 0.629630 0.440625 0.626852 0.438021 0.625000 0.434896 0.625000
1 0.480729 0.500000 0.479167 0.500926 0.478125 0.501852 0.476562 0.504630 0.476042 0.506481 0.475521 0.509259 0.475521 0.514815 0.476562 0.519444 0.478125 0.522222 0.479167 0.523148 0.480729 0.524074 0.483854 0.524074 0.486458 0.522222 0.488021 0.519444 0.489063 0.514815 0.489063 0.509259 0.488542 0.506481 0.488021 0.504630 0.486458 0.501852 0.483854 0.500000 0.480729 0.500000
0 0.532292 0.549074 0.531250 0.550000 0.527604 0.556481 0.527083 0.560185 0.527083 0.565741 0.527604 0.570370 0.528125 0.572222 0.530208 0.575926 0.531250 0.576852 0.532292 0.577778 0.537500 0.577778 0.538542 0.576852 0.539583 0.575926 0.542188 0.571296 0.542708 0.569444 0.543229 0.566667 0.543229 0.560185 0.542708 0.556481 0.540625 0.552778 0.538021 0.550000 0.536979 0.549074 0.532292 0.549074
0 0.816146 0.528704 0.813542 0.529630 0.810937 0.531481 0.808854 0.533333 0.807292 0.537037 0.806771 0.538889 0.806771 0.549074 0.807813 0.551852 0.809375 0.555556 0.810937 0.557407 0.813542 0.559259 0.817708 0.560185 0.819792 0.559259 0.823958 0.555556 0.826042 0.551852 0.826562 0.550000 0.826562 0.538889 0.826042 0.536111 0.825000 0.533333 0.823438 0.531481 0.821875 0.530556 0.820312 0.529630 0.818229 0.528704 0.816146 0.528704
8 0.490729 0.541019 0.491969 0.479130 0.457448 0.476963 0.458057 0.455778 0.491969 0.456861 0.493188 0.397120 0.506021 0.397120 0.505411 0.459037 0.537917 0.461204 0.537812 0.483241 0.503880 0.480759 0.503594 0.539444
8 0.490729 0.541019 0.491969 0.479130 0.457448 0.476963 0.458057 0.455778 0.491969 0.456861 0.493188 0.397120 0.506021 0.397120 0.505411 0.459037 0.537917 0.461204 0.537812 0.483241 0.503880 0.480759 0.503594 0.539444
1 0.636458 0.064815 0.634896 0.065741 0.633854 0.066667 0.632292 0.069444 0.631771 0.071296 0.631250 0.074074 0.631250 0.079630 0.632292 0.084259 0.633854 0.087037 0.634896 0.087963 0.636458 0.088889 0.639583 0.088889 0.642188 0.087037 0.643750 0.084259 0.644792 0.079630 0.644792 0.074074 0.644271 0.071296 0.643750 0.069444 0.642188 0.066667 0.639583 0.064815 0.636458 0.064815
1 0.817708 0.169444 0.816146 0.170370 0.815104 0.171296 0.813542 0.174074 0.813021 0.175926 0.812500 0.178704 0.812500 0.184259 0.813542 0.188889 0.815104 0.191667 0.816146 0.192593 0.817708 0.193519 0.820833 0.193519 0.823438 0.191667 0.825000 0.188889 0.826042 0.184259 0.826042 0.178704 0.825521 0.175926 0.825000 0.174074 0.823438 0.171296 0.820833 0.169444 0.817708 0.169444
1 0.813021 0.337037 0.811458 0.337963 0.810417 0.338889 0.808854 0.341667 0.808333 0.343519 0.807813 0.346296 0.807813 0.351852 0.808854 0.356481 0.810417 0.359259 0.811458 0.360185 0.813021 0.361111 0.816146 0.361111 0.818750 0.359259 0.820312 0.356481 0.821354 0.351852 0.821354 0.346296 0.820833 0.343519 0.820312 0.341667 0.818750 0.338889 0.816146 0.337037 0.813021 0.337037
1 0.732812 0.871296 0.731250 0.872222 0.730208 0.873148 0.728646 0.875926 0.728125 0.877778 0.727604 0.880556 0.727604 0.886111 0.728646 0.890741 0.730208 0.893519 0.731250 0.894444 0.732812 0.895370 0.735938 0.895370 0.738542 0.893519 0.740104 0.890741 0.741146 0.886111 0.741146 0.880556 0.740625 0.877778 0.740104 0.875926 0.738542 0.873148 0.735938 0.871296 0.732812 0.871296
1 0.747396 0.814815 0.745833 0.815741 0.744792 0.816667 0.743229 0.819444 0.742708 0.821296 0.742188 0.824074 0.742188 0.829630 0.743229 0.834259 0.744792 0.837037 0.745833 0.837963 0.747396 0.838889 0.750521 0.838889 0.753125 0.837037 0.754687 0.834259 0.755729 0.829630 0.755729 0.824074 0.755208 0.821296 0.754687 0.819444 0.753125 0.816667 0.750521 0.814815 0.747396 0.814815
1 0.777083 0.579630 0.775521 0.580556 0.774479 0.581481 0.772917 0.584259 0.772396 0.586111 0.771875 0.588889 0.771875 0.594444 0.772917 0.599074 0.774479 0.601852 0.775521 0.602778 0.777083 0.603704 0.780208 0.603704 0.782813 0.601852 0.784375 0.599074 0.785417 0.594444 0.785417 0.588889 0.784896 0.586111 0.784375 0.584259 0.782813 0.581481 0.780208 0.579630 0.777083 0.579630
