1 0.151562 0.00555556 0.151562 0.0166667 0.15 0.0194444 0.15 0.0222222 0.145313 0.0305556 0.14375 0.0305556 0.142188 0.0333333 0.140625 0.0333333 0.139062 0.0361111 0.139062 0.0388889 0.15 0.0583333 0.15 0.122222 0.148438 0.125 0.148438 0.147222 0.146875 0.15 0.146875 0.166667 0.145313 0.169444 0.145313 0.213889 0.14375 0.216667 0.14375 0.319444 0.142188 0.322222 0.142188 0.355556 0.140625 0.358333 0.140625 0.386111 0.139062 0.388889 0.139062 0.447222 0.1375 0.45 0.1375 0.569444 0.135937 0.572222 0.135937 0.716667 0.134375 0.719444 0.134375 0.766667 0.132812 0.769444 0.132812 0.861111 0.13125 0.863889 0.13125 0.922222 0.129688 0.925 0.129688 0.927778 0.126563 0.933333 0.125 0.933333 0.123438 0.936111 0.115625 0.936111 0.115625 0.952778 0.121875 0.952778 0.123438 0.955556 0.125 0.955556 0.13125 0.966667 0.13125 0.969444 0.132812 0.972222 0.132812 0.977778 0.134375 0.980556 0.1375 0.980556 0.139062 0.983333 0.139062 0.991667 0.139062 0.980556 0.146875 0.966667 0.148438 0.966667 0.15 0.963889 0.153125 0.963889 0.154687 0.961111 0.157813 0.961111 0.159375 0.958333 0.164062 0.958333 0.165625 0.955556 0.360938 0.955556 0.3625 0.958333 0.404687 0.958333 0.40625 0.955556 0.409375 0.955556 0.410937 0.958333 0.41875 0.958333 0.420312 0.955556 0.45 0.955556 0.451562 0.952778 0.515625 0.952778 0.517187 0.955556 0.560938 0.955556 0.5625 0.952778 0.567187 0.952778 0.56875 0.955556 0.5875 0.955556 0.589063 0.952778 0.592188 0.952778 0.59375 0.955556 0.609375 0.955556 0.610937 0.952778 0.776563 0.952778 0.778125 0.95 0.779688 0.952778 0.784375 0.952778 0.785937 0.95 0.792188 0.95 0.79375 0.952778 0.810938 0.952778 0.8125 0.955556 0.817187 0.955556 0.81875 0.958333 0.821875 0.958333 0.823438 0.961111 0.825 0.961111 0.83125 0.972222 0.840625 0.972222 0.840625 0.966667 0.842188 0.963889 0.842188 0.958333 0.848437 0.947222 0.85 0.947222 0.853125 0.941667 0.857813 0.941667 0.857813 0.930556 0.853125 0.930556 0.85 0.925 0.848437 0.925 0.842188 0.913889 0.842188 0.741667 0.84375 0.738889 0.84375 0.658333 0.845312 0.655556 0.845312 0.588889 0.846875 0.586111 0.846875 0.533333 0.845312 0.530556 0.845312 0.472222 0.846875 0.469444 0.846875 0.427778 0.845312 0.425 0.845312 0.288889 0.84375 0.286111 0.84375 0.0805556 0.845312 0.0777778 0.845312 0.0694444 0.853125 0.0555556 0.857813 0.0555556 0.857813 0.0388889 0.851562 0.0388889 0.846875 0.0305556 0.845312 0.0305556 0.84375 0.0277778 0.84375 0.025 0.842188 0.0222222 0.842188 0.0194444 0.840625 0.0166667 0.840625 0.00555556 0.8375 0.00555556 0.8375 0.0166667 0.835938 0.0194444 0.834375 0.0194444 0.832812 0.0222222 0.832812 0.025 0.83125 0.0277778 0.829687 0.0277778 0.828125 0.0305556 0.826563 0.0305556 0.825 0.0333333 0.8125 0.0333333 0.810938 0.0361111 0.767187 0.0361111 0.765625 0.0333333 0.435937 0.0333333 0.434375 0.0305556 0.360938 0.0305556 0.359375 0.0277778 0.34375 0.0277778 0.342187 0.0305556 0.339063 0.0305556 0.3375 0.0277778 0.25 0.0277778 0.248437 0.025 0.23125 0.025 0.229687 0.0277778 0.217187 0.0277778 0.215625 0.0305556 0.175 0.0305556 0.171875 0.025 0.170312 0.025 0.164062 0.0138889 0.164062 0.00555556
2 0.490625 0.394444 0.490625 0.422222 0.489062 0.425 0.489062 0.444444 0.484375 0.452778 0.453125 0.452778 0.453125 0.477778 0.467187 0.477778 0.46875 0.480556 0.48125 0.480556 0.482812 0.477778 0.484375 0.480556 0.485938 0.480556 0.490625 0.488889 0.490625 0.519444 0.489062 0.522222 0.489062 0.527778 0.490625 0.530556 0.490625 0.547222 0.5 0.547222 0.5 0.536111 0.501562 0.533333 0.501562 0.530556 0.503125 0.527778 0.503125 0.488889 0.507812 0.480556 0.517187 0.480556 0.51875 0.483333 0.539062 0.483333 0.539062 0.455556 0.529688 0.455556 0.528125 0.452778 0.507812 0.452778 0.50625 0.45 0.50625 0.430556 0.504687 0.427778 0.504687 0.394444
5 0.496875 0.816667 0.496875 0.825 0.495313 0.827778 0.490625 0.827778 0.490625 0.858333 0.514063 0.858333 0.514063 0.816667
5 0.771875 0.327778 0.771875 0.369444 0.789062 0.369444 0.789062 0.361111 0.790625 0.358333 0.795313 0.358333 0.795313 0.327778
5 0.321875 0.25 0.321875 0.280556 0.339063 0.280556 0.339063 0.25
5 0.709375 0.383333 0.709375 0.413889 0.732813 0.413889 0.732813 0.383333
5 0.326562 0.55 0.326562 0.563889 0.325 0.566667 0.315625 0.566667 0.315625 0.577778 0.321875 0.577778 0.325 0.572222 0.325 0.569444 0.326562 0.566667 0.328125 0.566667 0.328125 0.563889 0.329688 0.561111 0.329688 0.55
5 0.615625 0.216667 0.615625 0.258333 0.632812 0.258333 0.632812 0.216667
5 0.621875 0.572222 0.621875 0.602778 0.645312 0.602778 0.645312 0.572222
5 0.684375 0.105556 0.684375 0.136111 0.707812 0.136111 0.707812 0.105556
5 0.578125 0.15 0.578125 0.191667 0.601562 0.191667 0.601562 0.15
