1 0.151562 0.00555556 0.151562 0.0194444 0.14375 0.0333333 0.142188 0.0333333 0.140625 0.0361111 0.140625 0.0388889 0.145313 0.0472222 0.145313 0.05 0.15 0.0583333 0.15 0.130556 0.148438 0.133333 0.148438 0.155556 0.146875 0.158333 0.146875 0.186111 0.145313 0.188889 0.145313 0.230556 0.14375 0.233333 0.14375 0.338889 0.142188 0.341667 0.142188 0.366667 0.140625 0.369444 0.140625 0.388889 0.139062 0.391667 0.139062 0.491667 0.1375 0.494444 0.1375 0.613889 0.135937 0.616667 0.135937 0.725 0.134375 0.727778 0.134375 0.772222 0.132812 0.775 0.132812 0.836111 0.13125 0.838889 0.13125 0.922222 0.129688 0.925 0.129688 0.927778 0.126563 0.933333 0.125 0.933333 0.123438 0.936111 0.115625 0.936111 0.115625 0.952778 0.123438 0.952778 0.125 0.955556 0.126563 0.955556 0.13125 0.963889 0.13125 0.966667 0.132812 0.969444 0.132812 0.980556 0.14375 0.980556 0.14375 0.972222 0.148438 0.963889 0.15 0.963889 0.151562 0.961111 0.15625 0.961111 0.157813 0.958333 0.160938 0.958333 0.1625 0.955556 0.189063 0.955556 0.190625 0.952778 0.201562 0.952778 0.203125 0.955556 0.24375 0.955556 0.245312 0.952778 0.276563 0.952778 0.278125 0.955556 0.2875 0.955556 0.289062 0.952778 0.292188 0.952778 0.29375 0.955556 0.298438 0.955556 0.3 0.952778 0.303125 0.952778 0.304688 0.955556 0.323438 0.955556 0.325 0.952778 0.33125 0.952778 0.332812 0.955556 0.334375 0.955556 0.335938 0.952778 0.342187 0.952778 0.34375 0.955556 0.3625 0.955556 0.364062 0.958333 0.392188 0.958333 0.39375 0.955556 0.407813 0.955556 0.409375 0.958333 0.423438 0.958333 0.425 0.955556 0.453125 0.955556 0.454688 0.952778 0.520312 0.952778 0.521875 0.955556 0.523438 0.952778 0.54375 0.952778 0.545313 0.955556 0.551562 0.955556 0.553125 0.952778 0.596875 0.952778 0.598437 0.955556 0.609375 0.955556 0.610937 0.952778 0.760938 0.952778 0.7625 0.95 0.803125 0.95 0.804688 0.952778 0.815625 0.952778 0.817187 0.955556 0.81875 0.955556 0.820312 0.958333 0.821875 0.958333 0.823438 0.961111 0.825 0.961111 0.83125 0.972222 0.83125 0.980556 0.840625 0.980556 0.840625 0.972222 0.842188 0.969444 0.842188 0.958333 0.85 0.944444 0.851562 0.944444 0.853125 0.941667 0.857813 0.941667 0.857813 0.925 0.85 0.925 0.84375 0.913889 0.84375 0.708333 0.845312 0.705556 0.845312 0.613889 0.846875 0.611111 0.846875 0.513889 0.845312 0.511111 0.845312 0.475 0.846875 0.472222 0.846875 0.419444 0.845312 0.416667 0.845312 0.241667 0.84375 0.238889 0.84375 0.1 0.845312 0.0972222 0.845312 0.0722222 0.846875 0.0694444 0.846875 0.0666667 0.851562 0.0583333 0.857813 0.0583333 0.857813 0.0416667 0.853125 0.0416667 0.84375 0.025 0.84375 0.0222222 0.842188 0.0194444 0.842188 0.0166667 0.840625 0.0138889 0.840625 0.00555556 0.834375 0.00555556 0.834375 0.0166667 0.832812 0.0194444 0.832812 0.0222222 0.828125 0.0305556 0.826563 0.0305556 0.825 0.0333333 0.817187 0.0333333 0.815625 0.0361111 0.76875 0.0361111 0.767187 0.0333333 0.620313 0.0333333 0.61875 0.0305556 0.60625 0.0305556 0.604688 0.0333333 0.435937 0.0333333 0.434375 0.0305556 0.35 0.0305556 0.348437 0.0277778 0.345313 0.0277778 0.34375 0.0305556 0.335938 0.0305556 0.334375 0.0277778 0.18125 0.0277778 0.179688 0.0305556 0.176563 0.0305556 0.173438 0.025 0.171875 0.025 0.170312 0.0222222 0.16875 0.0222222 0.165625 0.0166667 0.165625 0.00555556
5 0.509375 0.761111 0.509375 0.802778 0.523438 0.802778 0.523438 0.791667 0.526563 0.786111 0.532812 0.786111 0.532812 0.761111
2 0.490625 0.394444 0.490625 0.422222 0.489062 0.425 0.489062 0.447222 0.4875 0.45 0.485938 0.45 0.484375 0.452778 0.4625 0.452778 0.460938 0.455556 0.453125 0.455556 0.453125 0.477778 0.485938 0.477778 0.490625 0.486111 0.490625 0.536111 0.503125 0.536111 0.503125 0.488889 0.507812 0.480556 0.51875 0.480556 0.520312 0.483333 0.539062 0.483333 0.539062 0.455556 0.53125 0.455556 0.529688 0.452778 0.509375 0.452778 0.50625 0.447222 0.50625 0.430556 0.504687 0.427778 0.504687 0.394444
5 0.615625 0.761111 0.615625 0.791667 0.639063 0.791667 0.639063 0.761111
5 0.190625 0.45 0.190625 0.480556 0.214062 0.480556 0.214062 0.45
5 0.221875 0.661111 0.221875 0.691667 0.245312 0.691667 0.245312 0.661111
5 0.471875 0.494444 0.471875 0.525 0.489062 0.525 0.489062 0.494444
5 0.284375 0.605556 0.284375 0.647222 0.296875 0.647222 0.296875 0.638889 0.298438 0.636111 0.298438 0.633333 0.301562 0.627778 0.307813 0.627778 0.307813 0.605556
5 0.796875 0.85 0.796875 0.891667 0.820312 0.891667 0.820312 0.863889 0.814062 0.863889 0.8125 0.861111 0.8125 0.85
5 0.534375 0.538889 0.534375 0.552778 0.535937 0.555556 0.535937 0.558333 0.534375 0.561111 0.532812 0.558333 0.521875 0.558333 0.521875 0.580556 0.545313 0.580556 0.545313 0.555556 0.535937 0.555556 0.534375 0.552778
5 0.328125 0.205556 0.328125 0.247222 0.351562 0.247222 0.351562 0.216667 0.346875 0.216667 0.345313 0.213889 0.345313 0.205556
5 0.234375 0.494444 0.234375 0.536111 0.257812 0.536111 0.257812 0.494444
5 0.617188 0.05 0.617188 0.0611111 0.614062 0.0666667 0.609375 0.0666667 0.609375 0.0916667 0.632812 0.0916667 0.632812 0.05
5 0.484375 0.883333 0.484375 0.908333 0.490625 0.908333 0.49375 0.913889 0.49375 0.925 0.507812 0.925 0.507812 0.883333
5 0.371875 0.883333 0.371875 0.925 0.395312 0.925 0.395312 0.883333
5 0.553125 0.716667 0.553125 0.747222 0.576563 0.747222 0.576563 0.716667
