1 0.151562 0.00555556 0.151562 0.0166667 0.15 0.0194444 0.15 0.0222222 0.146875 0.0277778 0.145313 0.0277778 0.140625 0.0361111 0.139062 0.0361111 0.148438 0.0527778 0.148438 0.0555556 0.15 0.0583333 0.15 0.125 0.148438 0.127778 0.148438 0.147222 0.146875 0.15 0.146875 0.175 0.145313 0.177778 0.145313 0.213889 0.14375 0.216667 0.14375 0.313889 0.142188 0.316667 0.142188 0.341667 0.140625 0.344444 0.140625 0.366667 0.139062 0.369444 0.139062 0.494444 0.1375 0.497222 0.1375 0.613889 0.135937 0.616667 0.135937 0.722222 0.134375 0.725 0.134375 0.769444 0.132812 0.772222 0.132812 0.869444 0.13125 0.872222 0.13125 0.922222 0.129688 0.925 0.129688 0.927778 0.126563 0.933333 0.125 0.933333 0.123438 0.936111 0.115625 0.936111 0.115625 0.952778 0.123438 0.952778 0.125 0.955556 0.126563 0.955556 0.13125 0.963889 0.13125 0.969444 0.132812 0.972222 0.132812 0.980556 0.145313 0.980556 0.145313 0.969444 0.146875 0.966667 0.148438 0.966667 0.15 0.963889 0.151562 0.963889 0.153125 0.961111 0.15625 0.961111 0.157813 0.958333 0.160938 0.958333 0.1625 0.955556 0.296875 0.955556 0.298438 0.952778 0.304688 0.952778 0.30625 0.95 0.3125 0.95 0.314063 0.952778 0.31875 0.952778 0.320312 0.955556 0.359375 0.955556 0.360938 0.958333 0.421875 0.958333 0.423438 0.955556 0.448438 0.955556 0.45 0.952778 0.598437 0.952778 0.6 0.955556 0.607813 0.955556 0.609375 0.952778 0.778125 0.952778 0.779688 0.95 0.801562 0.95 0.803125 0.952778 0.817187 0.952778 0.81875 0.955556 0.821875 0.955556 0.823438 0.958333 0.825 0.958333 0.83125 0.969444 0.83125 0.980556 0.840625 0.980556 0.840625 0.972222 0.842188 0.969444 0.842188 0.958333 0.85 0.944444 0.851562 0.944444 0.853125 0.941667 0.857813 0.941667 0.857813 0.925 0.85 0.925 0.84375 0.913889 0.84375 0.905556 0.842188 0.902778 0.842188 0.752778 0.84375 0.75 0.84375 0.669444 0.845312 0.666667 0.845312 0.6 0.846875 0.597222 0.846875 0.527778 0.845312 0.525 0.845312 0.463889 0.846875 0.461111 0.846875 0.427778 0.845312 0.425 0.845312 0.283333 0.84375 0.280556 0.845312 0.277778 0.845312 0.263889 0.84375 0.261111 0.84375 0.258333 0.845312 0.255556 0.845312 0.247222 0.84375 0.244444 0.84375 0.0944444 0.845312 0.0916667 0.845312 0.0722222 0.846875 0.0694444 0.846875 0.0666667 0.851562 0.0583333 0.857813 0.0583333 0.857813 0.0388889 0.851562 0.0388889 0.84375 0.025 0.84375 0.0222222 0.840625 0.0166667 0.840625 0.00555556 0.835938 0.00555556 0.835938 0.0138889 0.832812 0.0194444 0.832812 0.0222222 0.828125 0.0305556 0.825 0.0305556 0.823438 0.0333333 0.815625 0.0333333 0.814062 0.0361111 0.76875 0.0361111 0.767187 0.0333333 0.5125 0.0333333 0.510938 0.0305556 0.509375 0.0305556 0.507812 0.0333333 0.475 0.0333333 0.473437 0.0305556 0.459375 0.0305556 0.457812 0.0333333 0.440625 0.0333333 0.439063 0.0305556 0.384375 0.0305556 0.382812 0.0277778 0.38125 0.0277778 0.379687 0.0305556 0.373437 0.0305556 0.371875 0.0277778 0.370313 0.0305556 0.360938 0.0305556 0.359375 0.0277778 0.260938 0.0277778 0.259375 0.025 0.21875 0.025 0.217187 0.0277778 0.1875 0.0277778 0.185937 0.025 0.179688 0.025 0.178125 0.0277778 0.176563 0.025 0.171875 0.025 0.170312 0.0222222 0.16875 0.0222222 0.165625 0.0166667 0.165625 0.00555556
5 0.496875 0.683333 0.496875 0.725 0.514063 0.725 0.514063 0.683333
5 0.271875 0.85 0.271875 0.891667 0.284375 0.891667 0.284375 0.880556 0.289062 0.872222 0.295312 0.872222 0.295312 0.85
2 0.490625 0.394444 0.490625 0.425 0.489062 0.427778 0.489062 0.444444 0.485938 0.45 0.484375 0.45 0.482812 0.452778 0.453125 0.452778 0.453125 0.475 0.457812 0.475 0.459375 0.477778 0.484375 0.477778 0.485938 0.480556 0.4875 0.480556 0.489062 0.483333 0.489062 0.486111 0.490625 0.488889 0.490625 0.547222 0.5 0.547222 0.5 0.538889 0.501562 0.536111 0.501562 0.533333 0.503125 0.530556 0.503125 0.488889 0.509375 0.477778 0.514063 0.477778 0.515625 0.480556 0.51875 0.480556 0.520312 0.483333 0.539062 0.483333 0.539062 0.455556 0.53125 0.455556 0.529688 0.452778 0.507812 0.452778 0.50625 0.45 0.50625 0.430556 0.504687 0.427778 0.504687 0.394444
5 0.159375 0.372222 0.159375 0.413889 0.173438 0.413889 0.173438 0.405556 0.178125 0.397222 0.182812 0.397222 0.182812 0.372222
5 0.384375 0.65 0.384375 0.691667 0.396875 0.691667 0.396875 0.680556 0.401563 0.672222 0.407813 0.672222 0.407813 0.65
5 0.390625 0.75 0.390625 0.777778 0.396875 0.777778 0.398438 0.780556 0.398438 0.791667 0.414062 0.791667 0.414062 0.75
5 0.296875 0.894444 0.296875 0.936111 0.3125 0.936111 0.3125 0.925 0.314063 0.922222 0.320312 0.922222 0.320312 0.894444
5 0.784375 0.883333 0.784375 0.925 0.807813 0.925 0.807813 0.894444 0.803125 0.894444 0.801562 0.891667 0.801562 0.883333
5 0.609375 0.883333 0.609375 0.925 0.623438 0.925 0.623438 0.913889 0.626562 0.908333 0.632812 0.908333 0.632812 0.883333
5 0.353125 0.805556 0.353125 0.847222 0.365625 0.847222 0.365625 0.838889 0.367188 0.836111 0.367188 0.833333 0.370313 0.827778 0.376563 0.827778 0.376563 0.805556
5 0.659375 0.461111 0.659375 0.491667 0.682813 0.491667 0.682813 0.461111
5 0.271875 0.172222 0.271875 0.213889 0.295312 0.213889 0.295312 0.172222
