1 0.151562 0.00555556 0.151562 0.0166667 0.15 0.0194444 0.15 0.0222222 0.14375 0.0333333 0.142188 0.0333333 0.140625 0.0361111 0.139062 0.0361111 0.139062 0.0388889 0.140625 0.0416667 0.142188 0.0416667 0.14375 0.0444444 0.14375 0.0472222 0.15 0.0583333 0.15 0.125 0.148438 0.127778 0.148438 0.144444 0.146875 0.147222 0.146875 0.166667 0.145313 0.169444 0.145313 0.202778 0.14375 0.205556 0.14375 0.322222 0.142188 0.325 0.142188 0.352778 0.140625 0.355556 0.140625 0.386111 0.139062 0.388889 0.139062 0.441667 0.1375 0.444444 0.1375 0.605556 0.135937 0.608333 0.135937 0.719444 0.134375 0.722222 0.134375 0.752778 0.132812 0.755556 0.132812 0.838889 0.13125 0.841667 0.13125 0.922222 0.129688 0.925 0.129688 0.927778 0.125 0.936111 0.121875 0.936111 0.120312 0.938889 0.115625 0.938889 0.115625 0.952778 0.121875 0.952778 0.123438 0.955556 0.125 0.955556 0.13125 0.966667 0.13125 0.972222 0.132812 0.975 0.132812 0.977778 0.134375 0.980556 0.135937 0.980556 0.1375 0.983333 0.1375 0.991667 0.139062 0.991667 0.139062 0.983333 0.140625 0.980556 0.140625 0.977778 0.145313 0.969444 0.146875 0.969444 0.15 0.963889 0.153125 0.963889 0.154687 0.961111 0.159375 0.961111 0.160938 0.958333 0.165625 0.958333 0.167187 0.955556 0.360938 0.955556 0.3625 0.958333 0.423438 0.958333 0.425 0.955556 0.448438 0.955556 0.45 0.952778 0.53125 0.952778 0.532812 0.955556 0.535937 0.955556 0.5375 0.952778 0.540625 0.952778 0.542188 0.955556 0.55625 0.955556 0.557813 0.952778 0.596875 0.952778 0.598437 0.955556 0.609375 0.955556 0.610937 0.952778 0.776563 0.952778 0.778125 0.95 0.779688 0.952778 0.784375 0.952778 0.785937 0.95 0.792188 0.95 0.79375 0.952778 0.810938 0.952778 0.8125 0.955556 0.817187 0.955556 0.81875 0.958333 0.820312 0.958333 0.821875 0.961111 0.823438 0.961111 0.825 0.963889 0.826563 0.963889 0.83125 0.972222 0.840625 0.972222 0.840625 0.966667 0.842188 0.963889 0.842188 0.958333 0.851562 0.941667 0.857813 0.941667 0.857813 0.927778 0.851562 0.927778 0.85 0.925 0.848437 0.925 0.84375 0.916667 0.84375 0.913889 0.842188 0.911111 0.842188 0.727778 0.84375 0.725 0.84375 0.672222 0.845312 0.669444 0.845312 0.588889 0.846875 0.586111 0.846875 0.508333 0.845312 0.505556 0.845312 0.5 0.846875 0.497222 0.846875 0.416667 0.845312 0.413889 0.845312 0.352778 0.84375 0.35 0.84375 0.344444 0.845312 0.341667 0.845312 0.333333 0.84375 0.330556 0.84375 0.322222 0.845312 0.319444 0.845312 0.288889 0.84375 0.286111 0.84375 0.0805556 0.845312 0.0777778 0.845312 0.0694444 0.85 0.0611111 0.85 0.0583333 0.851562 0.0555556 0.857813 0.0555556 0.857813 0.0416667 0.853125 0.0416667 0.848437 0.0333333 0.846875 0.0333333 0.84375 0.0277778 0.84375 0.025 0.842188 0.0222222 0.842188 0.0194444 0.840625 0.0166667 0.840625 0.00555556 0.8375 0.00555556 0.8375 0.0138889 0.832812 0.0222222 0.832812 0.025 0.829687 0.0305556 0.828125 0.0305556 0.826563 0.0333333 0.81875 0.0333333 0.817187 0.0361111 0.76875 0.0361111 0.767187 0.0333333 0.439063 0.0333333 0.4375 0.0305556 0.426562 0.0305556 0.425 0.0277778 0.404687 0.0277778 0.403125 0.025 0.39375 0.025 0.392188 0.0277778 0.3875 0.0277778 0.385938 0.025 0.35 0.025 0.348437 0.0277778 0.217187 0.0277778 0.215625 0.0305556 0.175 0.0305556 0.171875 0.025 0.170312 0.025 0.165625 0.0166667 0.165625 0.00555556
5 0.371875 0.05 0.371875 0.0916667 0.385938 0.0916667 0.385938 0.0805556 0.390625 0.0722222 0.395312 0.0722222 0.395312 0.05
2 0.490625 0.394444 0.490625 0.419444 0.489062 0.422222 0.489062 0.441667 0.4875 0.444444 0.4875 0.447222 0.484375 0.452778 0.4625 0.452778 0.460938 0.455556 0.453125 0.455556 0.453125 0.477778 0.4625 0.477778 0.464063 0.480556 0.48125 0.480556 0.482812 0.477778 0.484375 0.480556 0.485938 0.480556 0.490625 0.488889 0.490625 0.516667 0.489062 0.519444 0.489062 0.527778 0.490625 0.530556 0.490625 0.547222 0.5 0.547222 0.5 0.536111 0.501562 0.533333 0.501562 0.530556 0.503125 0.527778 0.503125 0.502778 0.501562 0.5 0.501562 0.494444 0.503125 0.491667 0.503125 0.488889 0.504687 0.486111 0.504687 0.483333 0.50625 0.480556 0.507812 0.480556 0.509375 0.477778 0.5125 0.477778 0.514063 0.480556 0.51875 0.480556 0.520312 0.483333 0.539062 0.483333 0.539062 0.455556 0.529688 0.455556 0.528125 0.452778 0.509375 0.452778 0.50625 0.447222 0.50625 0.436111 0.504687 0.433333 0.504687 0.394444
5 0.496875 0.816667 0.496875 0.858333 0.514063 0.858333 0.514063 0.816667
5 0.584375 0.205556 0.584375 0.236111 0.601562 0.236111 0.601562 0.205556
5 0.359375 0.680556 0.365625 0.680556
5 0.784375 0.461111 0.784375 0.491667 0.807813 0.491667 0.807813 0.461111
5 0.715625 0.216667 0.715625 0.258333 0.729688 0.258333 0.729688 0.247222 0.732813 0.241667 0.739062 0.241667 0.739062 0.216667
5 0.653125 0.116667 0.653125 0.158333 0.670313 0.158333 0.670313 0.116667
5 0.715625 0.0833333 0.715625 0.125 0.732813 0.125 0.732813 0.0833333
