1 0.154687 0.00555556 0.154687 0.0138889 0.151562 0.0194444 0.151562 0.0222222 0.145313 0.0333333 0.14375 0.0333333 0.142188 0.0361111 0.142188 0.0388889 0.145313 0.0444444 0.145313 0.0472222 0.15 0.0555556 0.15 0.0611111 0.151562 0.0638889 0.151562 0.1 0.15 0.102778 0.15 0.133333 0.148438 0.136111 0.148438 0.161111 0.146875 0.163889 0.146875 0.191667 0.145313 0.194444 0.145313 0.236111 0.14375 0.238889 0.14375 0.35 0.142188 0.352778 0.142188 0.375 0.140625 0.377778 0.140625 0.391667 0.139062 0.394444 0.139062 0.397222 0.140625 0.4 0.140625 0.405556 0.139062 0.408333 0.139062 0.452778 0.1375 0.455556 0.1375 0.461111 0.139062 0.463889 0.139062 0.491667 0.1375 0.494444 0.1375 0.647222 0.135937 0.65 0.135937 0.738889 0.134375 0.741667 0.134375 0.783333 0.132812 0.786111 0.132812 0.852778 0.13125 0.855556 0.13125 0.919444 0.129688 0.922222 0.129688 0.927778 0.126563 0.933333 0.125 0.933333 0.123438 0.936111 0.115625 0.936111 0.115625 0.952778 0.121875 0.952778 0.123438 0.955556 0.125 0.955556 0.126563 0.958333 0.128125 0.958333 0.129688 0.961111 0.129688 0.963889 0.132812 0.969444 0.132812 0.975 0.134375 0.977778 0.135937 0.977778 0.139062 0.983333 0.139062 0.991667 0.139062 0.980556 0.148438 0.963889 0.15 0.963889 0.151562 0.961111 0.15625 0.961111 0.157813 0.958333 0.1625 0.958333 0.164062 0.955556 0.192188 0.955556 0.19375 0.952778 0.203125 0.952778 0.204688 0.955556 0.24375 0.955556 0.245312 0.952778 0.25625 0.952778 0.257812 0.955556 0.259375 0.955556 0.260938 0.952778 0.303125 0.952778 0.304688 0.955556 0.321875 0.955556 0.323438 0.952778 0.35 0.952778 0.351562 0.955556 0.365625 0.955556 0.367188 0.958333 0.428125 0.958333 0.429688 0.955556 0.446875 0.955556 0.448438 0.952778 0.51875 0.952778 0.520312 0.955556 0.554688 0.955556 0.55625 0.952778 0.598437 0.952778 0.6 0.955556 0.609375 0.955556 0.610937 0.952778 0.770312 0.952778 0.771875 0.95 0.792188 0.95 0.79375 0.952778 0.814062 0.952778 0.815625 0.955556 0.81875 0.955556 0.820312 0.958333 0.823438 0.958333 0.829687 0.969444 0.83125 0.969444 0.832812 0.972222 0.835938 0.972222 0.8375 0.975 0.839063 0.975 0.842188 0.969444 0.842188 0.961111 0.84375 0.958333 0.84375 0.955556 0.848437 0.947222 0.85 0.947222 0.851562 0.944444 0.857813 0.944444 0.857813 0.927778 0.853125 0.927778 0.851562 0.925 0.85 0.925 0.848437 0.922222 0.846875 0.922222 0.84375 0.916667 0.84375 0.908333 0.842188 0.905556 0.842188 0.780556 0.84375 0.777778 0.84375 0.716667 0.845312 0.713889 0.845312 0.611111 0.846875 0.608333 0.846875 0.513889 0.845312 0.511111 0.845312 0.472222 0.846875 0.469444 0.846875 0.425 0.845312 0.422222 0.845312 0.147222 0.84375 0.144444 0.84375 0.119444 0.845312 0.116667 0.845312 0.0777778 0.846875 0.075 0.846875 0.0694444 0.853125 0.0583333 0.857813 0.0583333 0.857813 0.0388889 0.853125 0.0388889 0.851562 0.0361111 0.85 0.0361111 0.846875 0.0305556 0.846875 0.0277778 0.842188 0.0194444 0.842188 0.0166667 0.840625 0.0138889 0.840625 0.00555556 0.8375 0.00555556 0.8375 0.0138889 0.828125 0.0305556 0.826563 0.0305556 0.825 0.0333333 0.817187 0.0333333 0.815625 0.0361111 0.779688 0.0361111 0.778125 0.0333333 0.520312 0.0333333 0.51875 0.0305556 0.479688 0.0305556 0.478125 0.0333333 0.439063 0.0333333 0.4375 0.0305556 0.384375 0.0305556 0.382812 0.0277778 0.360938 0.0277778 0.359375 0.025 0.248437 0.025 0.246875 0.0222222 0.207813 0.0222222 0.20625 0.025 0.184375 0.025 0.182812 0.0277778 0.175 0.0277778 0.173438 0.025 0.170312 0.025 0.16875 0.0222222 0.167187 0.0222222 0.1625 0.0138889 0.1625 0.00555556
5 0.721875 0.872222 0.721875 0.913889 0.745313 0.913889 0.745313 0.886111 0.740625 0.886111 0.7375 0.880556 0.7375 0.872222
2 0.492188 0.394444 0.492188 0.408333 0.490625 0.411111 0.490625 0.438889 0.489062 0.441667 0.489062 0.447222 0.4875 0.45 0.485938 0.45 0.484375 0.452778 0.460938 0.452778 0.459375 0.455556 0.453125 0.455556 0.453125 0.475 0.460938 0.475 0.4625 0.477778 0.485938 0.477778 0.489062 0.483333 0.489062 0.486111 0.490625 0.488889 0.490625 0.519444 0.489062 0.522222 0.489062 0.525 0.490625 0.527778 0.490625 0.533333 0.492188 0.536111 0.492188 0.547222 0.498437 0.547222 0.498437 0.538889 0.503125 0.530556 0.503125 0.497222 0.501562 0.494444 0.503125 0.491667 0.503125 0.488889 0.504687 0.486111 0.504687 0.483333 0.50625 0.480556 0.507812 0.480556 0.509375 0.477778 0.515625 0.477778 0.517187 0.480556 0.521875 0.480556 0.523438 0.483333 0.539062 0.483333 0.539062 0.455556 0.53125 0.455556 0.529688 0.452778 0.509375 0.452778 0.50625 0.447222 0.50625 0.405556 0.504687 0.402778 0.504687 0.394444
5 0.459375 0.494444 0.459375 0.525 0.476562 0.525 0.476562 0.494444
5 0.146875 0.838889 0.146875 0.869444 0.176563 0.869444 0.176563 0.838889
5 0.165625 0.0833333 0.165625 0.125 0.182812 0.125 0.182812 0.0833333
5 0.503125 0.0611111 0.503125 0.102778 0.526563 0.102778 0.526563 0.0611111
5 0.521875 0.138889 0.521875 0.169444 0.545313 0.169444 0.545313 0.138889
5 0.778125 0.883333 0.778125 0.925 0.801562 0.925 0.801562 0.883333
5 0.234375 0.138889 0.234375 0.166667 0.240625 0.166667 0.242188 0.169444 0.242188 0.180556 0.257812 0.180556 0.257812 0.138889
5 0.309375 0.0611111 0.309375 0.102778 0.332812 0.102778 0.332812 0.0722222 0.328125 0.0722222 0.326562 0.0694444 0.326562 0.0611111
5 0.203125 0.05 0.203125 0.0916667 0.21875 0.0916667 0.21875 0.0805556 0.221875 0.075 0.226562 0.075 0.226562 0.05
5 0.153125 0.883333 0.153125 0.9 0.157813 0.9 0.159375 0.902778 0.160938 0.902778 0.1625 0.905556 0.167187 0.905556 0.16875 0.902778 0.176563 0.902778 0.176563 0.883333
5 0.340625 0.194444 0.340625 0.236111 0.357812 0.236111 0.357812 0.194444
