1 0.153125 0.00555556 0.153125 0.0138889 0.151562 0.0166667 0.151562 0.0194444 0.15 0.0222222 0.15 0.025 0.146875 0.0305556 0.145313 0.0305556 0.14375 0.0333333 0.142188 0.0333333 0.139062 0.0388889 0.15 0.0583333 0.15 0.075 0.151562 0.0777778 0.151562 0.0861111 0.15 0.0888889 0.15 0.130556 0.148438 0.133333 0.148438 0.161111 0.146875 0.163889 0.146875 0.188889 0.145313 0.191667 0.145313 0.236111 0.14375 0.238889 0.14375 0.35 0.142188 0.352778 0.142188 0.375 0.140625 0.377778 0.140625 0.388889 0.139062 0.391667 0.139062 0.455556 0.1375 0.458333 0.139062 0.461111 0.139062 0.5 0.1375 0.502778 0.1375 0.658333 0.135937 0.661111 0.135937 0.738889 0.134375 0.741667 0.134375 0.802778 0.132812 0.805556 0.132812 0.866667 0.13125 0.869444 0.13125 0.919444 0.129688 0.922222 0.129688 0.927778 0.126563 0.933333 0.123438 0.933333 0.121875 0.936111 0.115625 0.936111 0.115625 0.952778 0.123438 0.952778 0.125 0.955556 0.126563 0.955556 0.129688 0.961111 0.129688 0.963889 0.132812 0.969444 0.132812 0.975 0.134375 0.977778 0.135937 0.977778 0.1375 0.980556 0.139062 0.980556 0.148438 0.963889 0.15 0.963889 0.151562 0.961111 0.15625 0.961111 0.157813 0.958333 0.160938 0.958333 0.1625 0.955556 0.170312 0.955556 0.171875 0.952778 0.207813 0.952778 0.209375 0.955556 0.225 0.955556 0.226562 0.952778 0.310937 0.952778 0.3125 0.955556 0.321875 0.955556 0.323438 0.952778 0.353125 0.952778 0.354688 0.955556 0.365625 0.955556 0.367188 0.958333 0.404687 0.958333 0.40625 0.955556 0.407813 0.955556 0.409375 0.958333 0.420312 0.958333 0.421875 0.955556 0.440625 0.955556 0.442187 0.952778 0.6 0.952778 0.601562 0.955556 0.609375 0.955556 0.610937 0.952778 0.7625 0.952778 0.764063 0.95 0.796875 0.95 0.798437 0.952778 0.814062 0.952778 0.815625 0.955556 0.81875 0.955556 0.820312 0.958333 0.821875 0.958333 0.823438 0.961111 0.825 0.961111 0.83125 0.972222 0.834375 0.972222 0.835938 0.975 0.839063 0.975 0.842188 0.969444 0.842188 0.961111 0.84375 0.958333 0.84375 0.955556 0.848437 0.947222 0.85 0.947222 0.853125 0.941667 0.857813 0.941667 0.857813 0.927778 0.851562 0.927778 0.85 0.925 0.848437 0.925 0.84375 0.916667 0.84375 0.897222 0.842188 0.894444 0.842188 0.886111 0.84375 0.883333 0.842188 0.880556 0.842188 0.816667 0.84375 0.813889 0.84375 0.722222 0.845312 0.719444 0.845312 0.658333 0.846875 0.655556 0.846875 0.4 0.845312 0.397222 0.845312 0.325 0.846875 0.322222 0.846875 0.261111 0.845312 0.258333 0.846875 0.255556 0.846875 0.247222 0.845312 0.244444 0.845312 0.136111 0.84375 0.133333 0.84375 0.122222 0.845312 0.119444 0.845312 0.0694444 0.851562 0.0583333 0.857813 0.0583333 0.857813 0.0388889 0.851562 0.0388889 0.84375 0.025 0.84375 0.0222222 0.842188 0.0194444 0.842188 0.0166667 0.840625 0.0138889 0.840625 0.00555556 0.835938 0.00555556 0.835938 0.0138889 0.834375 0.0166667 0.834375 0.0194444 0.828125 0.0305556 0.826563 0.0305556 0.825 0.0333333 0.817187 0.0333333 0.815625 0.0361111 0.770312 0.0361111 0.76875 0.0333333 0.429688 0.0333333 0.428125 0.0305556 0.3375 0.0305556 0.335938 0.0277778 0.26875 0.0277778 0.267188 0.0305556 0.260938 0.0305556 0.259375 0.0277778 0.257812 0.0277778 0.25625 0.0305556 0.251563 0.0305556 0.25 0.0277778 0.203125 0.0277778 0.201562 0.0305556 0.176563 0.0305556 0.175 0.0277778 0.173438 0.0277778 0.171875 0.025 0.170312 0.025 0.165625 0.0166667 0.165625 0.00555556
2 0.492188 0.394444 0.492188 0.405556 0.490625 0.408333 0.490625 0.438889 0.489062 0.441667 0.489062 0.447222 0.4875 0.45 0.485938 0.45 0.484375 0.452778 0.460938 0.452778 0.459375 0.455556 0.453125 0.455556 0.453125 0.475 0.460938 0.475 0.4625 0.477778 0.479688 0.477778 0.48125 0.475 0.484375 0.475 0.485938 0.477778 0.4875 0.477778 0.489062 0.480556 0.489062 0.483333 0.490625 0.486111 0.490625 0.519444 0.489062 0.522222 0.489062 0.527778 0.490625 0.530556 0.490625 0.536111 0.492188 0.538889 0.492188 0.547222 0.498437 0.547222 0.498437 0.538889 0.503125 0.530556 0.503125 0.488889 0.504687 0.486111 0.504687 0.483333 0.50625 0.480556 0.507812 0.480556 0.509375 0.477778 0.515625 0.477778 0.517187 0.480556 0.520312 0.480556 0.521875 0.483333 0.539062 0.483333 0.539062 0.455556 0.532812 0.455556 0.53125 0.452778 0.509375 0.452778 0.50625 0.447222 0.50625 0.394444
5 0.409375 0.605556 0.409375 0.647222 0.426562 0.647222 0.426562 0.605556
5 0.459375 0.494444 0.459375 0.525 0.476562 0.525 0.476562 0.494444
5 0.203125 0.783333 0.203125 0.825 0.217187 0.825 0.217187 0.813889 0.220313 0.808333 0.226562 0.808333 0.226562 0.783333
5 0.734375 0.516667 0.734375 0.558333 0.751562 0.558333 0.751562 0.55 0.753125 0.547222 0.757812 0.547222 0.757812 0.516667
5 0.153125 0.883333 0.153125 0.925 0.176563 0.925 0.176563 0.883333
5 0.784375 0.538889 0.784375 0.580556 0.807813 0.580556 0.807813 0.538889
5 0.303125 0.427778 0.303125 0.458333 0.326562 0.458333 0.326562 0.427778
5 0.234375 0.138889 0.234375 0.166667 0.240625 0.166667 0.242188 0.169444 0.242188 0.180556 0.257812 0.180556 0.257812 0.138889
5 0.771875 0.261111 0.771875 0.302778 0.795313 0.302778 0.795313 0.261111
5 0.384375 0.183333 0.384375 0.213889 0.407813 0.213889 0.407813 0.183333
5 0.290625 0.472222 0.290625 0.480556 0.289062 0.483333 0.284375 0.483333 0.284375 0.513889 0.307813 0.513889 0.307813 0.472222
5 0.446875 0.272222 0.446875 0.313889 0.470313 0.313889 0.470313 0.272222
