1 0.151562 0.00555556 0.151562 0.0166667 0.15 0.0194444 0.15 0.0222222 0.145313 0.0305556 0.14375 0.0305556 0.140625 0.0361111 0.139062 0.0361111 0.139062 0.0388889 0.140625 0.0388889 0.14375 0.0444444 0.14375 0.0472222 0.15 0.0583333 0.15 0.130556 0.148438 0.133333 0.148438 0.161111 0.146875 0.163889 0.146875 0.188889 0.145313 0.191667 0.145313 0.241667 0.14375 0.244444 0.14375 0.341667 0.142188 0.344444 0.142188 0.369444 0.140625 0.372222 0.140625 0.402778 0.139062 0.405556 0.139062 0.502778 0.1375 0.505556 0.1375 0.633333 0.135937 0.636111 0.135937 0.722222 0.134375 0.725 0.134375 0.780556 0.132812 0.783333 0.132812 0.866667 0.13125 0.869444 0.13125 0.922222 0.129688 0.925 0.129688 0.927778 0.126563 0.933333 0.121875 0.933333 0.121875 0.958333 0.128125 0.958333 0.13125 0.963889 0.13125 0.966667 0.132812 0.969444 0.132812 0.972222 0.135937 0.977778 0.1375 0.977778 0.139062 0.980556 0.140625 0.977778 0.140625 0.975 0.145313 0.966667 0.146875 0.966667 0.148438 0.963889 0.15 0.963889 0.151562 0.961111 0.154687 0.961111 0.15625 0.958333 0.160938 0.958333 0.1625 0.955556 0.185937 0.955556 0.1875 0.952778 0.214062 0.952778 0.215625 0.955556 0.235938 0.955556 0.2375 0.952778 0.253125 0.952778 0.254687 0.955556 0.2625 0.955556 0.264062 0.952778 0.267188 0.952778 0.26875 0.955556 0.325 0.955556 0.326562 0.952778 0.329688 0.952778 0.33125 0.955556 0.334375 0.955556 0.335938 0.952778 0.340625 0.952778 0.342187 0.955556 0.3625 0.955556 0.364062 0.958333 0.425 0.958333 0.426562 0.955556 0.44375 0.955556 0.445312 0.952778 0.598437 0.952778 0.6 0.955556 0.609375 0.955556 0.610937 0.952778 0.760938 0.952778 0.7625 0.95 0.795313 0.95 0.796875 0.952778 0.814062 0.952778 0.815625 0.955556 0.81875 0.955556 0.820312 0.958333 0.821875 0.958333 0.823438 0.961111 0.825 0.961111 0.829687 0.969444 0.83125 0.969444 0.832812 0.972222 0.834375 0.972222 0.835938 0.975 0.839063 0.975 0.840625 0.972222 0.840625 0.969444 0.842188 0.966667 0.842188 0.958333 0.848437 0.947222 0.85 0.947222 0.853125 0.941667 0.857813 0.941667 0.857813 0.927778 0.853125 0.927778 0.851562 0.925 0.848437 0.925 0.84375 0.916667 0.84375 0.911111 0.842188 0.908333 0.842188 0.847222 0.84375 0.844444 0.84375 0.825 0.845312 0.822222 0.845312 0.761111 0.846875 0.758333 0.846875 0.422222 0.845312 0.419444 0.845312 0.311111 0.846875 0.308333 0.846875 0.283333 0.845312 0.280556 0.846875 0.277778 0.846875 0.266667 0.845312 0.263889 0.845312 0.255556 0.846875 0.252778 0.846875 0.247222 0.845312 0.244444 0.845312 0.186111 0.846875 0.183333 0.846875 0.155556 0.845312 0.152778 0.845312 0.108333 0.84375 0.105556 0.84375 0.102778 0.845312 0.1 0.845312 0.0777778 0.846875 0.075 0.846875 0.0694444 0.848437 0.0666667 0.848437 0.0638889 0.85 0.0611111 0.851562 0.0611111 0.853125 0.0583333 0.857813 0.0583333 0.857813 0.0388889 0.851562 0.0388889 0.842188 0.0222222 0.842188 0.0194444 0.840625 0.0166667 0.840625 0.00555556 0.8375 0.00555556 0.8375 0.0138889 0.828125 0.0305556 0.826563 0.0305556 0.825 0.0333333 0.817187 0.0333333 0.815625 0.0361111 0.76875 0.0361111 0.767187 0.0333333 0.648438 0.0333333 0.646875 0.0305556 0.5625 0.0305556 0.560938 0.0333333 0.490625 0.0333333 0.489062 0.0305556 0.4875 0.0333333 0.44375 0.0333333 0.442187 0.0305556 0.398438 0.0305556 0.396875 0.0277778 0.395312 0.0277778 0.39375 0.0305556 0.389062 0.0305556 0.3875 0.0277778 0.323438 0.0277778 0.321875 0.025 0.320312 0.025 0.31875 0.0277778 0.275 0.0277778 0.273438 0.025 0.21875 0.025 0.217187 0.0277778 0.176563 0.0277778 0.175 0.025 0.173438 0.025 0.171875 0.0222222 0.170312 0.0222222 0.165625 0.0138889 0.165625 0.00555556
5 0.809375 0.616667 0.809375 0.658333 0.832812 0.658333 0.832812 0.616667
2 0.490625 0.394444 0.490625 0.425 0.489062 0.427778 0.489062 0.447222 0.4875 0.45 0.485938 0.45 0.484375 0.452778 0.4625 0.452778 0.460938 0.455556 0.453125 0.455556 0.453125 0.477778 0.465625 0.477778 0.467187 0.480556 0.471875 0.480556 0.473437 0.477778 0.485938 0.477778 0.490625 0.486111 0.490625 0.536111 0.503125 0.536111 0.503125 0.488889 0.509375 0.477778 0.514063 0.477778 0.515625 0.480556 0.520312 0.480556 0.521875 0.483333 0.539062 0.483333 0.539062 0.455556 0.53125 0.455556 0.529688 0.452778 0.509375 0.452778 0.50625 0.447222 0.50625 0.425 0.504687 0.422222 0.504687 0.394444
5 0.796875 0.738889 0.796875 0.766667 0.803125 0.766667 0.804688 0.769444 0.804688 0.780556 0.820312 0.780556 0.820312 0.738889
5 0.396875 0.872222 0.396875 0.913889 0.420312 0.913889 0.420312 0.886111 0.414062 0.886111 0.4125 0.883333 0.4125 0.872222
5 0.528125 0.583333 0.528125 0.625 0.551562 0.625 0.551562 0.583333
5 0.471875 0.494444 0.471875 0.525 0.489062 0.525 0.489062 0.494444
5 0.759375 0.761111 0.759375 0.802778 0.782812 0.802778 0.782812 0.777778 0.776563 0.777778 0.771875 0.769444 0.771875 0.761111
5 0.521875 0.555556 0.521875 0.580556 0.528125 0.580556 0.528125 0.566667 0.529688 0.563889 0.529688 0.561111 0.528125 0.558333 0.528125 0.555556
5 0.796875 0.783333 0.796875 0.811111 0.801562 0.811111 0.804688 0.816667 0.804688 0.825 0.820312 0.825 0.820312 0.783333
5 0.615625 0.0611111 0.615625 0.0694444 0.614062 0.0722222 0.609375 0.0722222 0.609375 0.0916667 0.614062 0.0916667 0.615625 0.0944444 0.615625 0.102778 0.632812 0.102778 0.632812 0.0611111
5 0.421875 0.616667 0.421875 0.641667 0.426562 0.641667 0.429688 0.647222 0.429688 0.658333 0.445312 0.658333 0.445312 0.616667
5 0.553125 0.716667 0.553125 0.747222 0.576563 0.747222 0.576563 0.716667
5 0.814062 0.183333 0.814062 0.191667 0.809375 0.2 0.803125 0.2 0.803125 0.225 0.825 0.225 0.825 0.194444 0.823438 0.191667 0.823438 0.183333
