1 0.153125 0.00555556 0.153125 0.0166667 0.151562 0.0194444 0.151562 0.0222222 0.146875 0.0305556 0.145313 0.0305556 0.14375 0.0333333 0.142188 0.0333333 0.140625 0.0361111 0.140625 0.0388889 0.142188 0.0416667 0.142188 0.0444444 0.15 0.0583333 0.15 0.0666667 0.151562 0.0694444 0.151562 0.113889 0.15 0.116667 0.15 0.15 0.148438 0.152778 0.148438 0.180556 0.146875 0.183333 0.146875 0.211111 0.145313 0.213889 0.145313 0.261111 0.14375 0.263889 0.14375 0.358333 0.142188 0.361111 0.142188 0.380556 0.140625 0.383333 0.140625 0.411111 0.139062 0.413889 0.139062 0.497222 0.1375 0.5 0.1375 0.647222 0.135937 0.65 0.135937 0.730556 0.134375 0.733333 0.134375 0.813889 0.132812 0.816667 0.132812 0.886111 0.13125 0.888889 0.13125 0.922222 0.129688 0.925 0.129688 0.927778 0.128125 0.930556 0.121875 0.930556 0.121875 0.955556 0.126563 0.955556 0.13125 0.963889 0.13125 0.966667 0.132812 0.969444 0.132812 0.972222 0.135937 0.977778 0.1375 0.977778 0.139062 0.980556 0.139062 0.991667 0.139062 0.980556 0.148438 0.963889 0.15 0.963889 0.151562 0.961111 0.154687 0.961111 0.15625 0.958333 0.157813 0.958333 0.159375 0.955556 0.1625 0.955556 0.164062 0.952778 0.2125 0.952778 0.214062 0.955556 0.232812 0.955556 0.234375 0.952778 0.354688 0.952778 0.35625 0.955556 0.365625 0.955556 0.367188 0.958333 0.39375 0.958333 0.395312 0.955556 0.4125 0.955556 0.414062 0.958333 0.415625 0.958333 0.417188 0.955556 0.432813 0.955556 0.434375 0.952778 0.604688 0.952778 0.60625 0.955556 0.609375 0.955556 0.610937 0.952778 0.784375 0.952778 0.785937 0.95 0.792188 0.95 0.79375 0.952778 0.810938 0.952778 0.8125 0.955556 0.817187 0.955556 0.81875 0.958333 0.820312 0.958333 0.821875 0.961111 0.825 0.961111 0.83125 0.972222 0.835938 0.972222 0.8375 0.975 0.839063 0.975 0.842188 0.969444 0.842188 0.961111 0.84375 0.958333 0.84375 0.955556 0.846875 0.95 0.848437 0.95 0.85 0.947222 0.851562 0.947222 0.853125 0.944444 0.857813 0.944444 0.857813 0.930556 0.853125 0.930556 0.85 0.925 0.848437 0.925 0.84375 0.916667 0.84375 0.911111 0.842188 0.908333 0.842188 0.808333 0.84375 0.805556 0.84375 0.741667 0.845312 0.738889 0.845312 0.661111 0.846875 0.658333 0.846875 0.572222 0.848437 0.569444 0.848437 0.536111 0.846875 0.533333 0.846875 0.397222 0.845312 0.394444 0.845312 0.386111 0.846875 0.383333 0.845312 0.380556 0.845312 0.297222 0.846875 0.294444 0.845312 0.291667 0.845312 0.275 0.846875 0.272222 0.846875 0.269444 0.845312 0.266667 0.845312 0.252778 0.846875 0.25 0.846875 0.247222 0.845312 0.244444 0.845312 0.0972222 0.846875 0.0944444 0.846875 0.0722222 0.848437 0.0694444 0.848437 0.0666667 0.851562 0.0611111 0.857813 0.0611111 0.857813 0.0388889 0.853125 0.0388889 0.851562 0.0361111 0.85 0.0361111 0.846875 0.0305556 0.846875 0.0277778 0.84375 0.0222222 0.84375 0.0194444 0.842188 0.0166667 0.842188 0.00555556 0.8375 0.00555556 0.8375 0.0166667 0.829687 0.0305556 0.828125 0.0305556 0.826563 0.0333333 0.81875 0.0333333 0.817187 0.0361111 0.773438 0.0361111 0.771875 0.0333333 0.495313 0.0333333 0.49375 0.0305556 0.476562 0.0305556 0.475 0.0333333 0.439063 0.0333333 0.4375 0.0305556 0.310937 0.0305556 0.309375 0.0277778 0.307813 0.0277778 0.30625 0.0305556 0.3 0.0305556 0.298438 0.0277778 0.292188 0.0277778 0.290625 0.0305556 0.2875 0.0305556 0.285937 0.0277778 0.28125 0.0277778 0.279687 0.0305556 0.276563 0.0305556 0.275 0.0277778 0.204688 0.0277778 0.203125 0.0305556 0.201562 0.0277778 0.176563 0.0277778 0.175 0.025 0.173438 0.025 0.171875 0.0222222 0.170312 0.0222222 0.16875 0.0194444 0.167187 0.0194444 0.165625 0.0166667 0.165625 0.00555556
5 0.509375 0.516667 0.509375 0.558333 0.525 0.558333 0.525 0.547222 0.526563 0.544444 0.532812 0.544444 0.532812 0.516667
5 0.678125 0.861111 0.678125 0.902778 0.701563 0.902778 0.701563 0.861111
2 0.492188 0.394444 0.492188 0.436111 0.490625 0.438889 0.490625 0.447222 0.489062 0.45 0.4875 0.45 0.485938 0.452778 0.4625 0.452778 0.460938 0.455556 0.453125 0.455556 0.453125 0.475 0.460938 0.475 0.4625 0.477778 0.476562 0.477778 0.478125 0.475 0.48125 0.475 0.482812 0.472222 0.484375 0.472222 0.485938 0.475 0.4875 0.475 0.490625 0.480556 0.490625 0.488889 0.492188 0.491667 0.492188 0.513889 0.490625 0.516667 0.490625 0.525 0.492188 0.527778 0.492188 0.533333 0.495313 0.538889 0.495313 0.547222 0.5 0.547222 0.5 0.538889 0.504687 0.530556 0.504687 0.491667 0.50625 0.488889 0.50625 0.486111 0.509375 0.480556 0.520312 0.480556 0.521875 0.483333 0.539062 0.483333 0.539062 0.455556 0.53125 0.455556 0.529688 0.452778 0.509375 0.452778 0.50625 0.447222 0.50625 0.394444
5 0.746875 0.627778 0.746875 0.669444 0.7625 0.669444 0.7625 0.658333 0.764063 0.655556 0.770312 0.655556 0.770312 0.638889 0.765625 0.638889 0.764063 0.636111 0.764063 0.627778
5 0.446875 0.55 0.446875 0.580556 0.470313 0.580556 0.470313 0.55
5 0.459375 0.605556 0.459375 0.613889 0.460938 0.616667 0.460938 0.619444 0.4625 0.622222 0.465625 0.622222 0.467187 0.619444 0.470313 0.619444 0.471875 0.616667 0.476562 0.616667 0.476562 0.605556
5 0.809375 0.538889 0.809375 0.580556 0.825 0.580556 0.825 0.569444 0.826563 0.566667 0.832812 0.566667 0.832812 0.538889
5 0.371875 0.694444 0.371875 0.736111 0.3875 0.736111 0.3875 0.725 0.389062 0.722222 0.395312 0.722222 0.395312 0.694444
5 0.684375 0.672222 0.684375 0.713889 0.707812 0.713889 0.707812 0.672222
5 0.471875 0.105556 0.471875 0.136111 0.495313 0.136111 0.495313 0.105556
5 0.559375 0.461111 0.559375 0.502778 0.573438 0.502778 0.573438 0.494444 0.578125 0.486111 0.582812 0.486111 0.582812 0.461111
5 0.584375 0.138889 0.584375 0.180556 0.601562 0.180556 0.601562 0.172222 0.603125 0.169444 0.607813 0.169444 0.607813 0.138889
5 0.409375 0.805556 0.409375 0.847222 0.432813 0.847222 0.432813 0.805556
5 0.471875 0.472222 0.471875 0.513889 0.4875 0.513889 0.4875 0.502778 0.489062 0.5 0.495313 0.5 0.495313 0.472222
