1 0.153125 0.00555556 0.153125 0.0138889 0.151562 0.0166667 0.151562 0.0194444 0.15 0.0222222 0.15 0.025 0.146875 0.0305556 0.145313 0.0305556 0.14375 0.0333333 0.142188 0.0333333 0.140625 0.0361111 0.140625 0.0388889 0.14375 0.0444444 0.14375 0.0472222 0.15 0.0583333 0.15 0.0777778 0.151562 0.0805556 0.151562 0.0833333 0.15 0.0861111 0.15 0.133333 0.148438 0.136111 0.148438 0.163889 0.146875 0.166667 0.146875 0.186111 0.145313 0.188889 0.145313 0.222222 0.14375 0.225 0.14375 0.338889 0.142188 0.341667 0.142188 0.372222 0.140625 0.375 0.140625 0.391667 0.139062 0.394444 0.139062 0.397222 0.140625 0.4 0.140625 0.405556 0.139062 0.408333 0.139062 0.5 0.1375 0.502778 0.1375 0.638889 0.135937 0.641667 0.135937 0.738889 0.134375 0.741667 0.134375 0.780556 0.132812 0.783333 0.132812 0.816667 0.13125 0.819444 0.13125 0.922222 0.129688 0.925 0.129688 0.927778 0.126563 0.933333 0.121875 0.933333 0.121875 0.958333 0.126563 0.958333 0.13125 0.966667 0.13125 0.969444 0.132812 0.972222 0.132812 0.975 0.134375 0.977778 0.135937 0.977778 0.139062 0.983333 0.139062 0.991667 0.139062 0.980556 0.148438 0.963889 0.15 0.963889 0.151562 0.961111 0.154687 0.961111 0.15625 0.958333 0.160938 0.958333 0.1625 0.955556 0.167187 0.955556 0.16875 0.952778 0.203125 0.952778 0.204688 0.955556 0.2375 0.955556 0.239063 0.952778 0.251563 0.952778 0.253125 0.955556 0.260938 0.955556 0.2625 0.952778 0.304688 0.952778 0.30625 0.955556 0.321875 0.955556 0.323438 0.952778 0.346875 0.952778 0.348437 0.955556 0.3625 0.955556 0.364062 0.958333 0.378125 0.958333 0.379687 0.961111 0.40625 0.961111 0.407813 0.958333 0.446875 0.958333 0.448438 0.955556 0.46875 0.955556 0.470313 0.952778 0.6 0.952778 0.601562 0.955556 0.607813 0.955556 0.609375 0.952778 0.771875 0.952778 0.773438 0.95 0.79375 0.95 0.795313 0.952778 0.809375 0.952778 0.810938 0.955556 0.817187 0.955556 0.81875 0.958333 0.821875 0.958333 0.823438 0.961111 0.825 0.961111 0.83125 0.972222 0.834375 0.972222 0.835938 0.975 0.839063 0.975 0.842188 0.969444 0.842188 0.961111 0.84375 0.958333 0.84375 0.955556 0.848437 0.947222 0.85 0.947222 0.851562 0.944444 0.857813 0.944444 0.857813 0.927778 0.851562 0.927778 0.85 0.925 0.848437 0.925 0.84375 0.916667 0.84375 0.911111 0.842188 0.908333 0.842188 0.780556 0.84375 0.777778 0.84375 0.727778 0.845312 0.725 0.845312 0.702778 0.846875 0.7 0.846875 0.508333 0.845312 0.505556 0.845312 0.480556 0.846875 0.477778 0.846875 0.425 0.845312 0.422222 0.845312 0.225 0.84375 0.222222 0.84375 0.144444 0.845312 0.141667 0.845312 0.130556 0.84375 0.127778 0.845312 0.125 0.845312 0.0722222 0.846875 0.0694444 0.846875 0.0666667 0.851562 0.0583333 0.857813 0.0583333 0.857813 0.0416667 0.853125 0.0416667 0.84375 0.025 0.84375 0.0222222 0.840625 0.0166667 0.840625 0.00555556 0.835938 0.00555556 0.835938 0.0138889 0.832812 0.0194444 0.832812 0.0222222 0.828125 0.0305556 0.826563 0.0305556 0.825 0.0333333 0.81875 0.0333333 0.817187 0.0361111 0.753125 0.0361111 0.751562 0.0333333 0.432813 0.0333333 0.43125 0.0305556 0.335938 0.0305556 0.334375 0.0277778 0.276563 0.0277778 0.275 0.025 0.2625 0.025 0.260938 0.0222222 0.214062 0.0222222 0.2125 0.025 0.204688 0.025 0.203125 0.0277778 0.179688 0.0277778 0.178125 0.0305556 0.176563 0.0277778 0.175 0.0277778 0.173438 0.025 0.171875 0.025 0.170312 0.0222222 0.16875 0.0222222 0.165625 0.0166667 0.165625 0.00555556
2 0.492188 0.394444 0.492188 0.405556 0.490625 0.408333 0.490625 0.430556 0.489062 0.433333 0.489062 0.447222 0.4875 0.45 0.485938 0.45 0.484375 0.452778 0.4625 0.452778 0.460938 0.455556 0.453125 0.455556 0.453125 0.475 0.459375 0.475 0.460938 0.477778 0.484375 0.477778 0.485938 0.480556 0.4875 0.480556 0.489062 0.483333 0.489062 0.486111 0.490625 0.488889 0.490625 0.533333 0.492188 0.536111 0.492188 0.547222 0.5 0.547222 0.5 0.536111 0.503125 0.530556 0.503125 0.488889 0.509375 0.477778 0.514063 0.477778 0.515625 0.480556 0.520312 0.480556 0.521875 0.483333 0.539062 0.483333 0.539062 0.455556 0.53125 0.455556 0.529688 0.452778 0.507812 0.452778 0.50625 0.45 0.50625 0.430556 0.504687 0.427778 0.504687 0.394444
5 0.446875 0.683333 0.446875 0.725 0.464063 0.725 0.464063 0.683333
5 0.809375 0.616667 0.809375 0.658333 0.832812 0.658333 0.832812 0.616667
5 0.209375 0.05 0.209375 0.0805556 0.214062 0.0805556 0.215625 0.0833333 0.215625 0.0916667 0.226562 0.0916667 0.226562 0.0805556 0.228125 0.0777778 0.232812 0.0777778 0.232812 0.05
5 0.459375 0.494444 0.459375 0.525 0.476562 0.525 0.476562 0.494444
5 0.496875 0.338889 0.496875 0.380556 0.514063 0.380556 0.514063 0.338889
5 0.146875 0.838889 0.146875 0.869444 0.176563 0.869444 0.176563 0.838889
5 0.403125 0.894444 0.403125 0.936111 0.426562 0.936111 0.426562 0.894444
5 0.259375 0.583333 0.259375 0.625 0.273438 0.625 0.273438 0.616667 0.275 0.613889 0.275 0.611111 0.276563 0.608333 0.282813 0.608333 0.282813 0.583333
5 0.540625 0.569444 0.534375 0.569444 0.534375 0.575 0.539062 0.575 0.540625 0.572222 0.540625 0.569444 0.551562 0.558333 0.557813 0.558333 0.557813 0.55 0.551562 0.55 0.551562 0.558333
5 0.634375 0.138889 0.634375 0.169444 0.657812 0.169444 0.657812 0.138889
5 0.503125 0.161111 0.503125 0.202778 0.51875 0.202778 0.51875 0.191667 0.521875 0.186111 0.526563 0.186111 0.526563 0.161111
5 0.340625 0.727778 0.340625 0.769444 0.357812 0.769444 0.357812 0.727778
5 0.153125 0.883333 0.153125 0.9 0.160938 0.9 0.164062 0.905556 0.165625 0.905556 0.167187 0.902778 0.176563 0.902778 0.176563 0.897222 0.171875 0.897222 0.170312 0.894444 0.170312 0.883333
5 0.484375 0.205556 0.484375 0.247222 0.507812 0.247222 0.507812 0.205556
