1 0.151562 0.00555556 0.151562 0.0166667 0.148438 0.0222222 0.148438 0.025 0.145313 0.0305556 0.14375 0.0305556 0.140625 0.0361111 0.139062 0.0361111 0.139062 0.0388889 0.140625 0.0388889 0.14375 0.0444444 0.14375 0.0472222 0.15 0.0583333 0.15 0.125 0.148438 0.127778 0.148438 0.15 0.146875 0.152778 0.146875 0.172222 0.145313 0.175 0.145313 0.202778 0.14375 0.205556 0.14375 0.319444 0.142188 0.322222 0.142188 0.355556 0.140625 0.358333 0.140625 0.383333 0.139062 0.386111 0.139062 0.438889 0.1375 0.441667 0.1375 0.605556 0.135937 0.608333 0.135937 0.716667 0.134375 0.719444 0.134375 0.758333 0.132812 0.761111 0.132812 0.85 0.13125 0.852778 0.13125 0.922222 0.129688 0.925 0.129688 0.927778 0.126563 0.933333 0.121875 0.933333 0.121875 0.958333 0.128125 0.958333 0.129688 0.961111 0.129688 0.963889 0.13125 0.966667 0.13125 0.969444 0.132812 0.972222 0.132812 0.975 0.134375 0.977778 0.1375 0.977778 0.139062 0.980556 0.146875 0.966667 0.148438 0.966667 0.15 0.963889 0.151562 0.963889 0.153125 0.961111 0.157813 0.961111 0.159375 0.958333 0.1625 0.958333 0.164062 0.955556 0.189063 0.955556 0.190625 0.952778 0.201562 0.952778 0.203125 0.955556 0.360938 0.955556 0.3625 0.958333 0.398438 0.958333 0.4 0.955556 0.445312 0.955556 0.446875 0.952778 0.520312 0.952778 0.521875 0.955556 0.554688 0.955556 0.55625 0.952778 0.571875 0.952778 0.573438 0.955556 0.585938 0.955556 0.5875 0.952778 0.595312 0.952778 0.596875 0.955556 0.609375 0.955556 0.610937 0.952778 0.785937 0.952778 0.7875 0.95 0.790625 0.95 0.792188 0.952778 0.809375 0.952778 0.810938 0.955556 0.817187 0.955556 0.81875 0.958333 0.820312 0.958333 0.821875 0.961111 0.823438 0.961111 0.825 0.963889 0.826563 0.963889 0.83125 0.972222 0.840625 0.972222 0.840625 0.966667 0.842188 0.963889 0.842188 0.958333 0.85 0.944444 0.851562 0.944444 0.85625 0.936111 0.85 0.925 0.848437 0.925 0.84375 0.916667 0.84375 0.913889 0.842188 0.911111 0.842188 0.741667 0.84375 0.738889 0.84375 0.655556 0.845312 0.652778 0.845312 0.566667 0.846875 0.563889 0.846875 0.533333 0.845312 0.530556 0.845312 0.466667 0.846875 0.463889 0.846875 0.425 0.845312 0.422222 0.845312 0.288889 0.84375 0.286111 0.84375 0.0861111 0.845312 0.0833333 0.845312 0.0722222 0.846875 0.0694444 0.846875 0.0666667 0.853125 0.0555556 0.853125 0.0527778 0.854688 0.05 0.85625 0.05 0.85625 0.0472222 0.854688 0.0444444 0.854688 0.0416667 0.851562 0.0361111 0.85 0.0361111 0.842188 0.0222222 0.842188 0.0194444 0.840625 0.0166667 0.840625 0.00555556 0.8375 0.00555556 0.8375 0.0138889 0.828125 0.0305556 0.826563 0.0305556 0.825 0.0333333 0.810938 0.0333333 0.809375 0.0361111 0.807813 0.0361111 0.80625 0.0333333 0.785937 0.0333333 0.784375 0.0361111 0.770312 0.0361111 0.76875 0.0333333 0.439063 0.0333333 0.4375 0.0305556 0.426562 0.0305556 0.425 0.0277778 0.40625 0.0277778 0.404687 0.025 0.345313 0.025 0.34375 0.0277778 0.279687 0.0277778 0.278125 0.0305556 0.276563 0.0305556 0.275 0.0277778 0.217187 0.0277778 0.215625 0.0305556 0.176563 0.0305556 0.175 0.0277778 0.173438 0.0277778 0.171875 0.025 0.170312 0.025 0.165625 0.0166667 0.165625 0.00555556
5 0.365625 0.05 0.365625 0.075 0.370313 0.075 0.373437 0.0805556 0.373437 0.0916667 0.389062 0.0916667 0.389062 0.05
2 0.490625 0.394444 0.490625 0.422222 0.489062 0.425 0.489062 0.441667 0.4875 0.444444 0.4875 0.447222 0.484375 0.452778 0.460938 0.452778 0.459375 0.455556 0.453125 0.455556 0.453125 0.477778 0.4625 0.477778 0.464063 0.480556 0.48125 0.480556 0.482812 0.477778 0.484375 0.480556 0.485938 0.480556 0.490625 0.488889 0.490625 0.519444 0.489062 0.522222 0.489062 0.527778 0.490625 0.530556 0.490625 0.547222 0.5 0.547222 0.5 0.538889 0.501562 0.536111 0.501562 0.533333 0.503125 0.530556 0.503125 0.497222 0.501562 0.494444 0.503125 0.491667 0.503125 0.488889 0.504687 0.486111 0.504687 0.483333 0.50625 0.480556 0.507812 0.480556 0.509375 0.477778 0.510938 0.477778 0.5125 0.480556 0.51875 0.480556 0.520312 0.483333 0.539062 0.483333 0.539062 0.455556 0.529688 0.455556 0.528125 0.452778 0.507812 0.452778 0.50625 0.45 0.50625 0.436111 0.504687 0.433333 0.504687 0.394444
5 0.496875 0.816667 0.496875 0.858333 0.514063 0.858333 0.514063 0.816667
5 0.740625 0.0833333 0.740625 0.125 0.753125 0.125 0.753125 0.116667 0.754687 0.113889 0.754687 0.111111 0.75625 0.108333 0.764063 0.108333 0.764063 0.0833333
5 0.760938 0.483333 0.760938 0.491667 0.757812 0.497222 0.753125 0.497222 0.753125 0.525 0.776563 0.525 0.776563 0.483333
5 0.715625 0.25 0.715625 0.280556 0.720312 0.280556 0.721875 0.283333 0.721875 0.291667 0.739062 0.291667 0.739062 0.25
5 0.765625 0.127778 0.765625 0.169444 0.782812 0.169444 0.782812 0.127778
5 0.584375 0.205556 0.584375 0.236111 0.607813 0.236111 0.607813 0.205556
5 0.653125 0.0722222 0.653125 0.113889 0.66875 0.113889 0.66875 0.105556 0.671875 0.1 0.676562 0.1 0.676562 0.0722222
