1 0.153125 0 0.153125 0.0111111 0.151562 0.0138889 0.151562 0.0166667 0.15 0.0194444 0.15 0.0222222 0.145313 0.0305556 0.14375 0.0305556 0.140625 0.0361111 0.139062 0.0361111 0.14375 0.0444444 0.14375 0.0472222 0.15 0.0583333 0.15 0.127778 0.148438 0.130556 0.148438 0.152778 0.146875 0.155556 0.146875 0.177778 0.145313 0.180556 0.145313 0.238889 0.14375 0.241667 0.14375 0.325 0.142188 0.327778 0.142188 0.358333 0.140625 0.361111 0.140625 0.386111 0.139062 0.388889 0.139062 0.441667 0.1375 0.444444 0.1375 0.469444 0.139062 0.472222 0.1375 0.475 0.1375 0.608333 0.135937 0.611111 0.135937 0.716667 0.134375 0.719444 0.134375 0.775 0.132812 0.777778 0.132812 0.85 0.13125 0.852778 0.13125 0.922222 0.129688 0.925 0.129688 0.927778 0.126563 0.933333 0.125 0.933333 0.123438 0.936111 0.115625 0.936111 0.115625 0.952778 0.123438 0.952778 0.125 0.955556 0.126563 0.955556 0.129688 0.961111 0.129688 0.963889 0.132812 0.969444 0.132812 0.980556 0.14375 0.980556 0.14375 0.972222 0.148438 0.963889 0.151562 0.963889 0.153125 0.961111 0.15625 0.961111 0.157813 0.958333 0.160938 0.958333 0.1625 0.955556 0.178125 0.955556 0.179688 0.952778 0.215625 0.952778 0.217187 0.955556 0.246875 0.955556 0.248437 0.952778 0.253125 0.952778 0.254687 0.955556 0.260938 0.955556 0.2625 0.952778 0.26875 0.952778 0.270312 0.955556 0.2875 0.955556 0.289062 0.952778 0.30625 0.952778 0.307813 0.955556 0.321875 0.955556 0.323438 0.952778 0.34375 0.952778 0.345313 0.955556 0.364062 0.955556 0.365625 0.958333 0.428125 0.958333 0.429688 0.955556 0.442187 0.955556 0.44375 0.952778 0.548437 0.952778 0.55 0.955556 0.554688 0.955556 0.55625 0.952778 0.571875 0.952778 0.573438 0.955556 0.589063 0.955556 0.590625 0.952778 0.592188 0.955556 0.609375 0.955556 0.610937 0.952778 0.7625 0.952778 0.764063 0.95 0.798437 0.95 0.8 0.952778 0.815625 0.952778 0.817187 0.955556 0.820312 0.955556 0.821875 0.958333 0.823438 0.958333 0.825 0.961111 0.826563 0.961111 0.83125 0.969444 0.83125 0.980556 0.842188 0.980556 0.842188 0.963889 0.84375 0.961111 0.84375 0.958333 0.845312 0.955556 0.845312 0.952778 0.848437 0.947222 0.85 0.947222 0.853125 0.941667 0.857813 0.941667 0.857813 0.925 0.85 0.925 0.84375 0.913889 0.84375 0.858333 0.842188 0.855556 0.842188 0.755556 0.84375 0.752778 0.84375 0.708333 0.845312 0.705556 0.845312 0.655556 0.846875 0.652778 0.846875 0.491667 0.845312 0.488889 0.845312 0.472222 0.846875 0.469444 0.846875 0.427778 0.845312 0.425 0.845312 0.2 0.84375 0.197222 0.84375 0.1 0.845312 0.0972222 0.845312 0.075 0.846875 0.0722222 0.846875 0.0666667 0.851562 0.0583333 0.857813 0.0583333 0.857813 0.0388889 0.851562 0.0388889 0.84375 0.025 0.84375 0.0222222 0.840625 0.0166667 0.840625 0.00833333 0.839063 0.00833333 0.839063 0.0111111 0.835938 0.0166667 0.834375 0.0166667 0.826563 0.0305556 0.825 0.0305556 0.823438 0.0333333 0.81875 0.0333333 0.817187 0.0361111 0.757812 0.0361111 0.75625 0.0333333 0.434375 0.0333333 0.432813 0.0305556 0.3625 0.0305556 0.360938 0.0277778 0.260938 0.0277778 0.259375 0.025 0.25625 0.025 0.254687 0.0277778 0.251563 0.0277778 0.25 0.025 0.220313 0.025 0.21875 0.0277778 0.182812 0.0277778 0.18125 0.0305556 0.176563 0.0305556 0.173438 0.025 0.171875 0.025 0.170312 0.0222222 0.16875 0.0222222 0.165625 0.0166667 0.165625 0.00833333 0.164062 0.00555556 0.164062 0
2 0.490625 0.394444 0.490625 0.422222 0.489062 0.425 0.489062 0.444444 0.484375 0.452778 0.460938 0.452778 0.459375 0.455556 0.453125 0.455556 0.453125 0.477778 0.459375 0.477778 0.460938 0.480556 0.46875 0.480556 0.470313 0.477778 0.484375 0.477778 0.490625 0.488889 0.490625 0.511111 0.489062 0.513889 0.489062 0.525 0.490625 0.527778 0.490625 0.533333 0.49375 0.538889 0.49375 0.547222 0.498437 0.547222 0.498437 0.538889 0.503125 0.530556 0.503125 0.497222 0.501562 0.494444 0.501562 0.491667 0.503125 0.488889 0.503125 0.486111 0.507812 0.477778 0.515625 0.477778 0.517187 0.480556 0.520312 0.480556 0.521875 0.483333 0.539062 0.483333 0.539062 0.455556 0.53125 0.455556 0.529688 0.452778 0.509375 0.452778 0.50625 0.447222 0.50625 0.422222 0.504687 0.419444 0.504687 0.394444
5 0.184375 0.472222 0.184375 0.513889 0.2 0.513889 0.2 0.502778 0.201562 0.5 0.207813 0.5 0.207813 0.472222
5 0.546875 0.838889 0.546875 0.880556 0.570312 0.880556 0.570312 0.838889
5 0.271875 0.761111 0.271875 0.802778 0.295312 0.802778 0.295312 0.777778 0.290625 0.777778 0.289062 0.775 0.2875 0.775 0.285937 0.772222 0.285937 0.761111
5 0.721875 0.538889 0.721875 0.547222 0.720312 0.55 0.715625 0.55 0.715625 0.580556 0.739062 0.580556 0.739062 0.538889
5 0.759375 0.616667 0.759375 0.658333 0.782812 0.658333 0.782812 0.616667
5 0.334375 0.738889 0.334375 0.769444 0.357812 0.769444 0.357812 0.738889
5 0.584375 0.472222 0.584375 0.502778 0.601562 0.502778 0.601562 0.472222
5 0.459375 0.494444 0.459375 0.536111 0.476562 0.536111 0.476562 0.494444
5 0.790625 0.872222 0.790625 0.902778 0.814062 0.902778 0.814062 0.872222
5 0.421875 0.894444 0.421875 0.925 0.445312 0.925 0.445312 0.894444
5 0.809375 0.55 0.809375 0.580556 0.832812 0.580556 0.832812 0.55
5 0.535937 0.558333 0.534375 0.561111 0.532812 0.561111 0.53125 0.558333 0.521875 0.558333 0.521875 0.580556 0.545313 0.580556 0.545313 0.558333 0.535937 0.558333 0.534375 0.552778 0.534375 0.538889 0.534375 0.552778
5 0.759375 0.772222 0.759375 0.802778 0.782812 0.802778 0.782812 0.772222
5 0.240625 0.816667 0.240625 0.847222 0.248437 0.847222 0.248437 0.838889 0.25 0.836111 0.25 0.830556 0.253125 0.825 0.253125 0.816667
