1 0.154687 0 0.154687 0.00833333 0.15625 0.0111111 0.15625 0.0138889 0.145313 0.0333333 0.14375 0.0333333 0.142188 0.0361111 0.142188 0.0388889 0.145313 0.0444444 0.145313 0.0472222 0.15 0.0555556 0.15 0.0611111 0.151562 0.0638889 0.151562 0.0805556 0.15 0.0833333 0.15 0.136111 0.148438 0.138889 0.148438 0.163889 0.146875 0.166667 0.146875 0.188889 0.145313 0.191667 0.145313 0.255556 0.14375 0.258333 0.14375 0.336111 0.142188 0.338889 0.142188 0.369444 0.140625 0.372222 0.140625 0.388889 0.139062 0.391667 0.139062 0.447222 0.1375 0.45 0.1375 0.463889 0.139062 0.466667 0.139062 0.5 0.1375 0.502778 0.1375 0.655556 0.135937 0.658333 0.135937 0.738889 0.134375 0.741667 0.134375 0.805556 0.132812 0.808333 0.132812 0.872222 0.13125 0.875 0.13125 0.919444 0.129688 0.922222 0.129688 0.925 0.125 0.933333 0.123438 0.933333 0.121875 0.936111 0.115625 0.936111 0.115625 0.952778 0.123438 0.952778 0.125 0.955556 0.126563 0.955556 0.13125 0.963889 0.13125 0.966667 0.132812 0.969444 0.132812 0.980556 0.145313 0.980556 0.145313 0.969444 0.146875 0.966667 0.148438 0.966667 0.15 0.963889 0.151562 0.963889 0.153125 0.961111 0.15625 0.961111 0.157813 0.958333 0.160938 0.958333 0.1625 0.955556 0.170312 0.955556 0.171875 0.952778 0.215625 0.952778 0.217187 0.955556 0.246875 0.955556 0.248437 0.952778 0.25625 0.952778 0.257812 0.955556 0.259375 0.952778 0.304688 0.952778 0.30625 0.955556 0.323438 0.955556 0.325 0.952778 0.34375 0.952778 0.345313 0.955556 0.3625 0.955556 0.364062 0.958333 0.395312 0.958333 0.396875 0.955556 0.4375 0.955556 0.439063 0.952778 0.5125 0.952778 0.514063 0.955556 0.554688 0.955556 0.55625 0.952778 0.571875 0.952778 0.573438 0.955556 0.607813 0.955556 0.609375 0.952778 0.784375 0.952778 0.785937 0.95 0.801562 0.95 0.803125 0.952778 0.815625 0.952778 0.817187 0.955556 0.820312 0.955556 0.821875 0.958333 0.823438 0.958333 0.825 0.961111 0.826563 0.961111 0.83125 0.969444 0.83125 0.980556 0.842188 0.980556 0.842188 0.961111 0.84375 0.958333 0.84375 0.955556 0.85 0.944444 0.851562 0.944444 0.854688 0.938889 0.85625 0.938889 0.85625 0.936111 0.854688 0.933333 0.854688 0.930556 0.851562 0.925 0.85 0.925 0.84375 0.913889 0.84375 0.847222 0.842188 0.844444 0.842188 0.813889 0.84375 0.811111 0.84375 0.719444 0.845312 0.716667 0.845312 0.608333 0.846875 0.605556 0.846875 0.416667 0.845312 0.413889 0.845312 0.411111 0.846875 0.408333 0.846875 0.402778 0.845312 0.4 0.845312 0.0777778 0.846875 0.075 0.846875 0.0694444 0.851562 0.0611111 0.851562 0.0583333 0.85625 0.05 0.85625 0.0472222 0.854688 0.0444444 0.854688 0.0416667 0.851562 0.0361111 0.85 0.0361111 0.845312 0.0277778 0.845312 0.025 0.84375 0.0222222 0.84375 0.0194444 0.842188 0.0166667 0.842188 0.00833333 0.840625 0.00555556 0.840625 0 0.839063 0 0.839063 0.00277778 0.8375 0.00555556 0.8375 0.00833333 0.835938 0.0111111 0.835938 0.0138889 0.834375 0.0166667 0.834375 0.0194444 0.832812 0.0222222 0.832812 0.025 0.829687 0.0305556 0.828125 0.0305556 0.826563 0.0333333 0.817187 0.0333333 0.815625 0.0361111 0.76875 0.0361111 0.767187 0.0333333 0.432813 0.0333333 0.43125 0.0305556 0.359375 0.0305556 0.357812 0.0277778 0.310937 0.0277778 0.309375 0.025 0.307813 0.025 0.30625 0.0277778 0.298438 0.0277778 0.296875 0.025 0.295312 0.025 0.29375 0.0277778 0.234375 0.0277778 0.232812 0.025 0.229687 0.025 0.228125 0.0277778 0.226562 0.025 0.220313 0.025 0.21875 0.0277778 0.19375 0.0277778 0.192188 0.0305556 0.175 0.0305556 0.171875 0.025 0.170312 0.025 0.16875 0.0222222 0.167187 0.0222222 0.160938 0.0111111 0.160938 0
2 0.492188 0.394444 0.492188 0.408333 0.490625 0.411111 0.490625 0.433333 0.489062 0.436111 0.489062 0.444444 0.485938 0.45 0.484375 0.45 0.482812 0.452778 0.453125 0.452778 0.453125 0.475 0.4625 0.475 0.464063 0.477778 0.4875 0.477778 0.490625 0.483333 0.490625 0.533333 0.492188 0.536111 0.492188 0.547222 0.5 0.547222 0.5 0.536111 0.503125 0.530556 0.503125 0.488889 0.504687 0.486111 0.504687 0.483333 0.507812 0.477778 0.515625 0.477778 0.517187 0.480556 0.521875 0.480556 0.523438 0.483333 0.539062 0.483333 0.539062 0.455556 0.53125 0.455556 0.529688 0.452778 0.509375 0.452778 0.50625 0.447222 0.50625 0.411111 0.504687 0.408333 0.504687 0.394444
5 0.334375 0.694444 0.334375 0.736111 0.351562 0.736111 0.351562 0.694444
5 0.396875 0.716667 0.396875 0.758333 0.414062 0.758333 0.414062 0.716667
5 0.534375 0.580556 0.534375 0.591667 0.542188 0.591667 0.542188 0.583333 0.540625 0.580556
5 0.371875 0.683333 0.371875 0.713889 0.389062 0.713889 0.389062 0.683333
5 0.578125 0.75 0.578125 0.780556 0.601562 0.780556 0.601562 0.75
5 0.290625 0.472222 0.290625 0.513889 0.307813 0.513889 0.307813 0.472222
5 0.171875 0.105556 0.171875 0.147222 0.195312 0.147222 0.195312 0.105556
5 0.753125 0.605556 0.753125 0.636111 0.776563 0.636111 0.776563 0.605556
5 0.240625 0.738889 0.240625 0.769444 0.264062 0.769444 0.264062 0.738889
5 0.784375 0.883333 0.784375 0.913889 0.807813 0.913889 0.807813 0.883333
5 0.540625 0.85 0.540625 0.880556 0.564062 0.880556 0.564062 0.85
5 0.559375 0.883333 0.559375 0.925 0.582812 0.925 0.582812 0.883333
