1 0.153125 0.00555556 0.153125 0.0138889 0.151562 0.0166667 0.151562 0.0194444 0.15 0.0222222 0.15 0.025 0.146875 0.0305556 0.145313 0.0305556 0.14375 0.0333333 0.142188 0.0333333 0.140625 0.0361111 0.139062 0.0361111 0.139062 0.0388889 0.15 0.0583333 0.15 0.127778 0.148438 0.130556 0.148438 0.155556 0.146875 0.158333 0.146875 0.177778 0.145313 0.180556 0.145313 0.205556 0.14375 0.208333 0.14375 0.330556 0.142188 0.333333 0.142188 0.363889 0.140625 0.366667 0.140625 0.388889 0.139062 0.391667 0.139062 0.447222 0.1375 0.45 0.1375 0.466667 0.139062 0.469444 0.139062 0.472222 0.1375 0.475 0.1375 0.638889 0.135937 0.641667 0.135937 0.730556 0.134375 0.733333 0.134375 0.783333 0.132812 0.786111 0.132812 0.875 0.13125 0.877778 0.13125 0.919444 0.129688 0.922222 0.129688 0.927778 0.126563 0.933333 0.123438 0.933333 0.121875 0.936111 0.115625 0.936111 0.115625 0.952778 0.121875 0.952778 0.123438 0.955556 0.126563 0.955556 0.13125 0.963889 0.13125 0.966667 0.132812 0.969444 0.132812 0.980556 0.145313 0.980556 0.145313 0.969444 0.148438 0.963889 0.151562 0.963889 0.153125 0.961111 0.15625 0.961111 0.157813 0.958333 0.1625 0.958333 0.164062 0.955556 0.357812 0.955556 0.359375 0.958333 0.3875 0.958333 0.389062 0.961111 0.390625 0.961111 0.392188 0.958333 0.4125 0.958333 0.414062 0.961111 0.417188 0.961111 0.41875 0.958333 0.435937 0.958333 0.4375 0.955556 0.460938 0.955556 0.4625 0.952778 0.604688 0.952778 0.60625 0.955556 0.607813 0.955556 0.609375 0.952778 0.7625 0.952778 0.764063 0.95 0.79375 0.95 0.795313 0.952778 0.810938 0.952778 0.8125 0.955556 0.817187 0.955556 0.81875 0.958333 0.821875 0.958333 0.823438 0.961111 0.825 0.961111 0.83125 0.972222 0.83125 0.980556 0.840625 0.980556 0.840625 0.972222 0.842188 0.969444 0.842188 0.961111 0.84375 0.958333 0.84375 0.955556 0.848437 0.947222 0.85 0.947222 0.853125 0.941667 0.857813 0.941667 0.857813 0.927778 0.851562 0.927778 0.848437 0.922222 0.846875 0.922222 0.84375 0.916667 0.84375 0.908333 0.842188 0.905556 0.842188 0.769444 0.84375 0.766667 0.84375 0.730556 0.845312 0.727778 0.845312 0.708333 0.846875 0.705556 0.846875 0.508333 0.845312 0.505556 0.845312 0.477778 0.846875 0.475 0.846875 0.422222 0.845312 0.419444 0.845312 0.219444 0.84375 0.216667 0.84375 0.211111 0.845312 0.208333 0.845312 0.2 0.84375 0.197222 0.84375 0.105556 0.845312 0.102778 0.845312 0.075 0.846875 0.0722222 0.846875 0.0694444 0.848437 0.0666667 0.848437 0.0638889 0.85 0.0611111 0.851562 0.0611111 0.853125 0.0583333 0.857813 0.0583333 0.857813 0.0388889 0.851562 0.0388889 0.845312 0.0277778 0.845312 0.025 0.842188 0.0194444 0.842188 0.0166667 0.840625 0.0138889 0.840625 0.00555556 0.835938 0.00555556 0.835938 0.0138889 0.832812 0.0194444 0.832812 0.0222222 0.828125 0.0305556 0.826563 0.0305556 0.825 0.0333333 0.817187 0.0333333 0.815625 0.0361111 0.767187 0.0361111 0.765625 0.0333333 0.435937 0.0333333 0.434375 0.0305556 0.325 0.0305556 0.323438 0.0277778 0.214062 0.0277778 0.2125 0.0305556 0.196875 0.0305556 0.195312 0.0277778 0.18125 0.0277778 0.179688 0.0305556 0.178125 0.0305556 0.176563 0.0277778 0.175 0.0277778 0.173438 0.025 0.171875 0.025 0.170312 0.0222222 0.16875 0.0222222 0.165625 0.0166667 0.165625 0.00555556
5 0.446875 0.694444 0.446875 0.736111 0.464063 0.736111 0.464063 0.694444
2 0.490625 0.394444 0.490625 0.438889 0.489062 0.441667 0.489062 0.447222 0.4875 0.45 0.485938 0.45 0.484375 0.452778 0.4625 0.452778 0.460938 0.455556 0.453125 0.455556 0.453125 0.475 0.467187 0.475 0.46875 0.477778 0.471875 0.477778 0.473437 0.475 0.482812 0.475 0.484375 0.477778 0.485938 0.477778 0.489062 0.483333 0.489062 0.486111 0.490625 0.488889 0.490625 0.547222 0.501562 0.547222 0.501562 0.533333 0.503125 0.530556 0.503125 0.491667 0.50625 0.486111 0.50625 0.483333 0.507812 0.480556 0.51875 0.480556 0.520312 0.483333 0.539062 0.483333 0.539062 0.455556 0.53125 0.455556 0.529688 0.452778 0.509375 0.452778 0.50625 0.447222 0.50625 0.394444
5 0.809375 0.616667 0.809375 0.658333 0.832812 0.658333 0.832812 0.616667
5 0.340625 0.705556 0.340625 0.733333 0.345313 0.733333 0.348437 0.738889 0.348437 0.747222 0.354688 0.747222 0.354688 0.738889 0.359375 0.730556 0.364062 0.730556 0.364062 0.705556
5 0.209375 0.261111 0.209375 0.288889 0.214062 0.288889 0.217187 0.294444 0.217187 0.302778 0.232812 0.302778 0.232812 0.261111
5 0.203125 0.838889 0.203125 0.880556 0.220313 0.880556 0.220313 0.838889
5 0.265625 0.738889 0.265625 0.780556 0.282813 0.780556 0.282813 0.738889
5 0.346875 0.861111 0.346875 0.902778 0.364062 0.902778 0.364062 0.894444 0.365625 0.891667 0.370313 0.891667 0.370313 0.861111
5 0.184375 0.861111 0.184375 0.902778 0.196875 0.902778 0.196875 0.891667 0.201562 0.883333 0.207813 0.883333 0.207813 0.861111
5 0.646875 0.25 0.646875 0.280556 0.664062 0.280556 0.664062 0.25
5 0.253125 0.872222 0.253125 0.880556 0.251563 0.883333 0.246875 0.883333 0.246875 0.913889 0.270312 0.913889 0.270312 0.872222
5 0.471875 0.472222 0.471875 0.513889 0.489062 0.513889 0.489062 0.472222
5 0.764063 0.494444 0.764063 0.508333 0.7625 0.511111 0.7625 0.525 0.770312 0.525 0.770312 0.494444
5 0.453125 0.272222 0.453125 0.313889 0.470313 0.313889 0.470313 0.272222
