1 0.151562 0.00555556 0.151562 0.0194444 0.14375 0.0333333 0.142188 0.0333333 0.140625 0.0361111 0.140625 0.0388889 0.14375 0.0444444 0.14375 0.0472222 0.15 0.0583333 0.15 0.127778 0.148438 0.130556 0.148438 0.152778 0.146875 0.155556 0.146875 0.177778 0.145313 0.180556 0.145313 0.202778 0.14375 0.205556 0.14375 0.325 0.142188 0.327778 0.142188 0.361111 0.140625 0.363889 0.140625 0.383333 0.139062 0.386111 0.139062 0.447222 0.1375 0.45 0.1375 0.463889 0.139062 0.466667 0.139062 0.494444 0.1375 0.497222 0.1375 0.638889 0.135937 0.641667 0.135937 0.713889 0.134375 0.716667 0.134375 0.763889 0.132812 0.766667 0.132812 0.805556 0.13125 0.808333 0.13125 0.833333 0.132812 0.836111 0.132812 0.872222 0.13125 0.875 0.13125 0.925 0.129688 0.927778 0.129688 0.930556 0.128125 0.933333 0.121875 0.933333 0.121875 0.958333 0.126563 0.958333 0.13125 0.966667 0.13125 0.969444 0.132812 0.972222 0.132812 0.975 0.134375 0.977778 0.134375 0.980556 0.135937 0.983333 0.135937 0.991667 0.139062 0.991667 0.139062 0.983333 0.140625 0.980556 0.140625 0.977778 0.146875 0.966667 0.148438 0.966667 0.15 0.963889 0.151562 0.963889 0.153125 0.961111 0.189063 0.961111 0.190625 0.958333 0.2 0.958333 0.201562 0.955556 0.203125 0.955556 0.204688 0.958333 0.217187 0.958333 0.21875 0.961111 0.234375 0.961111 0.235938 0.958333 0.335938 0.958333 0.3375 0.955556 0.348437 0.955556 0.35 0.958333 0.365625 0.958333 0.367188 0.961111 0.403125 0.961111 0.404687 0.958333 0.4125 0.958333 0.414062 0.961111 0.417188 0.961111 0.41875 0.958333 0.45 0.958333 0.451562 0.955556 0.489062 0.955556 0.490625 0.952778 0.514063 0.952778 0.515625 0.955556 0.528125 0.955556 0.529688 0.952778 0.6 0.952778 0.601562 0.955556 0.609375 0.955556 0.610937 0.952778 0.775 0.952778 0.776563 0.95 0.796875 0.95 0.798437 0.952778 0.814062 0.952778 0.815625 0.955556 0.821875 0.955556 0.823438 0.958333 0.825 0.958333 0.83125 0.969444 0.83125 0.972222 0.832812 0.972222 0.834375 0.975 0.839063 0.975 0.840625 0.972222 0.840625 0.969444 0.842188 0.966667 0.842188 0.958333 0.848437 0.947222 0.85 0.947222 0.853125 0.941667 0.857813 0.941667 0.857813 0.927778 0.853125 0.927778 0.851562 0.925 0.85 0.925 0.848437 0.922222 0.846875 0.922222 0.84375 0.916667 0.84375 0.911111 0.842188 0.908333 0.842188 0.769444 0.84375 0.766667 0.84375 0.730556 0.845312 0.727778 0.845312 0.7 0.846875 0.697222 0.846875 0.486111 0.845312 0.483333 0.846875 0.480556 0.846875 0.419444 0.845312 0.416667 0.845312 0.227778 0.84375 0.225 0.84375 0.1 0.845312 0.0972222 0.845312 0.075 0.846875 0.0722222 0.846875 0.0666667 0.851562 0.0583333 0.857813 0.0583333 0.857813 0.0388889 0.851562 0.0388889 0.84375 0.025 0.84375 0.0222222 0.842188 0.0194444 0.842188 0.0166667 0.840625 0.0138889 0.840625 0.00555556 0.834375 0.00555556 0.834375 0.0166667 0.83125 0.0222222 0.83125 0.025 0.829687 0.0277778 0.828125 0.0277778 0.826563 0.0305556 0.825 0.0305556 0.823438 0.0333333 0.817187 0.0333333 0.815625 0.0361111 0.770312 0.0361111 0.76875 0.0333333 0.4375 0.0333333 0.435937 0.0305556 0.360938 0.0305556 0.359375 0.0277778 0.342187 0.0277778 0.340625 0.0305556 0.3375 0.0305556 0.335938 0.0277778 0.33125 0.0277778 0.329688 0.0305556 0.326562 0.0305556 0.325 0.0277778 0.239063 0.0277778 0.2375 0.025 0.21875 0.025 0.217187 0.0277778 0.179688 0.0277778 0.178125 0.0305556 0.176563 0.0277778 0.175 0.0277778 0.173438 0.025 0.171875 0.025 0.170312 0.0222222 0.16875 0.0222222 0.165625 0.0166667 0.165625 0.00555556
5 0.446875 0.694444 0.446875 0.736111 0.464063 0.736111 0.464063 0.694444
2 0.490625 0.394444 0.490625 0.438889 0.489062 0.441667 0.489062 0.447222 0.4875 0.45 0.485938 0.45 0.484375 0.452778 0.4625 0.452778 0.460938 0.455556 0.453125 0.455556 0.453125 0.475 0.46875 0.475 0.470313 0.477778 0.471875 0.475 0.482812 0.475 0.484375 0.477778 0.485938 0.477778 0.489062 0.483333 0.489062 0.486111 0.490625 0.488889 0.490625 0.547222 0.501562 0.547222 0.501562 0.533333 0.503125 0.530556 0.503125 0.491667 0.504687 0.488889 0.504687 0.486111 0.507812 0.480556 0.51875 0.480556 0.520312 0.483333 0.539062 0.483333 0.539062 0.455556 0.529688 0.455556 0.528125 0.452778 0.509375 0.452778 0.50625 0.447222 0.50625 0.411111 0.504687 0.408333 0.504687 0.394444
5 0.809375 0.616667 0.809375 0.658333 0.832812 0.658333 0.832812 0.616667
5 0.178125 0.238889 0.178125 0.280556 0.201562 0.280556 0.201562 0.238889
5 0.265625 0.794444 0.265625 0.836111 0.28125 0.836111 0.28125 0.827778 0.284375 0.822222 0.289062 0.822222 0.289062 0.794444
5 0.296875 0.872222 0.296875 0.913889 0.320312 0.913889 0.320312 0.886111 0.315625 0.886111 0.3125 0.880556 0.3125 0.872222
5 0.346875 0.861111 0.346875 0.891667 0.351562 0.891667 0.353125 0.894444 0.353125 0.902778 0.364062 0.902778 0.364062 0.894444 0.365625 0.891667 0.370313 0.891667 0.370313 0.861111
5 0.534375 0.569444 0.534375 0.572222 0.539062 0.572222 0.539062 0.569444
5 0.190625 0.894444 0.190625 0.936111 0.214062 0.936111 0.214062 0.894444
5 0.340625 0.705556 0.340625 0.736111 0.364062 0.736111 0.364062 0.705556
5 0.184375 0.861111 0.184375 0.902778 0.196875 0.902778 0.196875 0.891667 0.201562 0.883333 0.207813 0.883333 0.207813 0.861111
5 0.475 0.472222 0.475 0.480556 0.470313 0.488889 0.465625 0.488889 0.465625 0.513889 0.489062 0.513889 0.489062 0.472222
5 0.565625 0.0722222 0.565625 0.113889 0.589063 0.113889 0.589063 0.0722222
5 0.795313 0.544444 0.79375 0.547222 0.778125 0.547222 0.778125 0.558333 0.801562 0.558333 0.801562 0.544444
5 0.453125 0.272222 0.453125 0.313889 0.470313 0.313889 0.470313 0.272222
