1 0.151562 0.00555556 0.151562 0.0166667 0.15 0.0194444 0.15 0.0222222 0.145313 0.0305556 0.14375 0.0305556 0.140625 0.0361111 0.139062 0.0361111 0.14375 0.0444444 0.14375 0.0472222 0.15 0.0583333 0.15 0.116667 0.148438 0.119444 0.148438 0.144444 0.146875 0.147222 0.146875 0.175 0.145313 0.177778 0.145313 0.213889 0.14375 0.216667 0.14375 0.313889 0.142188 0.316667 0.142188 0.338889 0.140625 0.341667 0.140625 0.363889 0.139062 0.366667 0.139062 0.494444 0.1375 0.497222 0.1375 0.611111 0.135937 0.613889 0.135937 0.622222 0.1375 0.625 0.135937 0.627778 0.135937 0.725 0.134375 0.727778 0.134375 0.763889 0.132812 0.766667 0.132812 0.869444 0.13125 0.872222 0.13125 0.919444 0.129688 0.922222 0.129688 0.927778 0.126563 0.933333 0.125 0.933333 0.123438 0.936111 0.115625 0.936111 0.115625 0.952778 0.123438 0.952778 0.125 0.955556 0.126563 0.955556 0.13125 0.963889 0.13125 0.966667 0.132812 0.969444 0.132812 0.980556 0.145313 0.980556 0.145313 0.969444 0.148438 0.963889 0.151562 0.963889 0.153125 0.961111 0.15625 0.961111 0.157813 0.958333 0.160938 0.958333 0.1625 0.955556 0.3 0.955556 0.301562 0.952778 0.30625 0.952778 0.307813 0.95 0.3125 0.95 0.314063 0.952778 0.323438 0.952778 0.325 0.955556 0.3625 0.955556 0.364062 0.958333 0.429688 0.958333 0.43125 0.955556 0.454688 0.955556 0.45625 0.952778 0.578125 0.952778 0.579687 0.955556 0.584375 0.955556 0.585938 0.952778 0.598437 0.952778 0.6 0.955556 0.609375 0.955556 0.610937 0.952778 0.784375 0.952778 0.785937 0.95 0.798437 0.95 0.8 0.952778 0.815625 0.952778 0.817187 0.955556 0.820312 0.955556 0.821875 0.958333 0.823438 0.958333 0.826563 0.963889 0.828125 0.963889 0.829687 0.966667 0.829687 0.969444 0.83125 0.972222 0.83125 0.980556 0.840625 0.980556 0.840625 0.966667 0.842188 0.963889 0.842188 0.958333 0.848437 0.947222 0.85 0.947222 0.853125 0.941667 0.857813 0.941667 0.857813 0.925 0.85 0.925 0.848437 0.922222 0.846875 0.922222 0.84375 0.916667 0.84375 0.908333 0.842188 0.905556 0.842188 0.755556 0.84375 0.752778 0.84375 0.672222 0.845312 0.669444 0.845312 0.594444 0.846875 0.591667 0.846875 0.530556 0.845312 0.527778 0.845312 0.452778 0.846875 0.45 0.846875 0.447222 0.845312 0.444444 0.845312 0.263889 0.84375 0.261111 0.84375 0.1 0.845312 0.0972222 0.845312 0.0722222 0.846875 0.0694444 0.846875 0.0666667 0.851562 0.0583333 0.857813 0.0583333 0.857813 0.0388889 0.851562 0.0388889 0.842188 0.0222222 0.842188 0.0194444 0.840625 0.0166667 0.840625 0.00555556 0.8375 0.00555556 0.8375 0.0138889 0.832812 0.0222222 0.832812 0.025 0.829687 0.0305556 0.828125 0.0305556 0.826563 0.0333333 0.817187 0.0333333 0.815625 0.0361111 0.76875 0.0361111 0.767187 0.0333333 0.473437 0.0333333 0.471875 0.0305556 0.470313 0.0305556 0.46875 0.0333333 0.439063 0.0333333 0.4375 0.0305556 0.385938 0.0305556 0.384375 0.0277778 0.382812 0.0277778 0.38125 0.0305556 0.375 0.0305556 0.373437 0.0277778 0.367188 0.0277778 0.365625 0.0305556 0.364062 0.0277778 0.234375 0.0277778 0.232812 0.025 0.21875 0.025 0.217187 0.0277778 0.175 0.0277778 0.173438 0.025 0.171875 0.025 0.170312 0.0222222 0.16875 0.0222222 0.165625 0.0166667 0.165625 0.00555556
5 0.271875 0.85 0.271875 0.891667 0.284375 0.891667 0.284375 0.880556 0.289062 0.872222 0.295312 0.872222 0.295312 0.863889 0.290625 0.863889 0.289062 0.861111 0.289062 0.85
5 0.359375 0.85 0.359375 0.880556 0.382812 0.880556 0.382812 0.85
5 0.609375 0.883333 0.609375 0.925 0.632812 0.925 0.632812 0.902778 0.628125 0.902778 0.623438 0.894444 0.623438 0.883333
2 0.490625 0.394444 0.490625 0.425 0.489062 0.427778 0.489062 0.447222 0.4875 0.45 0.485938 0.45 0.484375 0.452778 0.453125 0.452778 0.453125 0.477778 0.475 0.477778 0.476562 0.480556 0.479688 0.480556 0.48125 0.477778 0.484375 0.477778 0.485938 0.480556 0.4875 0.480556 0.489062 0.483333 0.489062 0.486111 0.490625 0.488889 0.490625 0.522222 0.489062 0.525 0.490625 0.527778 0.490625 0.547222 0.5 0.547222 0.5 0.538889 0.501562 0.536111 0.501562 0.533333 0.503125 0.530556 0.503125 0.488889 0.504687 0.486111 0.504687 0.483333 0.50625 0.480556 0.507812 0.480556 0.509375 0.477778 0.515625 0.477778 0.517187 0.480556 0.520312 0.480556 0.521875 0.483333 0.539062 0.483333 0.539062 0.455556 0.532812 0.455556 0.53125 0.452778 0.509375 0.452778 0.50625 0.447222 0.50625 0.422222 0.504687 0.419444 0.504687 0.394444
5 0.384375 0.65 0.384375 0.691667 0.396875 0.691667 0.396875 0.683333 0.398438 0.680556 0.398438 0.677778 0.401563 0.672222 0.407813 0.672222 0.407813 0.65
5 0.159375 0.372222 0.159375 0.413889 0.173438 0.413889 0.173438 0.405556 0.178125 0.397222 0.182812 0.397222 0.182812 0.372222
5 0.503125 0.716667 0.503125 0.758333 0.51875 0.758333 0.51875 0.747222 0.520312 0.744444 0.526563 0.744444 0.526563 0.716667
5 0.296875 0.894444 0.296875 0.936111 0.3125 0.936111 0.3125 0.925 0.314063 0.922222 0.320312 0.922222 0.320312 0.894444
5 0.784375 0.883333 0.784375 0.925 0.807813 0.925 0.807813 0.897222 0.803125 0.897222 0.8 0.891667 0.8 0.883333
5 0.396875 0.716667 0.396875 0.747222 0.420312 0.747222 0.420312 0.716667
5 0.271875 0.172222 0.271875 0.213889 0.295312 0.213889 0.295312 0.172222
5 0.659375 0.527778 0.659375 0.558333 0.682813 0.558333 0.682813 0.527778
