1 0.151562 0.00555556 0.151562 0.0166667 0.15 0.0194444 0.15 0.0222222 0.145313 0.0305556 0.14375 0.0305556 0.140625 0.0361111 0.139062 0.0361111 0.145313 0.0472222 0.145313 0.05 0.15 0.0583333 0.15 0.119444 0.148438 0.122222 0.148438 0.147222 0.146875 0.15 0.146875 0.166667 0.145313 0.169444 0.145313 0.202778 0.14375 0.205556 0.14375 0.325 0.142188 0.327778 0.142188 0.355556 0.140625 0.358333 0.140625 0.386111 0.139062 0.388889 0.139062 0.441667 0.1375 0.444444 0.1375 0.463889 0.139062 0.466667 0.139062 0.480556 0.1375 0.483333 0.1375 0.608333 0.135937 0.611111 0.135937 0.727778 0.134375 0.730556 0.134375 0.763889 0.132812 0.766667 0.132812 0.863889 0.13125 0.866667 0.13125 0.922222 0.129688 0.925 0.129688 0.927778 0.126563 0.933333 0.121875 0.933333 0.121875 0.958333 0.126563 0.958333 0.129688 0.963889 0.129688 0.966667 0.13125 0.969444 0.13125 0.972222 0.132812 0.975 0.132812 0.977778 0.135937 0.977778 0.1375 0.980556 0.139062 0.980556 0.146875 0.966667 0.148438 0.966667 0.15 0.963889 0.153125 0.963889 0.154687 0.961111 0.157813 0.961111 0.159375 0.958333 0.164062 0.958333 0.165625 0.955556 0.3625 0.955556 0.364062 0.958333 0.426562 0.958333 0.428125 0.955556 0.445312 0.955556 0.446875 0.952778 0.53125 0.952778 0.532812 0.955556 0.5875 0.955556 0.589063 0.952778 0.59375 0.952778 0.595312 0.955556 0.610937 0.955556 0.6125 0.952778 0.775 0.952778 0.776563 0.95 0.78125 0.95 0.782812 0.952778 0.784375 0.95 0.79375 0.95 0.795313 0.952778 0.810938 0.952778 0.8125 0.955556 0.817187 0.955556 0.81875 0.958333 0.821875 0.958333 0.823438 0.961111 0.825 0.961111 0.83125 0.972222 0.840625 0.972222 0.840625 0.966667 0.842188 0.963889 0.842188 0.961111 0.84375 0.958333 0.84375 0.955556 0.846875 0.95 0.848437 0.95 0.851562 0.944444 0.857813 0.944444 0.857813 0.930556 0.853125 0.930556 0.85 0.925 0.848437 0.925 0.84375 0.916667 0.84375 0.913889 0.842188 0.911111 0.842188 0.741667 0.84375 0.738889 0.84375 0.663889 0.845312 0.661111 0.845312 0.566667 0.846875 0.563889 0.846875 0.533333 0.845312 0.530556 0.845312 0.475 0.846875 0.472222 0.846875 0.463889 0.845312 0.461111 0.846875 0.458333 0.846875 0.444444 0.845312 0.441667 0.845312 0.433333 0.846875 0.430556 0.846875 0.427778 0.845312 0.425 0.845312 0.283333 0.84375 0.280556 0.84375 0.0833333 0.845312 0.0805556 0.845312 0.0694444 0.851562 0.0583333 0.857813 0.0583333 0.857813 0.0388889 0.851562 0.0388889 0.848437 0.0333333 0.846875 0.0333333 0.84375 0.0277778 0.84375 0.025 0.842188 0.0222222 0.842188 0.0194444 0.840625 0.0166667 0.840625 0.00555556 0.835938 0.00555556 0.835938 0.0138889 0.834375 0.0166667 0.834375 0.0194444 0.828125 0.0305556 0.826563 0.0305556 0.825 0.0333333 0.810938 0.0333333 0.809375 0.0361111 0.807813 0.0361111 0.80625 0.0333333 0.796875 0.0333333 0.795313 0.0361111 0.79375 0.0333333 0.7875 0.0333333 0.785937 0.0361111 0.7625 0.0361111 0.760938 0.0333333 0.4875 0.0333333 0.485938 0.0305556 0.48125 0.0305556 0.479688 0.0333333 0.467187 0.0333333 0.465625 0.0305556 0.464063 0.0333333 0.442187 0.0333333 0.440625 0.0305556 0.432813 0.0305556 0.43125 0.0277778 0.409375 0.0277778 0.407813 0.025 0.345313 0.025 0.34375 0.0277778 0.215625 0.0277778 0.214062 0.0305556 0.176563 0.0305556 0.175 0.0277778 0.173438 0.0277778 0.171875 0.025 0.170312 0.025 0.164062 0.0138889 0.164062 0.00555556
5 0.371875 0.05 0.371875 0.0916667 0.385938 0.0916667 0.385938 0.0805556 0.390625 0.0722222 0.395312 0.0722222 0.395312 0.0638889 0.390625 0.0638889 0.389062 0.0611111 0.389062 0.05
2 0.490625 0.394444 0.490625 0.422222 0.489062 0.425 0.489062 0.444444 0.484375 0.452778 0.460938 0.452778 0.459375 0.455556 0.453125 0.455556 0.453125 0.477778 0.4625 0.477778 0.464063 0.480556 0.48125 0.480556 0.482812 0.477778 0.484375 0.480556 0.485938 0.480556 0.490625 0.488889 0.490625 0.519444 0.489062 0.522222 0.489062 0.527778 0.490625 0.530556 0.490625 0.547222 0.5 0.547222 0.5 0.538889 0.501562 0.536111 0.501562 0.533333 0.503125 0.530556 0.503125 0.488889 0.509375 0.477778 0.510938 0.477778 0.5125 0.480556 0.517187 0.480556 0.51875 0.483333 0.539062 0.483333 0.539062 0.455556 0.529688 0.455556 0.528125 0.452778 0.509375 0.452778 0.50625 0.447222 0.50625 0.433333 0.504687 0.430556 0.504687 0.394444
5 0.359375 0.638889 0.357812 0.636111 0.353125 0.636111 0.353125 0.638889 0.359375 0.638889 0.365625 0.625 0.376563 0.625 0.376563 0.616667 0.365625 0.616667 0.365625 0.625
5 0.496875 0.816667 0.496875 0.858333 0.514063 0.858333 0.514063 0.816667
5 0.740625 0.105556 0.740625 0.136111 0.764063 0.136111 0.764063 0.105556
5 0.771875 0.472222 0.771875 0.513889 0.789062 0.513889 0.789062 0.472222
5 0.584375 0.205556 0.584375 0.236111 0.601562 0.236111 0.601562 0.205556
5 0.728125 0.0611111 0.728125 0.0694444 0.726562 0.0722222 0.721875 0.0722222 0.721875 0.0888889 0.726562 0.0888889 0.729688 0.0944444 0.729688 0.102778 0.745313 0.102778 0.745313 0.0611111
5 0.709375 0.227778 0.709375 0.258333 0.726562 0.258333 0.726562 0.227778
5 0.653125 0.0944444 0.653125 0.136111 0.676562 0.136111 0.676562 0.0944444
