1 0.153125 0.00555556 0.153125 0.0166667 0.145313 0.0305556 0.14375 0.0305556 0.140625 0.0361111 0.139062 0.0361111 0.14375 0.0444444 0.14375 0.0472222 0.15 0.0583333 0.15 0.0666667 0.151562 0.0694444 0.151562 0.0944444 0.15 0.0972222 0.15 0.144444 0.148438 0.147222 0.148438 0.172222 0.146875 0.175 0.146875 0.2 0.145313 0.202778 0.145313 0.241667 0.14375 0.244444 0.14375 0.355556 0.142188 0.358333 0.142188 0.380556 0.140625 0.383333 0.140625 0.408333 0.139062 0.411111 0.139062 0.441667 0.1375 0.444444 0.1375 0.455556 0.135937 0.458333 0.135937 0.463889 0.132812 0.469444 0.132812 0.475 0.134375 0.477778 0.134375 0.491667 0.135937 0.494444 0.135937 0.5 0.1375 0.502778 0.1375 0.666667 0.135937 0.669444 0.135937 0.761111 0.134375 0.763889 0.134375 0.811111 0.132812 0.813889 0.132812 0.875 0.13125 0.877778 0.13125 0.922222 0.129688 0.925 0.129688 0.927778 0.128125 0.930556 0.121875 0.930556 0.121875 0.955556 0.126563 0.955556 0.13125 0.963889 0.13125 0.966667 0.132812 0.969444 0.132812 0.980556 0.14375 0.980556 0.14375 0.972222 0.148438 0.963889 0.15 0.963889 0.151562 0.961111 0.154687 0.961111 0.15625 0.958333 0.159375 0.958333 0.160938 0.955556 0.182812 0.955556 0.184375 0.952778 0.214062 0.952778 0.215625 0.955556 0.234375 0.955556 0.235938 0.952778 0.353125 0.952778 0.354688 0.955556 0.365625 0.955556 0.367188 0.958333 0.392188 0.958333 0.39375 0.955556 0.435937 0.955556 0.4375 0.952778 0.6 0.952778 0.601562 0.955556 0.609375 0.955556 0.610937 0.952778 0.775 0.952778 0.776563 0.95 0.804688 0.95 0.80625 0.952778 0.815625 0.952778 0.817187 0.955556 0.820312 0.955556 0.821875 0.958333 0.823438 0.958333 0.825 0.961111 0.826563 0.961111 0.83125 0.969444 0.83125 0.980556 0.842188 0.980556 0.842188 0.961111 0.845312 0.955556 0.845312 0.952778 0.85 0.944444 0.851562 0.944444 0.853125 0.941667 0.857813 0.941667 0.857813 0.925 0.85 0.925 0.848437 0.922222 0.846875 0.922222 0.84375 0.916667 0.84375 0.852778 0.842188 0.85 0.842188 0.833333 0.84375 0.830556 0.84375 0.716667 0.845312 0.713889 0.845312 0.608333 0.846875 0.605556 0.846875 0.508333 0.845312 0.505556 0.845312 0.502778 0.846875 0.5 0.846875 0.486111 0.845312 0.483333 0.845312 0.480556 0.846875 0.477778 0.846875 0.161111 0.845312 0.158333 0.845312 0.0722222 0.846875 0.0694444 0.846875 0.0666667 0.85 0.0611111 0.851562 0.0611111 0.853125 0.0583333 0.857813 0.0583333 0.857813 0.0388889 0.851562 0.0388889 0.84375 0.025 0.84375 0.0222222 0.842188 0.0194444 0.842188 0.0166667 0.840625 0.0138889 0.840625 0.00555556 0.8375 0.00555556 0.8375 0.0138889 0.832812 0.0222222 0.832812 0.025 0.829687 0.0305556 0.828125 0.0305556 0.826563 0.0333333 0.81875 0.0333333 0.817187 0.0361111 0.770312 0.0361111 0.76875 0.0333333 0.592188 0.0333333 0.590625 0.0305556 0.579687 0.0305556 0.578125 0.0333333 0.4375 0.0333333 0.435937 0.0305556 0.364062 0.0305556 0.3625 0.0277778 0.310937 0.0277778 0.309375 0.025 0.307813 0.025 0.30625 0.0277778 0.20625 0.0277778 0.204688 0.0305556 0.196875 0.0305556 0.195312 0.0277778 0.175 0.0277778 0.173438 0.025 0.171875 0.025 0.170312 0.0222222 0.16875 0.0222222 0.165625 0.0166667 0.165625 0.00555556
5 0.384375 0.761111 0.384375 0.802778 0.398438 0.802778 0.398438 0.794444 0.4 0.791667 0.4 0.788889 0.401563 0.786111 0.407813 0.786111 0.407813 0.761111
2 0.492188 0.394444 0.492188 0.408333 0.490625 0.411111 0.490625 0.438889 0.489062 0.441667 0.489062 0.447222 0.4875 0.45 0.485938 0.45 0.484375 0.452778 0.459375 0.452778 0.457812 0.455556 0.453125 0.455556 0.453125 0.475 0.460938 0.475 0.4625 0.477778 0.485938 0.477778 0.490625 0.486111 0.490625 0.536111 0.503125 0.536111 0.503125 0.497222 0.501562 0.494444 0.503125 0.491667 0.503125 0.488889 0.504687 0.486111 0.504687 0.483333 0.507812 0.477778 0.515625 0.477778 0.517187 0.480556 0.521875 0.480556 0.523438 0.483333 0.539062 0.483333 0.539062 0.455556 0.532812 0.455556 0.53125 0.452778 0.509375 0.452778 0.50625 0.447222 0.50625 0.405556 0.504687 0.402778 0.504687 0.394444
5 0.248437 0.727778 0.248437 0.738889 0.246875 0.741667 0.240625 0.741667 0.240625 0.769444 0.264062 0.769444 0.264062 0.727778
5 0.103125 0.461111 0.103125 0.488889 0.107813 0.488889 0.110937 0.494444 0.110937 0.502778 0.126563 0.502778 0.126563 0.461111
5 0.790625 0.316667 0.790625 0.358333 0.807813 0.358333 0.807813 0.35 0.809375 0.347222 0.814062 0.347222 0.814062 0.316667
5 0.784375 0.883333 0.784375 0.925 0.801562 0.925 0.801562 0.913889 0.803125 0.911111 0.807813 0.911111 0.807813 0.883333
5 0.584375 0.05 0.584375 0.0916667 0.607813 0.0916667 0.607813 0.05
5 0.757812 0.847222 0.75 0.847222 0.748438 0.85 0.745313 0.85 0.745313 0.858333 0.757812 0.858333 0.757812 0.847222 0.757812 0.827778 0.757812 0.816667 0.734375 0.816667 0.734375 0.830556 0.739062 0.830556 0.740625 0.827778 0.757812 0.827778
5 0.809375 0.205556 0.809375 0.247222 0.826563 0.247222 0.826563 0.238889 0.828125 0.236111 0.832812 0.236111 0.832812 0.205556
5 0.596875 0.327778 0.596875 0.358333 0.620313 0.358333 0.620313 0.327778
5 0.496875 0.172222 0.496875 0.202778 0.520312 0.202778 0.520312 0.172222
5 0.721875 0.494444 0.721875 0.525 0.745313 0.525 0.745313 0.494444
5 0.709375 0.172222 0.709375 0.202778 0.732813 0.202778 0.732813 0.172222
5 0.553125 0.161111 0.553125 0.191667 0.576563 0.191667 0.576563 0.161111
