1 0.151562 0.00555556 0.151562 0.0194444 0.14375 0.0333333 0.142188 0.0333333 0.140625 0.0361111 0.139062 0.0361111 0.139062 0.0388889 0.140625 0.0388889 0.14375 0.0444444 0.14375 0.0472222 0.15 0.0583333 0.15 0.125 0.148438 0.127778 0.148438 0.147222 0.146875 0.15 0.146875 0.177778 0.145313 0.180556 0.145313 0.216667 0.14375 0.219444 0.14375 0.333333 0.142188 0.336111 0.142188 0.361111 0.140625 0.363889 0.140625 0.386111 0.139062 0.388889 0.139062 0.494444 0.1375 0.497222 0.1375 0.611111 0.135937 0.613889 0.135937 0.716667 0.134375 0.719444 0.134375 0.777778 0.132812 0.780556 0.132812 0.869444 0.13125 0.872222 0.13125 0.919444 0.129688 0.922222 0.129688 0.927778 0.126563 0.933333 0.121875 0.933333 0.121875 0.955556 0.126563 0.955556 0.13125 0.963889 0.13125 0.966667 0.132812 0.969444 0.132812 0.975 0.134375 0.977778 0.135937 0.977778 0.1375 0.980556 0.139062 0.980556 0.148438 0.963889 0.15 0.963889 0.151562 0.961111 0.154687 0.961111 0.15625 0.958333 0.159375 0.958333 0.160938 0.955556 0.195312 0.955556 0.196875 0.952778 0.20625 0.952778 0.207813 0.955556 0.301562 0.955556 0.303125 0.958333 0.323438 0.958333 0.325 0.955556 0.359375 0.955556 0.360938 0.958333 0.370313 0.958333 0.371875 0.961111 0.373437 0.958333 0.385938 0.958333 0.3875 0.961111 0.390625 0.961111 0.392188 0.958333 0.429688 0.958333 0.43125 0.955556 0.448438 0.955556 0.45 0.952778 0.573438 0.952778 0.575 0.955556 0.585938 0.955556 0.5875 0.952778 0.596875 0.952778 0.598437 0.955556 0.610937 0.955556 0.6125 0.952778 0.779688 0.952778 0.78125 0.95 0.803125 0.95 0.804688 0.952778 0.815625 0.952778 0.817187 0.955556 0.81875 0.955556 0.820312 0.958333 0.823438 0.958333 0.829687 0.969444 0.83125 0.969444 0.832812 0.972222 0.834375 0.972222 0.835938 0.975 0.839063 0.975 0.842188 0.969444 0.842188 0.961111 0.84375 0.958333 0.84375 0.955556 0.846875 0.95 0.848437 0.95 0.853125 0.941667 0.857813 0.941667 0.857813 0.925 0.85 0.925 0.848437 0.922222 0.846875 0.922222 0.84375 0.916667 0.84375 0.905556 0.842188 0.902778 0.842188 0.755556 0.84375 0.752778 0.84375 0.697222 0.845312 0.694444 0.845312 0.641667 0.846875 0.638889 0.846875 0.530556 0.845312 0.527778 0.845312 0.247222 0.84375 0.244444 0.84375 0.0972222 0.845312 0.0944444 0.845312 0.0722222 0.846875 0.0694444 0.846875 0.0666667 0.851562 0.0583333 0.857813 0.0583333 0.857813 0.0388889 0.851562 0.0388889 0.84375 0.025 0.84375 0.0222222 0.842188 0.0194444 0.842188 0.0166667 0.840625 0.0138889 0.840625 0.00555556 0.835938 0.00555556 0.835938 0.0138889 0.83125 0.0222222 0.83125 0.025 0.829687 0.0277778 0.828125 0.0277778 0.826563 0.0305556 0.825 0.0305556 0.823438 0.0333333 0.8125 0.0333333 0.810938 0.0361111 0.80625 0.0361111 0.804688 0.0333333 0.801562 0.0333333 0.8 0.0361111 0.771875 0.0361111 0.770312 0.0333333 0.64375 0.0333333 0.642187 0.0305556 0.632812 0.0305556 0.63125 0.0333333 0.623438 0.0333333 0.621875 0.0305556 0.60625 0.0305556 0.604688 0.0333333 0.4375 0.0333333 0.435937 0.0305556 0.410937 0.0305556 0.409375 0.0277778 0.407813 0.0305556 0.371875 0.0305556 0.370313 0.0277778 0.325 0.0277778 0.323438 0.025 0.290625 0.025 0.289062 0.0277778 0.2875 0.025 0.284375 0.025 0.282813 0.0277778 0.273438 0.0277778 0.271875 0.025 0.267188 0.025 0.265625 0.0277778 0.2375 0.0277778 0.235938 0.025 0.229687 0.025 0.228125 0.0277778 0.226562 0.0277778 0.225 0.025 0.220313 0.025 0.21875 0.0277778 0.175 0.0277778 0.173438 0.025 0.171875 0.025 0.170312 0.0222222 0.16875 0.0222222 0.165625 0.0166667 0.165625 0.00555556
5 0.396875 0.805556 0.396875 0.836111 0.414062 0.836111 0.414062 0.805556
2 0.490625 0.394444 0.490625 0.427778 0.489062 0.430556 0.489062 0.447222 0.4875 0.45 0.485938 0.45 0.484375 0.452778 0.467187 0.452778 0.465625 0.455556 0.453125 0.455556 0.453125 0.475 0.465625 0.475 0.467187 0.477778 0.46875 0.477778 0.470313 0.480556 0.475 0.480556 0.476562 0.483333 0.478125 0.483333 0.479688 0.480556 0.485938 0.480556 0.490625 0.488889 0.490625 0.536111 0.503125 0.536111 0.503125 0.488889 0.509375 0.477778 0.514063 0.477778 0.515625 0.480556 0.51875 0.480556 0.520312 0.483333 0.539062 0.483333 0.539062 0.455556 0.53125 0.455556 0.529688 0.452778 0.509375 0.452778 0.50625 0.447222 0.50625 0.427778 0.504687 0.425 0.504687 0.394444
5 0.534375 0.594444 0.534375 0.636111 0.551562 0.636111 0.551562 0.594444
5 0.371875 0.85 0.371875 0.891667 0.384375 0.891667 0.384375 0.875 0.385938 0.872222 0.395312 0.872222 0.395312 0.863889 0.389062 0.863889 0.384375 0.872222 0.382812 0.872222 0.38125 0.869444 0.38125 0.85
5 0.478125 0.861111 0.478125 0.902778 0.49375 0.902778 0.49375 0.894444 0.496875 0.888889 0.501562 0.888889 0.501562 0.875 0.496875 0.875 0.49375 0.869444 0.49375 0.861111
5 0.278125 0.85 0.278125 0.891667 0.295312 0.891667 0.295312 0.85
5 0.790625 0.872222 0.790625 0.902778 0.814062 0.902778 0.814062 0.872222
5 0.453125 0.483333 0.453125 0.513889 0.476562 0.513889 0.476562 0.483333
5 0.209375 0.15 0.209375 0.180556 0.232812 0.180556 0.232812 0.15
5 0.521875 0.558333 0.521875 0.580556 0.532812 0.580556 0.532812 0.572222 0.529688 0.572222 0.528125 0.569444 0.528125 0.561111 0.526563 0.558333
5 0.615625 0.594444 0.615625 0.625 0.639063 0.625 0.639063 0.594444
5 0.617188 0.05 0.617188 0.0611111 0.614062 0.0666667 0.609375 0.0666667 0.609375 0.0916667 0.632812 0.0916667 0.632812 0.05
5 0.790625 0.594444 0.790625 0.636111 0.807813 0.636111 0.807813 0.594444
5 0.278125 0.205556 0.278125 0.247222 0.292188 0.247222 0.292188 0.236111 0.295312 0.230556 0.301562 0.230556 0.301562 0.205556
5 0.259375 0.372222 0.259375 0.402778 0.282813 0.402778 0.282813 0.372222
