1 0.151562 0.00555556 0.151562 0.0166667 0.15 0.0194444 0.15 0.0222222 0.145313 0.0305556 0.14375 0.0305556 0.142188 0.0333333 0.140625 0.0333333 0.139062 0.0361111 0.139062 0.0388889 0.15 0.0583333 0.15 0.125 0.148438 0.127778 0.148438 0.15 0.146875 0.152778 0.146875 0.166667 0.145313 0.169444 0.145313 0.202778 0.14375 0.205556 0.14375 0.313889 0.142188 0.316667 0.142188 0.355556 0.140625 0.358333 0.140625 0.383333 0.139062 0.386111 0.139062 0.441667 0.1375 0.444444 0.1375 0.561111 0.135937 0.563889 0.135937 0.716667 0.134375 0.719444 0.134375 0.766667 0.132812 0.769444 0.132812 0.816667 0.13125 0.819444 0.13125 0.919444 0.129688 0.922222 0.129688 0.927778 0.126563 0.933333 0.125 0.933333 0.123438 0.936111 0.115625 0.936111 0.115625 0.952778 0.123438 0.952778 0.125 0.955556 0.126563 0.955556 0.129688 0.961111 0.129688 0.963889 0.13125 0.966667 0.13125 0.969444 0.132812 0.972222 0.132812 0.977778 0.134375 0.980556 0.135937 0.980556 0.1375 0.983333 0.1375 0.991667 0.139062 0.991667 0.139062 0.980556 0.146875 0.966667 0.148438 0.966667 0.15 0.963889 0.153125 0.963889 0.154687 0.961111 0.157813 0.961111 0.159375 0.958333 0.1625 0.958333 0.164062 0.955556 0.198437 0.955556 0.2 0.952778 0.201562 0.952778 0.203125 0.955556 0.3625 0.955556 0.364062 0.958333 0.421875 0.958333 0.423438 0.955556 0.446875 0.955556 0.448438 0.952778 0.540625 0.952778 0.542188 0.955556 0.560938 0.955556 0.5625 0.952778 0.567187 0.952778 0.56875 0.955556 0.5875 0.955556 0.589063 0.952778 0.59375 0.952778 0.595312 0.955556 0.610937 0.955556 0.6125 0.952778 0.784375 0.952778 0.785937 0.95 0.792188 0.95 0.79375 0.952778 0.810938 0.952778 0.8125 0.955556 0.817187 0.955556 0.81875 0.958333 0.820312 0.958333 0.821875 0.961111 0.825 0.961111 0.83125 0.972222 0.840625 0.972222 0.840625 0.966667 0.842188 0.963889 0.842188 0.958333 0.85 0.944444 0.851562 0.944444 0.853125 0.941667 0.857813 0.941667 0.857813 0.927778 0.851562 0.927778 0.85 0.925 0.848437 0.925 0.84375 0.916667 0.84375 0.913889 0.842188 0.911111 0.842188 0.744444 0.84375 0.741667 0.84375 0.663889 0.845312 0.661111 0.845312 0.566667 0.846875 0.563889 0.846875 0.536111 0.845312 0.533333 0.845312 0.463889 0.846875 0.461111 0.846875 0.422222 0.845312 0.419444 0.845312 0.147222 0.84375 0.144444 0.84375 0.0972222 0.845312 0.0944444 0.845312 0.0694444 0.851562 0.0583333 0.857813 0.0583333 0.857813 0.0388889 0.851562 0.0388889 0.842188 0.0222222 0.842188 0.0194444 0.840625 0.0166667 0.840625 0.00555556 0.8375 0.00555556 0.8375 0.0138889 0.828125 0.0305556 0.826563 0.0305556 0.825 0.0333333 0.817187 0.0333333 0.815625 0.0361111 0.728125 0.0361111 0.726562 0.0333333 0.725 0.0361111 0.717188 0.0361111 0.715625 0.0333333 0.714063 0.0333333 0.7125 0.0361111 0.704687 0.0361111 0.703125 0.0333333 0.4375 0.0333333 0.435937 0.0305556 0.4125 0.0305556 0.410937 0.0277778 0.376563 0.0277778 0.375 0.025 0.346875 0.025 0.345313 0.0277778 0.217187 0.0277778 0.215625 0.0305556 0.176563 0.0305556 0.175 0.0277778 0.173438 0.0277778 0.171875 0.025 0.170312 0.025 0.164062 0.0138889 0.164062 0.00555556
2 0.490625 0.394444 0.490625 0.422222 0.489062 0.425 0.489062 0.441667 0.4875 0.444444 0.4875 0.447222 0.484375 0.452778 0.460938 0.452778 0.459375 0.455556 0.453125 0.455556 0.453125 0.477778 0.4625 0.477778 0.464063 0.480556 0.48125 0.480556 0.482812 0.477778 0.484375 0.480556 0.485938 0.480556 0.490625 0.488889 0.490625 0.513889 0.489062 0.516667 0.489062 0.530556 0.490625 0.533333 0.490625 0.547222 0.5 0.547222 0.5 0.536111 0.501562 0.533333 0.501562 0.530556 0.503125 0.527778 0.503125 0.497222 0.501562 0.494444 0.503125 0.491667 0.503125 0.488889 0.509375 0.477778 0.510938 0.480556 0.517187 0.480556 0.51875 0.483333 0.539062 0.483333 0.539062 0.455556 0.529688 0.455556 0.528125 0.452778 0.509375 0.452778 0.50625 0.447222 0.50625 0.430556 0.504687 0.427778 0.504687 0.394444
5 0.496875 0.816667 0.496875 0.858333 0.514063 0.858333 0.514063 0.816667
5 0.771875 0.183333 0.771875 0.225 0.785937 0.225 0.785937 0.213889 0.789062 0.208333 0.795313 0.208333 0.795313 0.183333
5 0.359375 0.672222 0.359375 0.702778 0.365625 0.702778 0.365625 0.694444 0.364062 0.691667 0.364062 0.672222
5 0.746875 0.227778 0.746875 0.269444 0.764063 0.269444 0.764063 0.227778
5 0.709375 0.505556 0.709375 0.547222 0.725 0.547222 0.725 0.536111 0.728125 0.530556 0.732813 0.530556 0.732813 0.522222 0.728125 0.522222 0.725 0.516667 0.725 0.505556
5 0.353125 0.0833333 0.353125 0.125 0.376563 0.125 0.376563 0.0833333
5 0.584375 0.205556 0.584375 0.247222 0.596875 0.247222 0.596875 0.238889 0.598437 0.236111 0.598437 0.233333 0.601562 0.227778 0.607813 0.227778 0.607813 0.205556
5 0.796875 0.216667 0.796875 0.247222 0.820312 0.247222 0.820312 0.216667
5 0.646875 0.0944444 0.646875 0.125 0.664062 0.125 0.664062 0.0944444
