1 0.153125 0.00555556 0.153125 0.0138889 0.151562 0.0166667 0.151562 0.0194444 0.15 0.0222222 0.15 0.025 0.146875 0.0305556 0.145313 0.0305556 0.14375 0.0333333 0.142188 0.0333333 0.140625 0.0361111 0.140625 0.0388889 0.14375 0.0444444 0.14375 0.0472222 0.15 0.0583333 0.15 0.130556 0.148438 0.133333 0.148438 0.158333 0.146875 0.161111 0.146875 0.191667 0.145313 0.194444 0.145313 0.241667 0.14375 0.244444 0.14375 0.35 0.142188 0.352778 0.142188 0.380556 0.140625 0.383333 0.140625 0.408333 0.139062 0.411111 0.139062 0.494444 0.1375 0.497222 0.1375 0.644444 0.135937 0.647222 0.135937 0.738889 0.134375 0.741667 0.134375 0.797222 0.132812 0.8 0.132812 0.855556 0.13125 0.858333 0.13125 0.919444 0.129688 0.922222 0.129688 0.927778 0.126563 0.933333 0.125 0.933333 0.123438 0.936111 0.115625 0.936111 0.115625 0.952778 0.121875 0.952778 0.123438 0.955556 0.125 0.955556 0.13125 0.966667 0.13125 0.969444 0.132812 0.972222 0.132812 0.975 0.134375 0.977778 0.135937 0.977778 0.139062 0.983333 0.139062 0.991667 0.139062 0.983333 0.140625 0.980556 0.140625 0.977778 0.148438 0.963889 0.15 0.963889 0.151562 0.961111 0.15625 0.961111 0.157813 0.958333 0.160938 0.958333 0.1625 0.955556 0.18125 0.955556 0.182812 0.952778 0.207813 0.952778 0.209375 0.955556 0.2375 0.955556 0.239063 0.952778 0.353125 0.952778 0.354688 0.955556 0.365625 0.955556 0.367188 0.958333 0.398438 0.958333 0.4 0.955556 0.442187 0.955556 0.44375 0.952778 0.598437 0.952778 0.6 0.955556 0.609375 0.955556 0.610937 0.952778 0.773438 0.952778 0.775 0.95 0.79375 0.95 0.795313 0.952778 0.8125 0.952778 0.814062 0.955556 0.817187 0.955556 0.81875 0.958333 0.821875 0.958333 0.823438 0.961111 0.825 0.961111 0.83125 0.972222 0.832812 0.972222 0.834375 0.975 0.839063 0.975 0.842188 0.969444 0.842188 0.961111 0.84375 0.958333 0.84375 0.955556 0.848437 0.947222 0.85 0.947222 0.853125 0.941667 0.857813 0.941667 0.857813 0.927778 0.851562 0.927778 0.85 0.925 0.848437 0.925 0.84375 0.916667 0.84375 0.877778 0.842188 0.875 0.842188 0.838889 0.84375 0.836111 0.84375 0.727778 0.845312 0.725 0.845312 0.633333 0.846875 0.630556 0.846875 0.402778 0.845312 0.4 0.845312 0.0722222 0.846875 0.0694444 0.846875 0.0666667 0.851562 0.0583333 0.857813 0.0583333 0.857813 0.0388889 0.851562 0.0388889 0.84375 0.025 0.84375 0.0222222 0.842188 0.0194444 0.842188 0.0166667 0.840625 0.0138889 0.840625 0.00555556 0.835938 0.00555556 0.835938 0.0138889 0.834375 0.0166667 0.834375 0.0194444 0.828125 0.0305556 0.825 0.0305556 0.823438 0.0333333 0.801562 0.0333333 0.8 0.0361111 0.76875 0.0361111 0.767187 0.0333333 0.429688 0.0333333 0.428125 0.0305556 0.325 0.0305556 0.323438 0.0277778 0.28125 0.0277778 0.279687 0.0305556 0.275 0.0305556 0.273438 0.0277778 0.242188 0.0277778 0.240625 0.0305556 0.239063 0.0305556 0.2375 0.0277778 0.228125 0.0277778 0.226562 0.0305556 0.225 0.0277778 0.221875 0.0277778 0.220313 0.0305556 0.176563 0.0305556 0.175 0.0277778 0.173438 0.0277778 0.171875 0.025 0.170312 0.025 0.165625 0.0166667 0.165625 0.00555556
2 0.492188 0.394444 0.492188 0.413889 0.490625 0.416667 0.490625 0.444444 0.4875 0.45 0.485938 0.45 0.484375 0.452778 0.460938 0.452778 0.459375 0.455556 0.453125 0.455556 0.453125 0.475 0.460938 0.475 0.4625 0.477778 0.485938 0.477778 0.490625 0.486111 0.490625 0.513889 0.489062 0.516667 0.490625 0.519444 0.490625 0.533333 0.492188 0.536111 0.492188 0.547222 0.498437 0.547222 0.498437 0.538889 0.503125 0.530556 0.503125 0.527778 0.504687 0.525 0.504687 0.513889 0.503125 0.511111 0.503125 0.488889 0.509375 0.477778 0.515625 0.477778 0.517187 0.480556 0.520312 0.480556 0.521875 0.483333 0.539062 0.483333 0.539062 0.455556 0.53125 0.455556 0.529688 0.452778 0.509375 0.452778 0.50625 0.447222 0.50625 0.394444
5 0.409375 0.605556 0.409375 0.647222 0.426562 0.647222 0.426562 0.605556
5 0.459375 0.494444 0.459375 0.525 0.482812 0.525 0.482812 0.494444
5 0.203125 0.783333 0.203125 0.825 0.217187 0.825 0.217187 0.813889 0.220313 0.808333 0.226562 0.808333 0.226562 0.783333
5 0.734375 0.516667 0.734375 0.558333 0.751562 0.558333 0.751562 0.55 0.753125 0.547222 0.757812 0.547222 0.757812 0.530556 0.753125 0.530556 0.75 0.525 0.75 0.516667
5 0.540625 0.572222 0.539062 0.569444 0.534375 0.569444 0.534375 0.575 0.539062 0.575 0.540625 0.572222 0.553125 0.558333 0.557813 0.558333 0.557813 0.55 0.553125 0.55 0.553125 0.558333
5 0.784375 0.516667 0.784375 0.547222 0.807813 0.547222 0.807813 0.516667
5 0.303125 0.427778 0.303125 0.469444 0.317187 0.469444 0.317187 0.458333 0.320312 0.452778 0.326562 0.452778 0.326562 0.427778
5 0.290625 0.472222 0.290625 0.480556 0.289062 0.483333 0.284375 0.483333 0.284375 0.513889 0.307813 0.513889 0.307813 0.472222
5 0.234375 0.138889 0.234375 0.163889 0.239063 0.163889 0.242188 0.169444 0.242188 0.180556 0.257812 0.180556 0.257812 0.138889
5 0.753125 0.316667 0.753125 0.358333 0.767187 0.358333 0.767187 0.35 0.771875 0.341667 0.776563 0.341667 0.776563 0.316667
5 0.434375 0.283333 0.434375 0.313889 0.451562 0.313889 0.451562 0.283333
5 0.378125 0.183333 0.378125 0.213889 0.401563 0.213889 0.401563 0.183333
5 0.146875 0.861111 0.146875 0.902778 0.170312 0.902778 0.170312 0.877778 0.164062 0.877778 0.1625 0.875 0.1625 0.872222 0.160938 0.869444 0.160938 0.861111
