1 0.153125 0.00555556 0.153125 0.0138889 0.151562 0.0166667 0.151562 0.0194444 0.15 0.0222222 0.15 0.025 0.146875 0.0305556 0.145313 0.0305556 0.14375 0.0333333 0.142188 0.0333333 0.140625 0.0361111 0.140625 0.0388889 0.145313 0.0472222 0.145313 0.05 0.15 0.0583333 0.15 0.133333 0.148438 0.136111 0.148438 0.163889 0.146875 0.166667 0.146875 0.188889 0.145313 0.191667 0.145313 0.227778 0.14375 0.230556 0.14375 0.347222 0.142188 0.35 0.142188 0.372222 0.140625 0.375 0.140625 0.402778 0.139062 0.405556 0.139062 0.455556 0.1375 0.458333 0.1375 0.461111 0.139062 0.463889 0.139062 0.497222 0.1375 0.5 0.1375 0.647222 0.135937 0.65 0.135937 0.738889 0.134375 0.741667 0.134375 0.783333 0.132812 0.786111 0.132812 0.819444 0.13125 0.822222 0.13125 0.919444 0.129688 0.922222 0.129688 0.927778 0.128125 0.930556 0.121875 0.930556 0.121875 0.958333 0.128125 0.958333 0.129688 0.961111 0.129688 0.963889 0.13125 0.966667 0.13125 0.980556 0.14375 0.980556 0.14375 0.972222 0.148438 0.963889 0.15 0.963889 0.151562 0.961111 0.15625 0.961111 0.157813 0.958333 0.160938 0.958333 0.1625 0.955556 0.189063 0.955556 0.190625 0.952778 0.2 0.952778 0.201562 0.955556 0.260938 0.955556 0.2625 0.952778 0.279687 0.952778 0.28125 0.955556 0.284375 0.955556 0.285937 0.952778 0.31875 0.952778 0.320312 0.955556 0.321875 0.952778 0.345313 0.952778 0.346875 0.955556 0.365625 0.955556 0.367188 0.958333 0.395312 0.958333 0.396875 0.955556 0.410937 0.955556 0.4125 0.958333 0.426562 0.958333 0.428125 0.955556 0.445312 0.955556 0.446875 0.952778 0.5125 0.952778 0.514063 0.955556 0.557813 0.955556 0.559375 0.952778 0.575 0.952778 0.576563 0.955556 0.584375 0.955556 0.585938 0.952778 0.598437 0.952778 0.6 0.955556 0.609375 0.955556 0.610937 0.952778 0.773438 0.952778 0.775 0.95 0.8 0.95 0.801562 0.952778 0.815625 0.952778 0.817187 0.955556 0.820312 0.955556 0.821875 0.958333 0.823438 0.958333 0.825 0.961111 0.826563 0.961111 0.83125 0.969444 0.83125 0.980556 0.842188 0.980556 0.842188 0.961111 0.84375 0.958333 0.84375 0.955556 0.85 0.944444 0.851562 0.944444 0.853125 0.941667 0.857813 0.941667 0.857813 0.927778 0.853125 0.927778 0.851562 0.925 0.85 0.925 0.848437 0.922222 0.846875 0.922222 0.84375 0.916667 0.84375 0.908333 0.842188 0.905556 0.842188 0.794444 0.84375 0.791667 0.84375 0.713889 0.845312 0.711111 0.845312 0.663889 0.846875 0.661111 0.846875 0.405556 0.845312 0.402778 0.845312 0.155556 0.84375 0.152778 0.84375 0.119444 0.845312 0.116667 0.845312 0.111111 0.84375 0.108333 0.84375 0.102778 0.845312 0.1 0.845312 0.075 0.846875 0.0722222 0.846875 0.0694444 0.848437 0.0666667 0.848437 0.0638889 0.85 0.0611111 0.851562 0.0611111 0.853125 0.0583333 0.857813 0.0583333 0.857813 0.0416667 0.853125 0.0416667 0.842188 0.0222222 0.842188 0.0194444 0.840625 0.0166667 0.840625 0.00555556 0.835938 0.00555556 0.835938 0.0166667 0.828125 0.0305556 0.826563 0.0305556 0.825 0.0333333 0.817187 0.0333333 0.815625 0.0361111 0.754687 0.0361111 0.753125 0.0333333 0.435937 0.0333333 0.434375 0.0305556 0.385938 0.0305556 0.384375 0.0277778 0.325 0.0277778 0.323438 0.025 0.298438 0.025 0.296875 0.0222222 0.295312 0.025 0.285937 0.025 0.284375 0.0222222 0.259375 0.0222222 0.257812 0.025 0.229687 0.025 0.228125 0.0277778 0.217187 0.0277778 0.215625 0.0305556 0.190625 0.0305556 0.189063 0.0277778 0.182812 0.0277778 0.18125 0.0305556 0.176563 0.0305556 0.175 0.0277778 0.173438 0.0277778 0.171875 0.025 0.170312 0.025 0.165625 0.0166667 0.165625 0.00555556
2 0.492188 0.394444 0.492188 0.402778 0.490625 0.405556 0.490625 0.436111 0.489062 0.438889 0.489062 0.447222 0.4875 0.45 0.485938 0.45 0.484375 0.452778 0.4625 0.452778 0.460938 0.455556 0.453125 0.455556 0.453125 0.475 0.460938 0.475 0.4625 0.477778 0.484375 0.477778 0.485938 0.480556 0.4875 0.480556 0.489062 0.483333 0.489062 0.486111 0.490625 0.488889 0.490625 0.533333 0.492188 0.536111 0.492188 0.547222 0.5 0.547222 0.5 0.536111 0.503125 0.530556 0.503125 0.488889 0.509375 0.477778 0.514063 0.477778 0.515625 0.480556 0.520312 0.480556 0.521875 0.483333 0.539062 0.483333 0.539062 0.455556 0.53125 0.455556 0.529688 0.452778 0.507812 0.452778 0.50625 0.45 0.50625 0.416667 0.504687 0.413889 0.504687 0.394444
5 0.459375 0.494444 0.459375 0.525 0.476562 0.525 0.476562 0.494444
5 0.271875 0.05 0.271875 0.0916667 0.289062 0.0916667 0.289062 0.0833333 0.290625 0.0805556 0.295312 0.0805556 0.295312 0.05
5 0.153125 0.838889 0.153125 0.869444 0.176563 0.869444 0.176563 0.838889
5 0.734375 0.894444 0.734375 0.925 0.757812 0.925 0.757812 0.894444
5 0.784375 0.883333 0.784375 0.925 0.807813 0.925 0.807813 0.905556 0.803125 0.905556 0.798437 0.897222 0.798437 0.883333
5 0.790625 0.572222 0.790625 0.613889 0.80625 0.613889 0.80625 0.605556 0.809375 0.6 0.814062 0.6 0.814062 0.572222
5 0.384375 0.516667 0.384375 0.547222 0.407813 0.547222 0.407813 0.516667
5 0.384375 0.116667 0.384375 0.158333 0.401563 0.158333 0.401563 0.116667
5 0.671875 0.205556 0.671875 0.236111 0.695312 0.236111 0.695312 0.205556
5 0.671875 0.483333 0.671875 0.525 0.685938 0.525 0.685938 0.513889 0.689062 0.508333 0.695312 0.508333 0.695312 0.483333
5 0.478125 0.838889 0.478125 0.880556 0.495313 0.880556 0.495313 0.838889
5 0.153125 0.883333 0.153125 0.902778 0.159375 0.902778 0.160938 0.905556 0.165625 0.905556 0.167187 0.902778 0.176563 0.902778 0.176563 0.883333
