1 0.151562 0.00555556 0.151562 0.0166667 0.14375 0.0305556 0.142188 0.0305556 0.139062 0.0361111 0.139062 0.0388889 0.140625 0.0388889 0.14375 0.0444444 0.14375 0.0472222 0.15 0.0583333 0.15 0.125 0.148438 0.127778 0.148438 0.147222 0.146875 0.15 0.146875 0.172222 0.145313 0.175 0.145313 0.211111 0.14375 0.213889 0.14375 0.313889 0.142188 0.316667 0.142188 0.338889 0.140625 0.341667 0.140625 0.366667 0.139062 0.369444 0.139062 0.5 0.1375 0.502778 0.1375 0.613889 0.135937 0.616667 0.135937 0.716667 0.134375 0.719444 0.134375 0.763889 0.132812 0.766667 0.132812 0.847222 0.13125 0.85 0.13125 0.919444 0.129688 0.922222 0.129688 0.927778 0.126563 0.933333 0.125 0.933333 0.123438 0.936111 0.115625 0.936111 0.115625 0.952778 0.123438 0.952778 0.125 0.955556 0.126563 0.955556 0.13125 0.963889 0.13125 0.966667 0.132812 0.969444 0.132812 0.980556 0.14375 0.980556 0.14375 0.972222 0.148438 0.963889 0.151562 0.963889 0.153125 0.961111 0.15625 0.961111 0.157813 0.958333 0.1625 0.958333 0.164062 0.955556 0.196875 0.955556 0.198437 0.952778 0.204688 0.952778 0.20625 0.955556 0.298438 0.955556 0.3 0.952778 0.317187 0.952778 0.31875 0.955556 0.3625 0.955556 0.364062 0.958333 0.434375 0.958333 0.435937 0.955556 0.453125 0.955556 0.454688 0.952778 0.598437 0.952778 0.6 0.955556 0.609375 0.955556 0.610937 0.952778 0.776563 0.952778 0.778125 0.95 0.792188 0.95 0.79375 0.952778 0.807813 0.952778 0.809375 0.955556 0.815625 0.955556 0.817187 0.958333 0.820312 0.958333 0.821875 0.961111 0.823438 0.961111 0.825 0.963889 0.826563 0.963889 0.829687 0.969444 0.829687 0.980556 0.840625 0.980556 0.840625 0.969444 0.842188 0.966667 0.842188 0.961111 0.84375 0.958333 0.84375 0.955556 0.846875 0.95 0.848437 0.95 0.85625 0.936111 0.853125 0.930556 0.853125 0.927778 0.851562 0.927778 0.848437 0.922222 0.846875 0.922222 0.84375 0.916667 0.84375 0.911111 0.842188 0.908333 0.842188 0.75 0.84375 0.747222 0.84375 0.658333 0.845312 0.655556 0.845312 0.588889 0.846875 0.586111 0.846875 0.533333 0.845312 0.530556 0.845312 0.452778 0.846875 0.45 0.846875 0.447222 0.845312 0.444444 0.845312 0.263889 0.84375 0.261111 0.84375 0.0972222 0.845312 0.0944444 0.845312 0.0694444 0.853125 0.0555556 0.853125 0.0527778 0.854688 0.05 0.85625 0.05 0.85625 0.0472222 0.84375 0.025 0.84375 0.0222222 0.842188 0.0194444 0.842188 0.0166667 0.840625 0.0138889 0.840625 0.00555556 0.835938 0.00555556 0.835938 0.0138889 0.834375 0.0166667 0.834375 0.0194444 0.826563 0.0333333 0.817187 0.0333333 0.815625 0.0361111 0.771875 0.0361111 0.770312 0.0333333 0.4875 0.0333333 0.485938 0.0305556 0.482812 0.0305556 0.48125 0.0333333 0.442187 0.0333333 0.440625 0.0305556 0.364062 0.0305556 0.3625 0.0277778 0.309375 0.0277778 0.307813 0.025 0.30625 0.0277778 0.3 0.0277778 0.298438 0.025 0.282813 0.025 0.28125 0.0277778 0.271875 0.0277778 0.270312 0.025 0.26875 0.0277778 0.2375 0.0277778 0.235938 0.025 0.229687 0.025 0.228125 0.0277778 0.226562 0.0277778 0.225 0.025 0.220313 0.025 0.21875 0.0277778 0.189063 0.0277778 0.1875 0.025 0.171875 0.025 0.16875 0.0194444 0.167187 0.0194444 0.165625 0.0166667 0.165625 0.00555556
2 0.490625 0.394444 0.490625 0.430556 0.489062 0.433333 0.489062 0.447222 0.4875 0.45 0.485938 0.45 0.484375 0.452778 0.453125 0.452778 0.453125 0.477778 0.475 0.477778 0.476562 0.480556 0.478125 0.480556 0.479688 0.477778 0.484375 0.477778 0.485938 0.480556 0.4875 0.480556 0.489062 0.483333 0.489062 0.486111 0.490625 0.488889 0.490625 0.547222 0.501562 0.547222 0.501562 0.533333 0.503125 0.530556 0.503125 0.488889 0.507812 0.480556 0.51875 0.480556 0.520312 0.483333 0.539062 0.483333 0.539062 0.455556 0.53125 0.455556 0.529688 0.452778 0.509375 0.452778 0.50625 0.447222 0.50625 0.427778 0.504687 0.425 0.504687 0.394444
5 0.384375 0.65 0.384375 0.691667 0.396875 0.691667 0.396875 0.680556 0.401563 0.672222 0.407813 0.672222 0.407813 0.65
5 0.234375 0.794444 0.234375 0.836111 0.246875 0.836111 0.246875 0.827778 0.248437 0.825 0.248437 0.822222 0.251563 0.816667 0.257812 0.816667 0.257812 0.794444
5 0.159375 0.372222 0.159375 0.413889 0.173438 0.413889 0.173438 0.405556 0.178125 0.397222 0.182812 0.397222 0.182812 0.372222
5 0.365625 0.75 0.365625 0.791667 0.389062 0.791667 0.389062 0.75
5 0.621875 0.816667 0.621875 0.858333 0.645312 0.858333 0.645312 0.816667
5 0.396875 0.85 0.396875 0.880556 0.420312 0.880556 0.420312 0.85
5 0.515625 0.638889 0.515625 0.680556 0.532812 0.680556 0.532812 0.638889
5 0.296875 0.894444 0.296875 0.936111 0.3125 0.936111 0.3125 0.925 0.314063 0.922222 0.320312 0.922222 0.320312 0.894444
5 0.271875 0.172222 0.271875 0.213889 0.295312 0.213889 0.295312 0.172222
5 0.603125 0.727778 0.603125 0.758333 0.626562 0.758333 0.626562 0.727778
5 0.721875 0.894444 0.721875 0.925 0.745313 0.925 0.745313 0.894444
