1 0.153125 0.00555556 0.153125 0.0138889 0.151562 0.0166667 0.151562 0.0194444 0.14375 0.0333333 0.142188 0.0333333 0.140625 0.0361111 0.139062 0.0361111 0.14375 0.0444444 0.14375 0.0472222 0.15 0.0583333 0.15 0.127778 0.148438 0.130556 0.148438 0.152778 0.146875 0.155556 0.146875 0.177778 0.145313 0.180556 0.145313 0.202778 0.14375 0.205556 0.14375 0.272222 0.142188 0.275 0.142188 0.355556 0.140625 0.358333 0.140625 0.380556 0.139062 0.383333 0.139062 0.444444 0.1375 0.447222 0.1375 0.466667 0.139062 0.469444 0.139062 0.475 0.1375 0.477778 0.1375 0.608333 0.135937 0.611111 0.135937 0.713889 0.134375 0.716667 0.134375 0.775 0.132812 0.777778 0.132812 0.816667 0.13125 0.819444 0.13125 0.9 0.129688 0.902778 0.129688 0.927778 0.126563 0.933333 0.123438 0.933333 0.121875 0.936111 0.115625 0.936111 0.115625 0.955556 0.120312 0.955556 0.121875 0.958333 0.123438 0.958333 0.125 0.961111 0.126563 0.961111 0.13125 0.969444 0.13125 0.980556 0.145313 0.980556 0.145313 0.972222 0.15 0.963889 0.154687 0.963889 0.15625 0.961111 0.18125 0.961111 0.182812 0.958333 0.185937 0.958333 0.1875 0.955556 0.189063 0.955556 0.190625 0.952778 0.192188 0.955556 0.196875 0.955556 0.198437 0.958333 0.204688 0.958333 0.20625 0.961111 0.235938 0.961111 0.2375 0.958333 0.296875 0.958333 0.298438 0.961111 0.340625 0.961111 0.342187 0.958333 0.359375 0.958333 0.360938 0.961111 0.404687 0.961111 0.40625 0.958333 0.432813 0.958333 0.434375 0.955556 0.557813 0.955556 0.559375 0.952778 0.596875 0.952778 0.598437 0.955556 0.609375 0.955556 0.610937 0.952778 0.775 0.952778 0.776563 0.95 0.79375 0.95 0.795313 0.952778 0.815625 0.952778 0.817187 0.955556 0.821875 0.955556 0.823438 0.958333 0.825 0.958333 0.83125 0.969444 0.83125 0.980556 0.840625 0.980556 0.840625 0.969444 0.842188 0.966667 0.842188 0.961111 0.85 0.947222 0.851562 0.947222 0.853125 0.944444 0.857813 0.944444 0.857813 0.927778 0.851562 0.927778 0.85 0.925 0.848437 0.925 0.84375 0.916667 0.84375 0.913889 0.842188 0.911111 0.842188 0.772222 0.84375 0.769444 0.84375 0.730556 0.845312 0.727778 0.845312 0.7 0.846875 0.697222 0.846875 0.425 0.845312 0.422222 0.845312 0.238889 0.84375 0.236111 0.84375 0.1 0.845312 0.0972222 0.845312 0.0722222 0.846875 0.0694444 0.846875 0.0666667 0.85 0.0611111 0.851562 0.0611111 0.853125 0.0583333 0.857813 0.0583333 0.857813 0.0388889 0.851562 0.0388889 0.84375 0.025 0.84375 0.0222222 0.842188 0.0194444 0.842188 0.0166667 0.840625 0.0138889 0.840625 0.00555556 0.835938 0.00555556 0.835938 0.0166667 0.828125 0.0305556 0.826563 0.0305556 0.825 0.0333333 0.817187 0.0333333 0.815625 0.0361111 0.804688 0.0361111 0.803125 0.0333333 0.801562 0.0333333 0.8 0.0361111 0.773438 0.0361111 0.771875 0.0333333 0.525 0.0333333 0.523438 0.0305556 0.476562 0.0305556 0.475 0.0333333 0.439063 0.0333333 0.4375 0.0305556 0.371875 0.0305556 0.370313 0.0277778 0.36875 0.0305556 0.365625 0.0305556 0.364062 0.0277778 0.342187 0.0277778 0.340625 0.0305556 0.339063 0.0305556 0.3375 0.0277778 0.329688 0.0277778 0.328125 0.0305556 0.326562 0.0277778 0.279687 0.0277778 0.278125 0.0305556 0.275 0.0305556 0.273438 0.0277778 0.215625 0.0277778 0.214062 0.0305556 0.210938 0.0305556 0.209375 0.0277778 0.207813 0.0305556 0.176563 0.0305556 0.175 0.0277778 0.173438 0.0277778 0.170312 0.0222222 0.16875 0.0222222 0.165625 0.0166667 0.165625 0.00555556
5 0.184375 0.894444 0.184375 0.936111 0.201562 0.936111 0.201562 0.894444
5 0.165625 0.85 0.165625 0.891667 0.189063 0.891667 0.189063 0.85
5 0.446875 0.694444 0.446875 0.736111 0.464063 0.736111 0.464063 0.694444
2 0.490625 0.394444 0.490625 0.436111 0.489062 0.438889 0.489062 0.447222 0.4875 0.45 0.485938 0.45 0.484375 0.452778 0.4625 0.452778 0.460938 0.455556 0.453125 0.455556 0.453125 0.475 0.465625 0.475 0.467187 0.477778 0.471875 0.477778 0.473437 0.475 0.482812 0.475 0.484375 0.477778 0.485938 0.477778 0.489062 0.483333 0.489062 0.486111 0.490625 0.488889 0.490625 0.547222 0.501562 0.547222 0.501562 0.536111 0.503125 0.533333 0.503125 0.527778 0.504687 0.525 0.504687 0.519444 0.503125 0.516667 0.503125 0.491667 0.504687 0.488889 0.504687 0.486111 0.507812 0.480556 0.51875 0.480556 0.520312 0.483333 0.539062 0.483333 0.539062 0.455556 0.529688 0.455556 0.528125 0.452778 0.509375 0.452778 0.50625 0.447222 0.50625 0.411111 0.504687 0.408333 0.504687 0.394444
5 0.171875 0.261111 0.171875 0.302778 0.195312 0.302778 0.195312 0.261111
5 0.809375 0.616667 0.809375 0.658333 0.832812 0.658333 0.832812 0.616667
5 0.303125 0.85 0.303125 0.891667 0.326562 0.891667 0.326562 0.85
5 0.346875 0.861111 0.346875 0.902778 0.370313 0.902778 0.370313 0.861111
5 0.259375 0.772222 0.259375 0.813889 0.282813 0.813889 0.282813 0.772222
5 0.340625 0.705556 0.340625 0.736111 0.364062 0.736111 0.364062 0.705556
5 0.789062 0.541667 0.785937 0.547222 0.785937 0.55 0.784375 0.552778 0.771875 0.552778 0.771875 0.569444 0.784375 0.569444 0.784375 0.555556 0.785937 0.552778 0.795313 0.552778 0.795313 0.541667
5 0.473437 0.472222 0.473437 0.483333 0.471875 0.486111 0.465625 0.486111 0.465625 0.513889 0.489062 0.513889 0.489062 0.472222
5 0.528125 0.0722222 0.528125 0.102778 0.545313 0.102778 0.545313 0.0722222
5 0.453125 0.272222 0.453125 0.313889 0.470313 0.313889 0.470313 0.272222
