1 0.153125 0 0.153125 0.0111111 0.151562 0.0138889 0.151562 0.0194444 0.14375 0.0333333 0.142188 0.0333333 0.140625 0.0361111 0.140625 0.0388889 0.14375 0.0444444 0.14375 0.0472222 0.15 0.0583333 0.15 0.130556 0.148438 0.133333 0.148438 0.158333 0.146875 0.161111 0.146875 0.183333 0.145313 0.186111 0.145313 0.213889 0.14375 0.216667 0.14375 0.327778 0.142188 0.330556 0.142188 0.363889 0.140625 0.366667 0.140625 0.386111 0.139062 0.388889 0.139062 0.45 0.1375 0.452778 0.1375 0.463889 0.139062 0.466667 0.139062 0.475 0.1375 0.477778 0.1375 0.633333 0.135937 0.636111 0.135937 0.725 0.134375 0.727778 0.134375 0.783333 0.132812 0.786111 0.132812 0.852778 0.13125 0.855556 0.13125 0.916667 0.129688 0.919444 0.129688 0.927778 0.128125 0.930556 0.126563 0.930556 0.125 0.933333 0.123438 0.933333 0.121875 0.936111 0.115625 0.936111 0.115625 0.952778 0.123438 0.952778 0.125 0.955556 0.126563 0.955556 0.13125 0.963889 0.13125 0.966667 0.132812 0.969444 0.132812 0.980556 0.145313 0.980556 0.145313 0.969444 0.146875 0.966667 0.148438 0.966667 0.15 0.963889 0.151562 0.963889 0.153125 0.961111 0.15625 0.961111 0.157813 0.958333 0.1625 0.958333 0.164062 0.955556 0.198437 0.955556 0.2 0.952778 0.21875 0.952778 0.220313 0.955556 0.28125 0.955556 0.282813 0.952778 0.292188 0.952778 0.29375 0.955556 0.301562 0.955556 0.303125 0.958333 0.323438 0.958333 0.325 0.955556 0.359375 0.955556 0.360938 0.958333 0.385938 0.958333 0.3875 0.961111 0.390625 0.961111 0.392188 0.958333 0.414062 0.958333 0.415625 0.961111 0.417188 0.958333 0.439063 0.958333 0.440625 0.955556 0.457812 0.955556 0.459375 0.952778 0.5125 0.952778 0.514063 0.955556 0.534375 0.955556 0.535937 0.952778 0.601562 0.952778 0.603125 0.955556 0.609375 0.955556 0.610937 0.952778 0.767187 0.952778 0.76875 0.95 0.79375 0.95 0.795313 0.952778 0.8125 0.952778 0.814062 0.955556 0.81875 0.955556 0.820312 0.958333 0.823438 0.958333 0.826563 0.963889 0.828125 0.963889 0.829687 0.966667 0.829687 0.969444 0.83125 0.972222 0.83125 0.980556 0.840625 0.980556 0.840625 0.972222 0.842188 0.969444 0.842188 0.961111 0.84375 0.958333 0.84375 0.955556 0.848437 0.947222 0.85 0.947222 0.853125 0.941667 0.857813 0.941667 0.857813 0.927778 0.851562 0.927778 0.85 0.925 0.848437 0.925 0.84375 0.916667 0.84375 0.913889 0.842188 0.911111 0.842188 0.769444 0.84375 0.766667 0.84375 0.725 0.845312 0.722222 0.845312 0.694444 0.846875 0.691667 0.846875 0.422222 0.845312 0.419444 0.845312 0.261111 0.84375 0.258333 0.845312 0.255556 0.845312 0.247222 0.84375 0.244444 0.84375 0.0972222 0.845312 0.0944444 0.845312 0.0694444 0.851562 0.0583333 0.857813 0.0583333 0.857813 0.0388889 0.851562 0.0388889 0.84375 0.025 0.84375 0.0222222 0.842188 0.0194444 0.842188 0.0166667 0.840625 0.0138889 0.840625 0.00833333 0.839063 0.00833333 0.839063 0.0111111 0.828125 0.0305556 0.826563 0.0305556 0.825 0.0333333 0.81875 0.0333333 0.817187 0.0361111 0.76875 0.0361111 0.767187 0.0333333 0.434375 0.0333333 0.432813 0.0305556 0.321875 0.0305556 0.320312 0.0277778 0.282813 0.0277778 0.28125 0.0305556 0.259375 0.0305556 0.257812 0.0277778 0.25625 0.0277778 0.254687 0.0305556 0.253125 0.0305556 0.251563 0.0277778 0.204688 0.0277778 0.203125 0.0305556 0.201562 0.0305556 0.2 0.0277778 0.176563 0.0277778 0.175 0.025 0.171875 0.025 0.16875 0.0194444 0.167187 0.0194444 0.165625 0.0166667 0.165625 0.00833333 0.164062 0.00555556 0.164062 0
5 0.446875 0.694444 0.446875 0.736111 0.464063 0.736111 0.464063 0.694444
5 0.809375 0.616667 0.809375 0.658333 0.832812 0.658333 0.832812 0.616667
2 0.490625 0.394444 0.490625 0.436111 0.489062 0.438889 0.489062 0.447222 0.4875 0.45 0.485938 0.45 0.484375 0.452778 0.465625 0.452778 0.464063 0.455556 0.453125 0.455556 0.453125 0.475 0.467187 0.475 0.46875 0.477778 0.471875 0.477778 0.473437 0.475 0.482812 0.475 0.484375 0.477778 0.485938 0.477778 0.489062 0.483333 0.489062 0.486111 0.490625 0.488889 0.490625 0.519444 0.489062 0.522222 0.489062 0.527778 0.490625 0.530556 0.490625 0.547222 0.501562 0.547222 0.501562 0.533333 0.503125 0.530556 0.503125 0.491667 0.504687 0.488889 0.504687 0.486111 0.507812 0.480556 0.517187 0.480556 0.51875 0.483333 0.539062 0.483333 0.539062 0.455556 0.53125 0.455556 0.529688 0.452778 0.509375 0.452778 0.50625 0.447222 0.50625 0.408333 0.504687 0.405556 0.504687 0.394444
5 0.196875 0.227778 0.196875 0.269444 0.214062 0.269444 0.214062 0.227778
5 0.190625 0.872222 0.190625 0.913889 0.214062 0.913889 0.214062 0.872222
5 0.346875 0.861111 0.346875 0.902778 0.364062 0.902778 0.364062 0.894444 0.365625 0.891667 0.370313 0.891667 0.370313 0.861111
5 0.534375 0.569444 0.534375 0.572222 0.539062 0.572222 0.539062 0.569444
5 0.203125 0.894444 0.203125 0.925 0.226562 0.925 0.226562 0.894444
5 0.340625 0.705556 0.340625 0.736111 0.364062 0.736111 0.364062 0.705556
5 0.271875 0.894444 0.271875 0.936111 0.295312 0.936111 0.295312 0.894444
5 0.26875 0.772222 0.26875 0.780556 0.264062 0.788889 0.259375 0.788889 0.259375 0.813889 0.282813 0.813889 0.282813 0.772222
5 0.475 0.472222 0.475 0.480556 0.471875 0.486111 0.465625 0.486111 0.465625 0.513889 0.489062 0.513889 0.489062 0.472222
5 0.609375 0.15 0.609375 0.191667 0.626562 0.191667 0.626562 0.183333 0.628125 0.180556 0.632812 0.180556 0.632812 0.163889 0.628125 0.163889 0.625 0.158333 0.625 0.15
5 0.453125 0.272222 0.453125 0.313889 0.470313 0.313889 0.470313 0.272222
