1 0.153125 0.00555556 0.153125 0.0138889 0.151562 0.0166667 0.151562 0.0194444 0.15 0.0222222 0.15 0.025 0.146875 0.0305556 0.145313 0.0305556 0.14375 0.0333333 0.142188 0.0333333 0.140625 0.0361111 0.139062 0.0361111 0.139062 0.0388889 0.15 0.0583333 0.15 0.125 0.148438 0.127778 0.148438 0.15 0.146875 0.152778 0.146875 0.175 0.145313 0.177778 0.145313 0.2 0.14375 0.202778 0.14375 0.322222 0.142188 0.325 0.142188 0.358333 0.140625 0.361111 0.140625 0.383333 0.139062 0.386111 0.139062 0.444444 0.1375 0.447222 0.1375 0.466667 0.139062 0.469444 0.139062 0.472222 0.1375 0.475 0.1375 0.613889 0.135937 0.616667 0.1375 0.619444 0.1375 0.630556 0.135937 0.633333 0.135937 0.722222 0.134375 0.725 0.134375 0.783333 0.132812 0.786111 0.132812 0.883333 0.13125 0.886111 0.13125 0.922222 0.129688 0.925 0.129688 0.927778 0.126563 0.933333 0.125 0.933333 0.123438 0.936111 0.115625 0.936111 0.115625 0.952778 0.123438 0.952778 0.125 0.955556 0.126563 0.955556 0.13125 0.963889 0.13125 0.966667 0.132812 0.969444 0.132812 0.980556 0.14375 0.980556 0.14375 0.972222 0.148438 0.963889 0.151562 0.963889 0.153125 0.961111 0.15625 0.961111 0.157813 0.958333 0.160938 0.958333 0.1625 0.955556 0.323438 0.955556 0.325 0.952778 0.329688 0.952778 0.33125 0.955556 0.335938 0.955556 0.3375 0.952778 0.342187 0.952778 0.34375 0.955556 0.364062 0.955556 0.365625 0.958333 0.429688 0.958333 0.43125 0.955556 0.467187 0.955556 0.46875 0.952778 0.598437 0.952778 0.6 0.955556 0.609375 0.955556 0.610937 0.952778 0.760938 0.952778 0.7625 0.95 0.796875 0.95 0.798437 0.952778 0.8125 0.952778 0.814062 0.955556 0.817187 0.955556 0.81875 0.958333 0.820312 0.958333 0.821875 0.961111 0.823438 0.961111 0.825 0.963889 0.826563 0.963889 0.829687 0.969444 0.829687 0.980556 0.840625 0.980556 0.840625 0.969444 0.842188 0.966667 0.842188 0.958333 0.848437 0.947222 0.85 0.947222 0.851562 0.944444 0.857813 0.944444 0.857813 0.927778 0.853125 0.927778 0.851562 0.925 0.85 0.925 0.848437 0.922222 0.846875 0.922222 0.84375 0.916667 0.84375 0.911111 0.842188 0.908333 0.842188 0.769444 0.84375 0.766667 0.84375 0.725 0.845312 0.722222 0.845312 0.7 0.846875 0.697222 0.846875 0.422222 0.845312 0.419444 0.845312 0.222222 0.84375 0.219444 0.84375 0.0972222 0.845312 0.0944444 0.845312 0.075 0.846875 0.0722222 0.846875 0.0694444 0.853125 0.0583333 0.857813 0.0583333 0.857813 0.0416667 0.853125 0.0416667 0.842188 0.0222222 0.842188 0.0194444 0.840625 0.0166667 0.840625 0.00555556 0.8375 0.00555556 0.8375 0.0138889 0.828125 0.0305556 0.825 0.0305556 0.823438 0.0333333 0.814062 0.0333333 0.8125 0.0361111 0.759375 0.0361111 0.757812 0.0333333 0.55 0.0333333 0.548437 0.0305556 0.465625 0.0305556 0.464063 0.0333333 0.440625 0.0333333 0.439063 0.0305556 0.364062 0.0305556 0.3625 0.0277778 0.342187 0.0277778 0.340625 0.0305556 0.339063 0.0305556 0.3375 0.0277778 0.254687 0.0277778 0.253125 0.0305556 0.251563 0.0305556 0.25 0.0277778 0.217187 0.0277778 0.215625 0.0305556 0.198437 0.0305556 0.196875 0.0277778 0.182812 0.0277778 0.18125 0.0305556 0.176563 0.0305556 0.175 0.0277778 0.173438 0.0277778 0.170312 0.0222222 0.16875 0.0222222 0.165625 0.0166667 0.165625 0.00555556
5 0.178125 0.25 0.178125 0.280556 0.182812 0.280556 0.184375 0.283333 0.184375 0.291667 0.201562 0.291667 0.201562 0.25
5 0.809375 0.616667 0.809375 0.658333 0.832812 0.658333 0.832812 0.616667
2 0.490625 0.394444 0.490625 0.438889 0.489062 0.441667 0.489062 0.447222 0.4875 0.45 0.485938 0.45 0.484375 0.452778 0.460938 0.452778 0.459375 0.455556 0.453125 0.455556 0.453125 0.475 0.4625 0.475 0.464063 0.477778 0.470313 0.477778 0.471875 0.475 0.475 0.475 0.476562 0.472222 0.478125 0.472222 0.479688 0.475 0.484375 0.475 0.490625 0.486111 0.490625 0.497222 0.492188 0.5 0.492188 0.505556 0.490625 0.508333 0.490625 0.547222 0.5 0.547222 0.5 0.538889 0.503125 0.533333 0.503125 0.527778 0.504687 0.525 0.504687 0.511111 0.503125 0.508333 0.503125 0.491667 0.504687 0.488889 0.504687 0.486111 0.509375 0.477778 0.514063 0.477778 0.515625 0.480556 0.51875 0.480556 0.520312 0.483333 0.539062 0.483333 0.539062 0.455556 0.53125 0.455556 0.529688 0.452778 0.509375 0.452778 0.50625 0.447222 0.50625 0.405556 0.504687 0.402778 0.504687 0.394444
5 0.396875 0.872222 0.396875 0.913889 0.420312 0.913889 0.420312 0.886111 0.414062 0.886111 0.4125 0.883333 0.4125 0.872222
5 0.721875 0.761111 0.721875 0.802778 0.745313 0.802778 0.745313 0.775 0.740625 0.775 0.7375 0.769444 0.7375 0.761111
5 0.571875 0.716667 0.571875 0.758333 0.595312 0.758333 0.595312 0.716667
5 0.746875 0.305556 0.746875 0.347222 0.770312 0.347222 0.770312 0.305556
5 0.503125 0.05 0.503125 0.0916667 0.526563 0.0916667 0.526563 0.05
5 0.471875 0.172222 0.471875 0.213889 0.495313 0.213889 0.495313 0.172222
5 0.521875 0.561111 0.521875 0.580556 0.526563 0.580556 0.526563 0.561111
5 0.528125 0.583333 0.528125 0.625 0.551562 0.625 0.551562 0.597222 0.545313 0.597222 0.54375 0.594444 0.54375 0.583333
5 0.440625 0.638889 0.440625 0.680556 0.454688 0.680556 0.454688 0.669444 0.457812 0.663889 0.464063 0.663889 0.464063 0.638889
5 0.765625 0.547222 0.765625 0.558333 0.771875 0.558333 0.771875 0.55 0.770312 0.547222
5 0.453125 0.272222 0.453125 0.313889 0.470313 0.313889 0.470313 0.272222
