1 0.151562 0.00555556 0.151562 0.0166667 0.15 0.0194444 0.15 0.0222222 0.145313 0.0305556 0.14375 0.0305556 0.140625 0.0361111 0.139062 0.0361111 0.14375 0.0444444 0.14375 0.0472222 0.15 0.0583333 0.15 0.127778 0.148438 0.130556 0.148438 0.15 0.146875 0.152778 0.146875 0.175 0.145313 0.177778 0.145313 0.225 0.14375 0.227778 0.14375 0.325 0.142188 0.327778 0.142188 0.355556 0.140625 0.358333 0.140625 0.383333 0.139062 0.386111 0.139062 0.494444 0.1375 0.497222 0.1375 0.616667 0.135937 0.619444 0.135937 0.630556 0.1375 0.633333 0.1375 0.638889 0.135937 0.641667 0.135937 0.730556 0.134375 0.733333 0.134375 0.772222 0.132812 0.775 0.132812 0.869444 0.13125 0.872222 0.13125 0.919444 0.129688 0.922222 0.129688 0.927778 0.126563 0.933333 0.125 0.933333 0.123438 0.936111 0.115625 0.936111 0.115625 0.952778 0.121875 0.952778 0.123438 0.955556 0.126563 0.955556 0.129688 0.961111 0.129688 0.963889 0.13125 0.966667 0.13125 0.969444 0.132812 0.972222 0.132812 0.975 0.134375 0.977778 0.135937 0.977778 0.1375 0.980556 0.139062 0.980556 0.148438 0.963889 0.151562 0.963889 0.153125 0.961111 0.15625 0.961111 0.157813 0.958333 0.160938 0.958333 0.1625 0.955556 0.19375 0.955556 0.195312 0.952778 0.203125 0.952778 0.204688 0.955556 0.2375 0.955556 0.239063 0.952778 0.257812 0.952778 0.259375 0.955556 0.260938 0.952778 0.264062 0.952778 0.265625 0.955556 0.303125 0.955556 0.304688 0.952778 0.315625 0.952778 0.317187 0.955556 0.360938 0.955556 0.3625 0.958333 0.43125 0.958333 0.432813 0.955556 0.453125 0.955556 0.454688 0.952778 0.6 0.952778 0.601562 0.955556 0.607813 0.955556 0.609375 0.952778 0.7625 0.952778 0.764063 0.95 0.79375 0.95 0.795313 0.952778 0.8125 0.952778 0.814062 0.955556 0.817187 0.955556 0.81875 0.958333 0.821875 0.958333 0.825 0.963889 0.826563 0.963889 0.83125 0.972222 0.834375 0.972222 0.835938 0.975 0.839063 0.975 0.840625 0.972222 0.840625 0.969444 0.842188 0.966667 0.842188 0.958333 0.85 0.944444 0.851562 0.944444 0.853125 0.941667 0.857813 0.941667 0.857813 0.925 0.848437 0.925 0.84375 0.916667 0.84375 0.908333 0.842188 0.905556 0.842188 0.761111 0.84375 0.758333 0.84375 0.683333 0.845312 0.680556 0.845312 0.65 0.846875 0.647222 0.846875 0.486111 0.845312 0.483333 0.845312 0.480556 0.846875 0.477778 0.846875 0.433333 0.845312 0.430556 0.845312 0.247222 0.84375 0.244444 0.84375 0.1 0.845312 0.0972222 0.845312 0.0722222 0.846875 0.0694444 0.846875 0.0666667 0.851562 0.0583333 0.857813 0.0583333 0.857813 0.0416667 0.853125 0.0416667 0.84375 0.025 0.84375 0.0222222 0.842188 0.0194444 0.842188 0.0166667 0.840625 0.0138889 0.840625 0.00555556 0.834375 0.00555556 0.834375 0.0138889 0.832812 0.0166667 0.832812 0.0194444 0.826563 0.0305556 0.825 0.0305556 0.823438 0.0333333 0.8 0.0333333 0.798437 0.0361111 0.773438 0.0361111 0.771875 0.0333333 0.435937 0.0333333 0.434375 0.0305556 0.335938 0.0305556 0.334375 0.0277778 0.207813 0.0277778 0.20625 0.0305556 0.195312 0.0305556 0.19375 0.0277778 0.182812 0.0277778 0.18125 0.0305556 0.176563 0.0305556 0.173438 0.025 0.171875 0.025 0.170312 0.0222222 0.16875 0.0222222 0.165625 0.0166667 0.165625 0.00555556
5 0.809375 0.538889 0.809375 0.580556 0.826563 0.580556 0.826563 0.569444 0.828125 0.566667 0.832812 0.566667 0.832812 0.538889
5 0.171875 0.372222 0.171875 0.413889 0.1875 0.413889 0.1875 0.405556 0.190625 0.4 0.195312 0.4 0.195312 0.386111 0.190625 0.386111 0.1875 0.380556 0.1875 0.372222
2 0.490625 0.394444 0.490625 0.427778 0.489062 0.430556 0.489062 0.447222 0.4875 0.45 0.485938 0.45 0.484375 0.452778 0.460938 0.452778 0.459375 0.455556 0.453125 0.455556 0.453125 0.477778 0.460938 0.477778 0.4625 0.480556 0.46875 0.480556 0.470313 0.477778 0.484375 0.477778 0.485938 0.480556 0.4875 0.480556 0.489062 0.483333 0.489062 0.486111 0.490625 0.488889 0.490625 0.513889 0.489062 0.516667 0.489062 0.527778 0.490625 0.530556 0.490625 0.533333 0.492188 0.536111 0.492188 0.547222 0.5 0.547222 0.5 0.536111 0.503125 0.530556 0.503125 0.488889 0.507812 0.480556 0.51875 0.480556 0.520312 0.483333 0.539062 0.483333 0.539062 0.455556 0.53125 0.455556 0.529688 0.452778 0.509375 0.452778 0.50625 0.447222 0.50625 0.422222 0.504687 0.419444 0.504687 0.394444
5 0.153125 0.627778 0.153125 0.669444 0.16875 0.669444 0.16875 0.658333 0.171875 0.652778 0.176563 0.652778 0.176563 0.627778
5 0.328125 0.661111 0.328125 0.691667 0.351562 0.691667 0.351562 0.661111
5 0.296875 0.894444 0.296875 0.936111 0.3125 0.936111 0.3125 0.927778 0.315625 0.922222 0.320312 0.922222 0.320312 0.894444
5 0.459375 0.494444 0.459375 0.536111 0.476562 0.536111 0.476562 0.494444
5 0.603125 0.805556 0.603125 0.847222 0.617188 0.847222 0.617188 0.836111 0.620313 0.830556 0.626562 0.830556 0.626562 0.805556
5 0.778125 0.538889 0.778125 0.580556 0.795313 0.580556 0.795313 0.572222 0.796875 0.569444 0.801562 0.569444 0.801562 0.538889
5 0.271875 0.183333 0.271875 0.211111 0.276563 0.211111 0.279687 0.216667 0.279687 0.225 0.2875 0.225 0.2875 0.216667 0.290625 0.211111 0.295312 0.211111 0.295312 0.183333
5 0.284375 0.727778 0.284375 0.758333 0.307813 0.758333 0.307813 0.727778
5 0.240625 0.65 0.240625 0.691667 0.257812 0.691667 0.257812 0.65
