1 0.153125 0.00555556 0.153125 0.0138889 0.151562 0.0166667 0.151562 0.0194444 0.14375 0.0333333 0.142188 0.0333333 0.140625 0.0361111 0.140625 0.0388889 0.14375 0.0444444 0.14375 0.0472222 0.15 0.0583333 0.15 0.136111 0.148438 0.138889 0.148438 0.161111 0.146875 0.163889 0.146875 0.186111 0.145313 0.188889 0.145313 0.222222 0.14375 0.225 0.14375 0.336111 0.142188 0.338889 0.142188 0.372222 0.140625 0.375 0.140625 0.391667 0.139062 0.394444 0.139062 0.497222 0.1375 0.5 0.1375 0.611111 0.135937 0.613889 0.135937 0.725 0.134375 0.727778 0.134375 0.786111 0.132812 0.788889 0.132812 0.863889 0.13125 0.866667 0.13125 0.919444 0.129688 0.922222 0.129688 0.927778 0.126563 0.933333 0.123438 0.933333 0.121875 0.936111 0.115625 0.936111 0.115625 0.952778 0.121875 0.952778 0.123438 0.955556 0.126563 0.955556 0.13125 0.963889 0.13125 0.966667 0.132812 0.969444 0.132812 0.980556 0.14375 0.980556 0.14375 0.972222 0.148438 0.963889 0.151562 0.963889 0.153125 0.961111 0.157813 0.961111 0.159375 0.958333 0.167187 0.958333 0.16875 0.955556 0.248437 0.955556 0.25 0.952778 0.253125 0.952778 0.254687 0.955556 0.260938 0.955556 0.2625 0.952778 0.267188 0.952778 0.26875 0.955556 0.35625 0.955556 0.357812 0.958333 0.36875 0.958333 0.370313 0.961111 0.371875 0.961111 0.373437 0.958333 0.401563 0.958333 0.403125 0.955556 0.445312 0.955556 0.446875 0.952778 0.578125 0.952778 0.579687 0.955556 0.584375 0.955556 0.585938 0.952778 0.598437 0.952778 0.6 0.955556 0.609375 0.955556 0.610937 0.952778 0.773438 0.952778 0.775 0.95 0.801562 0.95 0.803125 0.952778 0.814062 0.952778 0.815625 0.955556 0.81875 0.955556 0.820312 0.958333 0.821875 0.958333 0.823438 0.961111 0.825 0.961111 0.83125 0.972222 0.83125 0.980556 0.840625 0.980556 0.840625 0.972222 0.842188 0.969444 0.842188 0.961111 0.845312 0.955556 0.845312 0.952778 0.846875 0.95 0.848437 0.95 0.851562 0.944444 0.857813 0.944444 0.857813 0.927778 0.851562 0.927778 0.85 0.925 0.848437 0.925 0.84375 0.916667 0.84375 0.908333 0.842188 0.905556 0.842188 0.811111 0.84375 0.808333 0.84375 0.797222 0.842188 0.794444 0.842188 0.791667 0.84375 0.788889 0.84375 0.752778 0.845312 0.75 0.845312 0.708333 0.846875 0.705556 0.846875 0.505556 0.845312 0.502778 0.845312 0.480556 0.846875 0.477778 0.846875 0.419444 0.845312 0.416667 0.845312 0.147222 0.84375 0.144444 0.84375 0.102778 0.845312 0.1 0.845312 0.0694444 0.851562 0.0583333 0.857813 0.0583333 0.857813 0.0388889 0.851562 0.0388889 0.845312 0.0277778 0.845312 0.025 0.842188 0.0194444 0.842188 0.0166667 0.840625 0.0138889 0.840625 0.00555556 0.835938 0.00555556 0.835938 0.0138889 0.834375 0.0166667 0.834375 0.0194444 0.826563 0.0333333 0.81875 0.0333333 0.817187 0.0361111 0.754687 0.0361111 0.753125 0.0333333 0.503125 0.0333333 0.501562 0.0305556 0.482812 0.0305556 0.48125 0.0333333 0.432813 0.0333333 0.43125 0.0305556 0.3625 0.0305556 0.360938 0.0277778 0.340625 0.0277778 0.339063 0.0305556 0.3375 0.0277778 0.332812 0.0277778 0.33125 0.0305556 0.326562 0.0305556 0.325 0.0277778 0.289062 0.0277778 0.2875 0.025 0.21875 0.025 0.217187 0.0277778 0.20625 0.0277778 0.204688 0.0305556 0.1875 0.0305556 0.185937 0.0277778 0.182812 0.0277778 0.18125 0.0305556 0.176563 0.0305556 0.175 0.0277778 0.173438 0.0277778 0.170312 0.0222222 0.16875 0.0222222 0.165625 0.0166667 0.165625 0.00555556
2 0.492188 0.394444 0.492188 0.411111 0.490625 0.413889 0.490625 0.436111 0.489062 0.438889 0.489062 0.447222 0.4875 0.45 0.485938 0.45 0.484375 0.452778 0.4625 0.452778 0.460938 0.455556 0.453125 0.455556 0.453125 0.475 0.459375 0.475 0.460938 0.477778 0.485938 0.477778 0.489062 0.483333 0.489062 0.486111 0.490625 0.488889 0.490625 0.513889 0.489062 0.516667 0.489062 0.527778 0.490625 0.530556 0.490625 0.536111 0.492188 0.538889 0.492188 0.547222 0.5 0.547222 0.5 0.538889 0.501562 0.536111 0.501562 0.533333 0.503125 0.530556 0.503125 0.488889 0.504687 0.486111 0.504687 0.483333 0.507812 0.477778 0.515625 0.477778 0.517187 0.480556 0.520312 0.480556 0.521875 0.483333 0.539062 0.483333 0.539062 0.455556 0.53125 0.455556 0.529688 0.452778 0.507812 0.452778 0.50625 0.45 0.50625 0.425 0.504687 0.422222 0.504687 0.394444
5 0.446875 0.694444 0.446875 0.736111 0.464063 0.736111 0.464063 0.694444
5 0.809375 0.616667 0.809375 0.658333 0.832812 0.658333 0.832812 0.616667
5 0.459375 0.494444 0.459375 0.525 0.476562 0.525 0.476562 0.494444
5 0.496875 0.338889 0.496875 0.380556 0.514063 0.380556 0.514063 0.338889
5 0.242188 0.705556 0.242188 0.713889 0.239063 0.719444 0.234375 0.719444 0.234375 0.747222 0.257812 0.747222 0.257812 0.705556
5 0.503125 0.127778 0.503125 0.158333 0.526563 0.158333 0.526563 0.127778
5 0.534375 0.569444 0.534375 0.572222 0.539062 0.572222 0.539062 0.569444
5 0.503125 0.05 0.503125 0.0916667 0.520312 0.0916667 0.520312 0.05
5 0.509375 0.194444 0.509375 0.225 0.526563 0.225 0.526563 0.194444
5 0.471875 0.205556 0.471875 0.236111 0.489062 0.236111 0.489062 0.205556
5 0.670313 0.261111 0.66875 0.258333 0.66875 0.255556 0.667188 0.255556 0.665625 0.252778 0.659375 0.252778 0.659375 0.280556 0.670313 0.280556 0.670313 0.261111 0.673437 0.258333 0.682813 0.258333 0.682813 0.238889 0.676562 0.238889 0.676562 0.25 0.675 0.252778 0.675 0.255556 0.673437 0.258333
5 0.634375 0.127778 0.634375 0.169444 0.651563 0.169444 0.651563 0.127778
5 0.378125 0.538889 0.378125 0.569444 0.401563 0.569444 0.401563 0.538889
5 0.221875 0.0611111 0.221875 0.0916667 0.251563 0.0916667 0.251563 0.0611111
