1 0.153125 0 0.153125 0.0111111 0.151562 0.0138889 0.151562 0.0166667 0.15 0.0194444 0.15 0.0222222 0.145313 0.0305556 0.14375 0.0305556 0.140625 0.0361111 0.139062 0.0361111 0.139062 0.0388889 0.140625 0.0388889 0.145313 0.0472222 0.145313 0.05 0.15 0.0583333 0.15 0.125 0.148438 0.127778 0.148438 0.152778 0.146875 0.155556 0.146875 0.177778 0.145313 0.180556 0.145313 0.216667 0.14375 0.219444 0.14375 0.327778 0.142188 0.330556 0.142188 0.361111 0.140625 0.363889 0.140625 0.386111 0.139062 0.388889 0.139062 0.494444 0.1375 0.497222 0.1375 0.633333 0.135937 0.636111 0.135937 0.725 0.134375 0.727778 0.134375 0.775 0.132812 0.777778 0.132812 0.858333 0.13125 0.861111 0.13125 0.919444 0.129688 0.922222 0.129688 0.927778 0.126563 0.933333 0.125 0.933333 0.123438 0.936111 0.115625 0.936111 0.115625 0.952778 0.121875 0.952778 0.123438 0.955556 0.126563 0.955556 0.129688 0.961111 0.129688 0.963889 0.13125 0.966667 0.13125 0.969444 0.132812 0.972222 0.132812 0.980556 0.14375 0.980556 0.14375 0.972222 0.148438 0.963889 0.151562 0.963889 0.153125 0.961111 0.157813 0.961111 0.159375 0.958333 0.1625 0.958333 0.164062 0.955556 0.2 0.955556 0.201562 0.952778 0.203125 0.955556 0.245312 0.955556 0.246875 0.952778 0.253125 0.952778 0.254687 0.955556 0.2625 0.955556 0.264062 0.952778 0.267188 0.952778 0.26875 0.955556 0.285937 0.955556 0.2875 0.952778 0.295312 0.952778 0.296875 0.955556 0.298438 0.952778 0.303125 0.952778 0.304688 0.955556 0.335938 0.955556 0.3375 0.952778 0.342187 0.952778 0.34375 0.955556 0.3625 0.955556 0.364062 0.958333 0.429688 0.958333 0.43125 0.955556 0.45 0.955556 0.451562 0.952778 0.515625 0.952778 0.517187 0.955556 0.557813 0.955556 0.559375 0.952778 0.573438 0.952778 0.575 0.955556 0.584375 0.955556 0.585938 0.952778 0.596875 0.952778 0.598437 0.955556 0.609375 0.955556 0.610937 0.952778 0.7625 0.952778 0.764063 0.95 0.803125 0.95 0.804688 0.952778 0.817187 0.952778 0.81875 0.955556 0.820312 0.955556 0.821875 0.958333 0.823438 0.958333 0.825 0.961111 0.826563 0.961111 0.83125 0.969444 0.83125 0.980556 0.842188 0.980556 0.842188 0.958333 0.85 0.944444 0.851562 0.944444 0.853125 0.941667 0.857813 0.941667 0.857813 0.925 0.85 0.925 0.84375 0.913889 0.84375 0.827778 0.842188 0.825 0.842188 0.755556 0.84375 0.752778 0.84375 0.711111 0.845312 0.708333 0.845312 0.658333 0.846875 0.655556 0.846875 0.502778 0.845312 0.5 0.845312 0.466667 0.846875 0.463889 0.846875 0.430556 0.845312 0.427778 0.845312 0.288889 0.84375 0.286111 0.84375 0.1 0.845312 0.0972222 0.845312 0.0694444 0.851562 0.0583333 0.857813 0.0583333 0.857813 0.0416667 0.853125 0.0416667 0.84375 0.025 0.84375 0.0222222 0.842188 0.0194444 0.842188 0.0166667 0.840625 0.0138889 0.840625 0.00555556 0.842188 0.00277778 0.842188 0 0.8375 0 0.8375 0.00833333 0.835938 0.0111111 0.835938 0.0138889 0.832812 0.0194444 0.832812 0.0222222 0.826563 0.0333333 0.81875 0.0333333 0.817187 0.0361111 0.765625 0.0361111 0.764063 0.0333333 0.435937 0.0333333 0.434375 0.0305556 0.348437 0.0305556 0.346875 0.0277778 0.345313 0.0305556 0.325 0.0305556 0.323438 0.0277778 0.264062 0.0277778 0.2625 0.025 0.254687 0.025 0.253125 0.0277778 0.251563 0.0277778 0.25 0.025 0.24375 0.025 0.242188 0.0277778 0.2375 0.0277778 0.235938 0.025 0.23125 0.025 0.229687 0.0277778 0.225 0.0277778 0.223438 0.025 0.220313 0.025 0.21875 0.0277778 0.179688 0.0277778 0.178125 0.0305556 0.176563 0.0277778 0.175 0.0277778 0.173438 0.025 0.171875 0.025 0.165625 0.0138889 0.165625 0
2 0.490625 0.394444 0.490625 0.425 0.489062 0.427778 0.489062 0.447222 0.4875 0.45 0.485938 0.45 0.484375 0.452778 0.460938 0.452778 0.459375 0.455556 0.453125 0.455556 0.453125 0.477778 0.460938 0.477778 0.4625 0.480556 0.467187 0.480556 0.46875 0.477778 0.484375 0.477778 0.490625 0.488889 0.490625 0.513889 0.489062 0.516667 0.489062 0.525 0.490625 0.527778 0.490625 0.533333 0.49375 0.538889 0.49375 0.547222 0.498437 0.547222 0.498437 0.538889 0.503125 0.530556 0.503125 0.497222 0.501562 0.494444 0.503125 0.491667 0.503125 0.488889 0.504687 0.486111 0.504687 0.483333 0.507812 0.477778 0.515625 0.477778 0.517187 0.480556 0.520312 0.480556 0.521875 0.483333 0.539062 0.483333 0.539062 0.455556 0.53125 0.455556 0.529688 0.452778 0.507812 0.452778 0.50625 0.45 0.50625 0.422222 0.504687 0.419444 0.504687 0.394444
5 0.390625 0.827778 0.390625 0.869444 0.414062 0.869444 0.414062 0.827778
5 0.771875 0.627778 0.771875 0.669444 0.795313 0.669444 0.795313 0.627778
5 0.803125 0.538889 0.803125 0.580556 0.826563 0.580556 0.826563 0.538889
5 0.498437 0.838889 0.498437 0.85 0.496875 0.852778 0.490625 0.852778 0.490625 0.880556 0.498437 0.880556 0.498437 0.872222 0.501562 0.866667 0.504687 0.872222 0.504687 0.880556 0.514063 0.880556 0.514063 0.838889
5 0.584375 0.472222 0.584375 0.502778 0.601562 0.502778 0.601562 0.472222
5 0.459375 0.494444 0.459375 0.536111 0.476562 0.536111 0.476562 0.494444
5 0.790625 0.872222 0.790625 0.902778 0.814062 0.902778 0.814062 0.872222
5 0.721875 0.538889 0.721875 0.547222 0.720312 0.55 0.715625 0.55 0.715625 0.580556 0.739062 0.580556 0.739062 0.538889
5 0.365625 0.572222 0.365625 0.613889 0.389062 0.613889 0.389062 0.583333 0.382812 0.583333 0.38125 0.580556 0.38125 0.572222
5 0.759375 0.772222 0.759375 0.802778 0.782812 0.802778 0.782812 0.772222
5 0.346875 0.838889 0.346875 0.880556 0.359375 0.880556 0.359375 0.863889 0.360938 0.861111 0.370313 0.861111 0.370313 0.838889
5 0.532812 0.538889 0.532812 0.552778 0.535937 0.558333 0.534375 0.561111 0.532812 0.561111 0.53125 0.558333 0.521875 0.558333 0.521875 0.580556 0.545313 0.580556 0.545313 0.558333 0.535937 0.558333 0.534375 0.555556 0.534375 0.538889
5 0.278125 0.772222 0.278125 0.813889 0.295312 0.813889 0.295312 0.772222
5 0.478125 0.861111 0.478125 0.902778 0.495313 0.902778 0.495313 0.894444 0.496875 0.891667 0.501562 0.891667 0.501562 0.872222 0.496875 0.872222 0.495313 0.869444 0.495313 0.861111
