1 0.153125 0.00555556 0.153125 0.0138889 0.151562 0.0166667 0.151562 0.0194444 0.15 0.0222222 0.15 0.025 0.146875 0.0305556 0.145313 0.0305556 0.14375 0.0333333 0.142188 0.0333333 0.140625 0.0361111 0.139062 0.0361111 0.139062 0.0388889 0.15 0.0583333 0.15 0.127778 0.148438 0.130556 0.148438 0.155556 0.146875 0.158333 0.146875 0.180556 0.145313 0.183333 0.145313 0.205556 0.14375 0.208333 0.14375 0.288889 0.142188 0.291667 0.142188 0.294444 0.14375 0.297222 0.14375 0.313889 0.142188 0.316667 0.142188 0.361111 0.140625 0.363889 0.140625 0.383333 0.139062 0.386111 0.139062 0.441667 0.1375 0.444444 0.1375 0.466667 0.139062 0.469444 0.139062 0.472222 0.1375 0.475 0.1375 0.611111 0.135937 0.613889 0.135937 0.719444 0.134375 0.722222 0.134375 0.780556 0.132812 0.783333 0.132812 0.877778 0.13125 0.880556 0.13125 0.919444 0.129688 0.922222 0.129688 0.927778 0.126563 0.933333 0.125 0.933333 0.123438 0.936111 0.115625 0.936111 0.115625 0.95 0.120312 0.95 0.121875 0.952778 0.123438 0.952778 0.125 0.955556 0.126563 0.955556 0.13125 0.963889 0.13125 0.966667 0.132812 0.969444 0.132812 0.972222 0.135937 0.977778 0.1375 0.977778 0.139062 0.980556 0.148438 0.963889 0.151562 0.963889 0.153125 0.961111 0.154687 0.961111 0.15625 0.958333 0.160938 0.958333 0.1625 0.955556 0.359375 0.955556 0.360938 0.958333 0.36875 0.958333 0.370313 0.961111 0.398438 0.961111 0.4 0.958333 0.407813 0.958333 0.409375 0.961111 0.429688 0.961111 0.43125 0.958333 0.44375 0.958333 0.445312 0.955556 0.470313 0.955556 0.471875 0.952778 0.520312 0.952778 0.521875 0.955556 0.598437 0.955556 0.6 0.958333 0.603125 0.958333 0.604688 0.955556 0.610937 0.955556 0.6125 0.952778 0.775 0.952778 0.776563 0.95 0.778125 0.95 0.779688 0.952778 0.784375 0.952778 0.785937 0.95 0.790625 0.95 0.792188 0.952778 0.810938 0.952778 0.8125 0.955556 0.817187 0.955556 0.81875 0.958333 0.821875 0.958333 0.823438 0.961111 0.825 0.961111 0.83125 0.972222 0.834375 0.972222 0.835938 0.975 0.839063 0.975 0.840625 0.972222 0.840625 0.969444 0.842188 0.966667 0.842188 0.958333 0.85 0.944444 0.851562 0.944444 0.853125 0.941667 0.857813 0.941667 0.857813 0.927778 0.851562 0.927778 0.85 0.925 0.848437 0.925 0.84375 0.916667 0.84375 0.911111 0.842188 0.908333 0.842188 0.761111 0.84375 0.758333 0.84375 0.727778 0.845312 0.725 0.845312 0.7 0.846875 0.697222 0.846875 0.486111 0.845312 0.483333 0.845312 0.480556 0.846875 0.477778 0.846875 0.438889 0.845312 0.436111 0.846875 0.433333 0.846875 0.427778 0.845312 0.425 0.845312 0.283333 0.84375 0.280556 0.845312 0.277778 0.845312 0.247222 0.84375 0.244444 0.84375 0.102778 0.845312 0.1 0.845312 0.0777778 0.846875 0.075 0.846875 0.0694444 0.853125 0.0583333 0.857813 0.0583333 0.857813 0.0388889 0.851562 0.0388889 0.84375 0.025 0.84375 0.0222222 0.842188 0.0194444 0.842188 0.0166667 0.840625 0.0138889 0.840625 0.00555556 0.835938 0.00555556 0.835938 0.0166667 0.826563 0.0333333 0.81875 0.0333333 0.817187 0.0361111 0.767187 0.0361111 0.765625 0.0333333 0.43125 0.0333333 0.429688 0.0305556 0.335938 0.0305556 0.334375 0.0277778 0.33125 0.0277778 0.329688 0.0305556 0.326562 0.0305556 0.325 0.0277778 0.215625 0.0277778 0.214062 0.0305556 0.195312 0.0305556 0.19375 0.0277778 0.18125 0.0277778 0.179688 0.0305556 0.176563 0.0305556 0.173438 0.025 0.171875 0.025 0.170312 0.0222222 0.16875 0.0222222 0.165625 0.0166667 0.165625 0.00555556
2 0.490625 0.394444 0.490625 0.436111 0.489062 0.438889 0.489062 0.444444 0.484375 0.452778 0.464063 0.452778 0.4625 0.455556 0.453125 0.455556 0.453125 0.475 0.459375 0.475 0.460938 0.477778 0.471875 0.477778 0.473437 0.475 0.475 0.475 0.476562 0.472222 0.479688 0.472222 0.48125 0.475 0.484375 0.475 0.490625 0.486111 0.490625 0.513889 0.489062 0.516667 0.489062 0.525 0.490625 0.527778 0.490625 0.547222 0.5 0.547222 0.5 0.538889 0.501562 0.536111 0.501562 0.533333 0.503125 0.530556 0.503125 0.527778 0.504687 0.525 0.504687 0.516667 0.503125 0.513889 0.503125 0.491667 0.504687 0.488889 0.504687 0.486111 0.507812 0.480556 0.51875 0.480556 0.520312 0.483333 0.539062 0.483333 0.539062 0.455556 0.529688 0.455556 0.528125 0.452778 0.509375 0.452778 0.50625 0.447222 0.50625 0.408333 0.504687 0.405556 0.504687 0.394444
5 0.509375 0.827778 0.509375 0.858333 0.526563 0.858333 0.526563 0.827778
5 0.809375 0.616667 0.809375 0.658333 0.832812 0.658333 0.832812 0.616667
5 0.571875 0.894444 0.571875 0.925 0.595312 0.925 0.595312 0.894444
5 0.184375 0.25 0.184375 0.291667 0.207813 0.291667 0.207813 0.25
5 0.390625 0.85 0.390625 0.891667 0.407813 0.891667 0.407813 0.85
5 0.609375 0.527778 0.609375 0.558333 0.632812 0.558333 0.632812 0.527778
5 0.384375 0.338889 0.384375 0.369444 0.407813 0.369444 0.407813 0.338889
5 0.521875 0.583333 0.521875 0.613889 0.539062 0.613889 0.539062 0.583333
5 0.453125 0.538889 0.453125 0.569444 0.476562 0.569444 0.476562 0.538889
5 0.471875 0.15 0.471875 0.180556 0.489062 0.180556 0.489062 0.15
5 0.776563 0.558333 0.776563 0.569444 0.778125 0.569444 0.778125 0.561111
5 0.465625 0.472222 0.465625 0.513889 0.489062 0.513889 0.489062 0.472222
5 0.453125 0.272222 0.453125 0.313889 0.470313 0.313889 0.470313 0.272222
5 0.542188 0.55 0.542188 0.558333 0.540625 0.561111 0.534375 0.561111 0.534375 0.580556 0.545313 0.580556 0.546875 0.583333 0.546875 0.591667 0.557813 0.591667 0.557813 0.55
