1 0.151562 0.00555556 0.151562 0.0194444 0.145313 0.0305556 0.14375 0.0305556 0.142188 0.0333333 0.140625 0.0333333 0.139062 0.0361111 0.139062 0.0388889 0.15 0.0583333 0.15 0.125 0.148438 0.127778 0.148438 0.147222 0.146875 0.15 0.146875 0.169444 0.145313 0.172222 0.145313 0.202778 0.14375 0.205556 0.14375 0.316667 0.142188 0.319444 0.142188 0.352778 0.140625 0.355556 0.140625 0.383333 0.139062 0.386111 0.139062 0.444444 0.1375 0.447222 0.1375 0.583333 0.135937 0.586111 0.135937 0.655556 0.134375 0.658333 0.134375 0.672222 0.135937 0.675 0.135937 0.719444 0.134375 0.722222 0.134375 0.761111 0.132812 0.763889 0.132812 0.802778 0.13125 0.805556 0.13125 0.919444 0.129688 0.922222 0.129688 0.927778 0.126563 0.933333 0.125 0.933333 0.123438 0.936111 0.115625 0.936111 0.115625 0.952778 0.123438 0.952778 0.125 0.955556 0.126563 0.955556 0.129688 0.961111 0.129688 0.963889 0.13125 0.966667 0.13125 0.969444 0.132812 0.972222 0.132812 0.975 0.134375 0.977778 0.1375 0.977778 0.139062 0.980556 0.146875 0.966667 0.148438 0.966667 0.15 0.963889 0.153125 0.963889 0.154687 0.961111 0.157813 0.961111 0.159375 0.958333 0.164062 0.958333 0.165625 0.955556 0.364062 0.955556 0.365625 0.958333 0.429688 0.958333 0.43125 0.955556 0.460938 0.955556 0.4625 0.952778 0.54375 0.952778 0.545313 0.955556 0.559375 0.955556 0.560938 0.952778 0.567187 0.952778 0.56875 0.955556 0.584375 0.955556 0.585938 0.952778 0.596875 0.952778 0.598437 0.955556 0.609375 0.955556 0.610937 0.952778 0.773438 0.952778 0.775 0.95 0.78125 0.95 0.782812 0.952778 0.784375 0.95 0.792188 0.95 0.79375 0.952778 0.814062 0.952778 0.815625 0.955556 0.81875 0.955556 0.820312 0.958333 0.821875 0.958333 0.823438 0.961111 0.825 0.961111 0.83125 0.972222 0.840625 0.972222 0.840625 0.966667 0.842188 0.963889 0.842188 0.958333 0.848437 0.947222 0.85 0.947222 0.853125 0.941667 0.857813 0.941667 0.857813 0.927778 0.851562 0.927778 0.85 0.925 0.848437 0.925 0.84375 0.916667 0.84375 0.913889 0.842188 0.911111 0.842188 0.75 0.84375 0.747222 0.84375 0.663889 0.845312 0.661111 0.845312 0.566667 0.846875 0.563889 0.846875 0.536111 0.845312 0.533333 0.845312 0.455556 0.846875 0.452778 0.846875 0.447222 0.845312 0.444444 0.845312 0.286111 0.84375 0.283333 0.84375 0.227778 0.845312 0.225 0.84375 0.222222 0.84375 0.211111 0.845312 0.208333 0.845312 0.2 0.84375 0.197222 0.84375 0.188889 0.845312 0.186111 0.845312 0.155556 0.84375 0.152778 0.84375 0.0944444 0.845312 0.0916667 0.845312 0.0694444 0.853125 0.0555556 0.857813 0.0555556 0.857813 0.0388889 0.851562 0.0388889 0.848437 0.0333333 0.846875 0.0333333 0.84375 0.0277778 0.84375 0.025 0.842188 0.0222222 0.842188 0.0194444 0.840625 0.0166667 0.840625 0.00555556 0.835938 0.00555556 0.835938 0.0138889 0.832812 0.0194444 0.832812 0.0222222 0.828125 0.0305556 0.826563 0.0305556 0.825 0.0333333 0.814062 0.0333333 0.8125 0.0361111 0.745313 0.0361111 0.74375 0.0333333 0.4375 0.0333333 0.435937 0.0305556 0.426562 0.0305556 0.425 0.0277778 0.376563 0.0277778 0.375 0.025 0.367188 0.025 0.365625 0.0222222 0.35625 0.0222222 0.354688 0.025 0.334375 0.025 0.332812 0.0277778 0.292188 0.0277778 0.290625 0.0305556 0.273438 0.0305556 0.271875 0.0277778 0.267188 0.0277778 0.265625 0.0305556 0.264062 0.0277778 0.215625 0.0277778 0.214062 0.0305556 0.176563 0.0305556 0.175 0.0277778 0.173438 0.0277778 0.171875 0.025 0.170312 0.025 0.165625 0.0166667 0.165625 0.00555556
2 0.490625 0.394444 0.490625 0.422222 0.489062 0.425 0.489062 0.444444 0.484375 0.452778 0.460938 0.452778 0.459375 0.455556 0.453125 0.455556 0.453125 0.477778 0.464063 0.477778 0.465625 0.480556 0.485938 0.480556 0.490625 0.488889 0.490625 0.519444 0.489062 0.522222 0.489062 0.527778 0.490625 0.530556 0.490625 0.547222 0.5 0.547222 0.5 0.538889 0.501562 0.536111 0.501562 0.533333 0.503125 0.530556 0.503125 0.488889 0.507812 0.480556 0.51875 0.480556 0.520312 0.483333 0.539062 0.483333 0.539062 0.455556 0.53125 0.455556 0.529688 0.452778 0.509375 0.452778 0.50625 0.447222 0.50625 0.436111 0.504687 0.433333 0.504687 0.394444
5 0.496875 0.816667 0.496875 0.858333 0.514063 0.858333 0.514063 0.816667
5 0.759375 0.127778 0.759375 0.158333 0.776563 0.158333 0.776563 0.127778
5 0.734375 0.494444 0.734375 0.525 0.757812 0.525 0.757812 0.494444
5 0.359375 0.05 0.359375 0.0916667 0.382812 0.0916667 0.382812 0.05
5 0.784375 0.161111 0.784375 0.202778 0.801562 0.202778 0.801562 0.161111
5 0.584375 0.205556 0.584375 0.236111 0.607813 0.236111 0.607813 0.205556
5 0.728125 0.25 0.728125 0.291667 0.751562 0.291667 0.751562 0.25
5 0.653125 0.0611111 0.653125 0.102778 0.670313 0.102778 0.670313 0.0611111
