1 0.153125 0.00555556 0.153125 0.0166667 0.145313 0.0305556 0.14375 0.0305556 0.140625 0.0361111 0.140625 0.0388889 0.145313 0.0472222 0.145313 0.05 0.15 0.0583333 0.15 0.0694444 0.151562 0.0722222 0.151562 0.102778 0.15 0.105556 0.15 0.138889 0.148438 0.141667 0.148438 0.169444 0.146875 0.172222 0.146875 0.2 0.145313 0.202778 0.145313 0.255556 0.14375 0.258333 0.14375 0.355556 0.142188 0.358333 0.142188 0.380556 0.140625 0.383333 0.140625 0.408333 0.139062 0.411111 0.139062 0.447222 0.1375 0.45 0.1375 0.658333 0.135937 0.661111 0.135937 0.736111 0.134375 0.738889 0.134375 0.827778 0.132812 0.830556 0.132812 0.869444 0.13125 0.872222 0.13125 0.919444 0.129688 0.922222 0.129688 0.927778 0.128125 0.930556 0.126563 0.930556 0.125 0.933333 0.123438 0.933333 0.121875 0.936111 0.115625 0.936111 0.115625 0.952778 0.123438 0.952778 0.125 0.955556 0.126563 0.955556 0.129688 0.961111 0.129688 0.963889 0.13125 0.966667 0.13125 0.969444 0.132812 0.972222 0.132812 0.980556 0.14375 0.980556 0.14375 0.972222 0.148438 0.963889 0.15 0.963889 0.151562 0.961111 0.154687 0.961111 0.15625 0.958333 0.159375 0.958333 0.160938 0.955556 0.16875 0.955556 0.170312 0.952778 0.21875 0.952778 0.220313 0.955556 0.234375 0.955556 0.235938 0.952778 0.307813 0.952778 0.309375 0.955556 0.323438 0.955556 0.325 0.952778 0.35 0.952778 0.351562 0.955556 0.364062 0.955556 0.365625 0.958333 0.39375 0.958333 0.395312 0.955556 0.440625 0.955556 0.442187 0.952778 0.58125 0.952778 0.582812 0.955556 0.584375 0.952778 0.598437 0.952778 0.6 0.955556 0.609375 0.955556 0.610937 0.952778 0.778125 0.952778 0.779688 0.95 0.803125 0.95 0.804688 0.952778 0.815625 0.952778 0.817187 0.955556 0.820312 0.955556 0.821875 0.958333 0.823438 0.958333 0.825 0.961111 0.826563 0.961111 0.83125 0.969444 0.83125 0.980556 0.842188 0.980556 0.842188 0.961111 0.845312 0.955556 0.845312 0.952778 0.846875 0.95 0.848437 0.95 0.851562 0.944444 0.857813 0.944444 0.857813 0.925 0.85 0.925 0.84375 0.913889 0.84375 0.872222 0.842188 0.869444 0.842188 0.863889 0.84375 0.861111 0.842188 0.858333 0.842188 0.813889 0.84375 0.811111 0.84375 0.719444 0.845312 0.716667 0.845312 0.608333 0.846875 0.605556 0.846875 0.505556 0.845312 0.502778 0.846875 0.5 0.846875 0.486111 0.845312 0.483333 0.845312 0.480556 0.846875 0.477778 0.846875 0.402778 0.845312 0.4 0.845312 0.341667 0.846875 0.338889 0.846875 0.177778 0.845312 0.175 0.845312 0.0722222 0.846875 0.0694444 0.846875 0.0666667 0.85 0.0611111 0.851562 0.0611111 0.853125 0.0583333 0.857813 0.0583333 0.857813 0.0416667 0.853125 0.0416667 0.84375 0.025 0.84375 0.0222222 0.842188 0.0194444 0.842188 0.0166667 0.840625 0.0138889 0.840625 0.00555556 0.835938 0.00555556 0.835938 0.0138889 0.832812 0.0194444 0.832812 0.0222222 0.828125 0.0305556 0.826563 0.0305556 0.825 0.0333333 0.801562 0.0333333 0.8 0.0361111 0.76875 0.0361111 0.767187 0.0333333 0.59375 0.0333333 0.592188 0.0305556 0.578125 0.0305556 0.576563 0.0333333 0.523438 0.0333333 0.521875 0.0305556 0.5125 0.0305556 0.510938 0.0333333 0.49375 0.0333333 0.492188 0.0305556 0.485938 0.0305556 0.484375 0.0333333 0.44375 0.0333333 0.442187 0.0305556 0.376563 0.0305556 0.375 0.0277778 0.359375 0.0277778 0.357812 0.025 0.35625 0.0277778 0.348437 0.0277778 0.346875 0.025 0.345313 0.0277778 0.310937 0.0277778 0.309375 0.025 0.307813 0.025 0.30625 0.0277778 0.301562 0.0277778 0.3 0.025 0.29375 0.025 0.292188 0.0277778 0.273438 0.0277778 0.271875 0.025 0.267188 0.025 0.265625 0.0277778 0.264062 0.0277778 0.2625 0.025 0.23125 0.025 0.229687 0.0277778 0.223438 0.0277778 0.221875 0.025 0.220313 0.0277778 0.20625 0.0277778 0.204688 0.0305556 0.2 0.0305556 0.198437 0.0277778 0.18125 0.0277778 0.179688 0.0305556 0.176563 0.0305556 0.173438 0.025 0.171875 0.025 0.170312 0.0222222 0.16875 0.0222222 0.165625 0.0166667 0.165625 0.00555556
2 0.492188 0.394444 0.492188 0.408333 0.490625 0.411111 0.490625 0.436111 0.489062 0.438889 0.489062 0.447222 0.4875 0.45 0.485938 0.45 0.484375 0.452778 0.453125 0.452778 0.453125 0.475 0.4625 0.475 0.464063 0.477778 0.485938 0.477778 0.490625 0.486111 0.490625 0.536111 0.503125 0.536111 0.503125 0.488889 0.504687 0.486111 0.504687 0.483333 0.507812 0.477778 0.515625 0.477778 0.517187 0.480556 0.521875 0.480556 0.523438 0.483333 0.539062 0.483333 0.539062 0.455556 0.532812 0.455556 0.53125 0.452778 0.509375 0.452778 0.50625 0.447222 0.50625 0.394444
5 0.590625 0.305556 0.590625 0.347222 0.607813 0.347222 0.607813 0.338889 0.609375 0.336111 0.614062 0.336111 0.614062 0.305556
5 0.240625 0.738889 0.240625 0.780556 0.254687 0.780556 0.254687 0.772222 0.25625 0.769444 0.25625 0.766667 0.257812 0.763889 0.264062 0.763889 0.264062 0.738889
5 0.584375 0.05 0.584375 0.0916667 0.607813 0.0916667 0.607813 0.05
5 0.359375 0.705556 0.359375 0.747222 0.375 0.747222 0.375 0.733333 0.376563 0.730556 0.382812 0.730556 0.382812 0.719444 0.378125 0.719444 0.375 0.713889 0.375 0.705556
5 0.490625 0.105556 0.490625 0.147222 0.50625 0.147222 0.50625 0.136111 0.507812 0.133333 0.514063 0.133333 0.514063 0.116667 0.509375 0.116667 0.507812 0.113889 0.507812 0.105556
5 0.784375 0.883333 0.784375 0.913889 0.807813 0.913889 0.807813 0.883333
5 0.734375 0.505556 0.734375 0.547222 0.751562 0.547222 0.751562 0.505556
5 0.757812 0.847222 0.753125 0.847222 0.751562 0.85 0.746875 0.85 0.746875 0.858333 0.757812 0.858333 0.757812 0.847222 0.757812 0.827778 0.757812 0.816667 0.740625 0.816667 0.740625 0.825 0.742188 0.825 0.74375 0.827778 0.757812 0.827778
5 0.809375 0.205556 0.809375 0.247222 0.826563 0.247222 0.826563 0.238889 0.828125 0.236111 0.832812 0.236111 0.832812 0.205556
5 0.646875 0.138889 0.646875 0.169444 0.670313 0.169444 0.670313 0.138889
5 0.771875 0.294444 0.771875 0.325 0.795313 0.325 0.795313 0.294444
5 0.053125 0.516667 0.053125 0.544444 0.059375 0.544444 0.0609375 0.547222 0.0609375 0.558333 0.0765625 0.558333 0.0765625 0.516667
5 0.471875 0.161111 0.471875 0.202778 0.495313 0.202778 0.495313 0.177778 0.490625 0.177778 0.485938 0.169444 0.485938 0.161111
