1 0.154687 0.00555556 0.154687 0.0138889 0.151562 0.0194444 0.151562 0.0222222 0.14375 0.0361111 0.142188 0.0361111 0.142188 0.0388889 0.145313 0.0444444 0.145313 0.0472222 0.15 0.0555556 0.15 0.0638889 0.151562 0.0666667 0.151562 0.0944444 0.15 0.0972222 0.15 0.130556 0.148438 0.133333 0.148438 0.161111 0.146875 0.163889 0.146875 0.183333 0.145313 0.186111 0.145313 0.238889 0.14375 0.241667 0.14375 0.344444 0.142188 0.347222 0.142188 0.372222 0.140625 0.375 0.140625 0.391667 0.139062 0.394444 0.139062 0.455556 0.1375 0.458333 0.139062 0.461111 0.139062 0.494444 0.1375 0.497222 0.1375 0.644444 0.135937 0.647222 0.135937 0.733333 0.134375 0.736111 0.134375 0.786111 0.132812 0.788889 0.132812 0.819444 0.13125 0.822222 0.13125 0.916667 0.129688 0.919444 0.129688 0.927778 0.128125 0.930556 0.126563 0.930556 0.125 0.933333 0.123438 0.933333 0.121875 0.936111 0.115625 0.936111 0.115625 0.952778 0.121875 0.952778 0.123438 0.955556 0.125 0.955556 0.126563 0.958333 0.128125 0.958333 0.129688 0.961111 0.129688 0.963889 0.13125 0.966667 0.13125 0.969444 0.132812 0.972222 0.132812 0.975 0.134375 0.977778 0.135937 0.977778 0.139062 0.983333 0.139062 0.991667 0.139062 0.980556 0.148438 0.963889 0.15 0.963889 0.151562 0.961111 0.15625 0.961111 0.157813 0.958333 0.1625 0.958333 0.164062 0.955556 0.1875 0.955556 0.189063 0.952778 0.207813 0.952778 0.209375 0.955556 0.239063 0.955556 0.240625 0.952778 0.254687 0.952778 0.25625 0.955556 0.325 0.955556 0.326562 0.952778 0.329688 0.952778 0.33125 0.955556 0.3375 0.955556 0.339063 0.952778 0.340625 0.955556 0.364062 0.955556 0.365625 0.958333 0.395312 0.958333 0.396875 0.955556 0.409375 0.955556 0.410937 0.958333 0.423438 0.958333 0.425 0.955556 0.440625 0.955556 0.442187 0.952778 0.517187 0.952778 0.51875 0.955556 0.535937 0.955556 0.5375 0.952778 0.54375 0.952778 0.545313 0.955556 0.548437 0.955556 0.55 0.952778 0.575 0.952778 0.576563 0.955556 0.582812 0.955556 0.584375 0.952778 0.6 0.952778 0.601562 0.955556 0.609375 0.955556 0.610937 0.952778 0.74375 0.952778 0.745313 0.95 0.746875 0.95 0.748438 0.952778 0.76875 0.952778 0.770312 0.95 0.8 0.95 0.801562 0.952778 0.817187 0.952778 0.81875 0.955556 0.821875 0.955556 0.823438 0.958333 0.825 0.958333 0.832812 0.972222 0.835938 0.972222 0.8375 0.975 0.840625 0.975 0.840625 0.972222 0.842188 0.969444 0.842188 0.961111 0.84375 0.958333 0.84375 0.955556 0.848437 0.947222 0.85 0.947222 0.851562 0.944444 0.857813 0.944444 0.857813 0.925 0.85 0.925 0.848437 0.922222 0.846875 0.922222 0.84375 0.916667 0.84375 0.908333 0.842188 0.905556 0.842188 0.772222 0.84375 0.769444 0.84375 0.716667 0.845312 0.713889 0.845312 0.608333 0.846875 0.605556 0.846875 0.511111 0.845312 0.508333 0.845312 0.477778 0.846875 0.475 0.846875 0.422222 0.845312 0.419444 0.845312 0.222222 0.84375 0.219444 0.84375 0.208333 0.845312 0.205556 0.845312 0.2 0.84375 0.197222 0.84375 0.188889 0.845312 0.186111 0.845312 0.175 0.84375 0.172222 0.845312 0.169444 0.845312 0.15 0.84375 0.147222 0.84375 0.102778 0.845312 0.1 0.845312 0.075 0.846875 0.0722222 0.846875 0.0694444 0.853125 0.0583333 0.857813 0.0583333 0.857813 0.0388889 0.851562 0.0388889 0.845312 0.0277778 0.845312 0.025 0.842188 0.0194444 0.842188 0.0166667 0.840625 0.0138889 0.840625 0.00555556 0.8375 0.00555556 0.8375 0.0138889 0.832812 0.0222222 0.832812 0.025 0.829687 0.0305556 0.828125 0.0305556 0.826563 0.0333333 0.820312 0.0333333 0.81875 0.0361111 0.771875 0.0361111 0.770312 0.0333333 0.435937 0.0333333 0.434375 0.0305556 0.390625 0.0305556 0.389062 0.0277778 0.364062 0.0277778 0.3625 0.025 0.345313 0.025 0.34375 0.0222222 0.28125 0.0222222 0.279687 0.025 0.273438 0.025 0.271875 0.0222222 0.267188 0.0222222 0.265625 0.025 0.264062 0.0222222 0.209375 0.0222222 0.207813 0.025 0.19375 0.025 0.192188 0.0277778 0.18125 0.0277778 0.179688 0.0305556 0.176563 0.0305556 0.175 0.0277778 0.173438 0.0277778 0.171875 0.025 0.170312 0.025 0.16875 0.0222222 0.167187 0.0222222 0.1625 0.0138889 0.1625 0.00555556
2 0.492188 0.394444 0.492188 0.408333 0.490625 0.411111 0.490625 0.436111 0.489062 0.438889 0.489062 0.447222 0.4875 0.45 0.485938 0.45 0.484375 0.452778 0.4625 0.452778 0.460938 0.455556 0.453125 0.455556 0.453125 0.475 0.460938 0.475 0.4625 0.477778 0.485938 0.477778 0.490625 0.486111 0.490625 0.522222 0.489062 0.525 0.490625 0.527778 0.490625 0.533333 0.492188 0.536111 0.492188 0.547222 0.498437 0.547222 0.498437 0.538889 0.503125 0.530556 0.503125 0.488889 0.504687 0.486111 0.504687 0.483333 0.50625 0.480556 0.507812 0.480556 0.509375 0.477778 0.514063 0.477778 0.515625 0.480556 0.520312 0.480556 0.521875 0.483333 0.539062 0.483333 0.539062 0.455556 0.53125 0.455556 0.529688 0.452778 0.509375 0.452778 0.50625 0.447222 0.50625 0.408333 0.504687 0.405556 0.504687 0.394444
5 0.459375 0.494444 0.459375 0.525 0.476562 0.525 0.476562 0.494444
5 0.153125 0.838889 0.153125 0.869444 0.176563 0.869444 0.176563 0.838889
5 0.165625 0.0833333 0.165625 0.125 0.182812 0.125 0.182812 0.0833333
5 0.309375 0.161111 0.309375 0.191667 0.332812 0.191667 0.332812 0.161111
5 0.784375 0.883333 0.784375 0.925 0.807813 0.925 0.807813 0.905556 0.801562 0.905556 0.8 0.902778 0.8 0.9 0.798437 0.897222 0.798437 0.883333
5 0.334375 0.205556 0.334375 0.236111 0.357812 0.236111 0.357812 0.205556
5 0.734375 0.894444 0.734375 0.925 0.757812 0.925 0.757812 0.894444
5 0.521875 0.116667 0.521875 0.147222 0.545313 0.147222 0.545313 0.116667
5 0.234375 0.138889 0.234375 0.166667 0.240625 0.166667 0.242188 0.169444 0.242188 0.180556 0.257812 0.180556 0.257812 0.138889
5 0.203125 0.05 0.203125 0.0916667 0.21875 0.0916667 0.21875 0.0805556 0.220313 0.0777778 0.226562 0.0777778 0.226562 0.05
5 0.553125 0.0611111 0.553125 0.102778 0.570312 0.102778 0.570312 0.0611111
5 0.303125 0.05 0.303125 0.0916667 0.320312 0.0916667 0.320312 0.05
5 0.153125 0.883333 0.153125 0.9 0.157813 0.9 0.160938 0.905556 0.1625 0.905556 0.164062 0.908333 0.165625 0.905556 0.16875 0.905556 0.170312 0.902778 0.176563 0.902778 0.176563 0.883333
