1 0.151562 0.00555556 0.151562 0.0166667 0.15 0.0194444 0.15 0.0222222 0.145313 0.0305556 0.14375 0.0305556 0.142188 0.0333333 0.140625 0.0333333 0.139062 0.0361111 0.139062 0.0388889 0.15 0.0583333 0.15 0.125 0.148438 0.127778 0.148438 0.147222 0.146875 0.15 0.146875 0.172222 0.145313 0.175 0.145313 0.213889 0.14375 0.216667 0.14375 0.319444 0.142188 0.322222 0.142188 0.352778 0.140625 0.355556 0.140625 0.380556 0.139062 0.383333 0.139062 0.441667 0.1375 0.444444 0.1375 0.591667 0.135937 0.594444 0.135937 0.725 0.134375 0.727778 0.134375 0.763889 0.132812 0.766667 0.132812 0.8 0.13125 0.802778 0.13125 0.922222 0.129688 0.925 0.129688 0.927778 0.125 0.936111 0.115625 0.936111 0.115625 0.952778 0.121875 0.952778 0.123438 0.955556 0.125 0.955556 0.13125 0.966667 0.13125 0.972222 0.132812 0.975 0.132812 0.977778 0.134375 0.977778 0.135937 0.980556 0.139062 0.980556 0.146875 0.966667 0.148438 0.966667 0.15 0.963889 0.153125 0.963889 0.154687 0.961111 0.159375 0.961111 0.160938 0.958333 0.164062 0.958333 0.165625 0.955556 0.360938 0.955556 0.3625 0.958333 0.423438 0.958333 0.425 0.955556 0.45 0.955556 0.451562 0.952778 0.517187 0.952778 0.51875 0.955556 0.585938 0.955556 0.5875 0.952778 0.596875 0.952778 0.598437 0.955556 0.609375 0.955556 0.610937 0.952778 0.775 0.952778 0.776563 0.95 0.778125 0.95 0.779688 0.952778 0.785937 0.952778 0.7875 0.95 0.790625 0.95 0.792188 0.952778 0.8125 0.952778 0.814062 0.955556 0.817187 0.955556 0.81875 0.958333 0.820312 0.958333 0.821875 0.961111 0.823438 0.961111 0.825 0.963889 0.826563 0.963889 0.83125 0.972222 0.832812 0.972222 0.834375 0.975 0.8375 0.975 0.839063 0.972222 0.840625 0.972222 0.840625 0.966667 0.842188 0.963889 0.842188 0.958333 0.853125 0.938889 0.854688 0.938889 0.854688 0.936111 0.853125 0.933333 0.853125 0.927778 0.851562 0.925 0.848437 0.925 0.84375 0.916667 0.84375 0.913889 0.842188 0.911111 0.842188 0.744444 0.84375 0.741667 0.84375 0.658333 0.845312 0.655556 0.845312 0.544444 0.846875 0.541667 0.846875 0.536111 0.845312 0.533333 0.845312 0.472222 0.846875 0.469444 0.846875 0.438889 0.845312 0.436111 0.845312 0.291667 0.84375 0.288889 0.84375 0.0916667 0.845312 0.0888889 0.845312 0.0722222 0.846875 0.0694444 0.846875 0.0666667 0.85 0.0611111 0.851562 0.0611111 0.851562 0.0583333 0.85625 0.05 0.85625 0.0472222 0.85 0.0361111 0.848437 0.0361111 0.842188 0.025 0.842188 0.0194444 0.840625 0.0166667 0.840625 0.00555556 0.834375 0.00555556 0.834375 0.0166667 0.832812 0.0194444 0.832812 0.0222222 0.828125 0.0305556 0.826563 0.0305556 0.825 0.0333333 0.8125 0.0333333 0.810938 0.0361111 0.807813 0.0361111 0.80625 0.0333333 0.798437 0.0333333 0.796875 0.0361111 0.79375 0.0361111 0.792188 0.0333333 0.782812 0.0333333 0.78125 0.0361111 0.759375 0.0361111 0.757812 0.0333333 0.495313 0.0333333 0.49375 0.0305556 0.470313 0.0305556 0.46875 0.0333333 0.440625 0.0333333 0.439063 0.0305556 0.428125 0.0305556 0.426562 0.0277778 0.410937 0.0277778 0.409375 0.025 0.353125 0.025 0.351562 0.0277778 0.215625 0.0277778 0.214062 0.0305556 0.175 0.0305556 0.171875 0.025 0.170312 0.025 0.165625 0.0166667 0.165625 0.00555556
5 0.371875 0.05 0.371875 0.0916667 0.385938 0.0916667 0.385938 0.0805556 0.389062 0.075 0.395312 0.075 0.395312 0.05
2 0.490625 0.394444 0.490625 0.422222 0.489062 0.425 0.489062 0.444444 0.484375 0.452778 0.460938 0.452778 0.459375 0.455556 0.453125 0.455556 0.453125 0.477778 0.4625 0.477778 0.464063 0.480556 0.48125 0.480556 0.482812 0.477778 0.484375 0.480556 0.485938 0.480556 0.490625 0.488889 0.490625 0.516667 0.489062 0.519444 0.489062 0.530556 0.490625 0.533333 0.490625 0.547222 0.5 0.547222 0.5 0.538889 0.501562 0.536111 0.501562 0.533333 0.503125 0.530556 0.503125 0.497222 0.501562 0.494444 0.503125 0.491667 0.503125 0.488889 0.507812 0.480556 0.517187 0.480556 0.51875 0.483333 0.539062 0.483333 0.539062 0.455556 0.529688 0.455556 0.528125 0.452778 0.509375 0.452778 0.50625 0.447222 0.50625 0.436111 0.504687 0.433333 0.504687 0.394444
5 0.734375 0.0611111 0.734375 0.0916667 0.751562 0.0916667 0.751562 0.0611111
5 0.496875 0.816667 0.496875 0.858333 0.514063 0.858333 0.514063 0.816667
5 0.765625 0.483333 0.765625 0.525 0.782812 0.525 0.782812 0.483333
5 0.753125 0.116667 0.753125 0.158333 0.770312 0.158333 0.770312 0.116667
5 0.584375 0.205556 0.584375 0.236111 0.607813 0.236111 0.607813 0.205556
5 0.653125 0.0833333 0.653125 0.125 0.670313 0.125 0.670313 0.0833333
5 0.709375 0.238889 0.709375 0.269444 0.732813 0.269444 0.732813 0.238889
