1 0.153125 0.00555556 0.153125 0.0166667 0.145313 0.0305556 0.14375 0.0305556 0.140625 0.0361111 0.140625 0.0388889 0.14375 0.0444444 0.14375 0.0472222 0.15 0.0583333 0.15 0.138889 0.148438 0.141667 0.148438 0.177778 0.146875 0.180556 0.146875 0.205556 0.145313 0.208333 0.145313 0.247222 0.14375 0.25 0.14375 0.355556 0.142188 0.358333 0.142188 0.383333 0.140625 0.386111 0.140625 0.411111 0.139062 0.413889 0.139062 0.516667 0.1375 0.519444 0.1375 0.658333 0.135937 0.661111 0.135937 0.738889 0.134375 0.741667 0.134375 0.830556 0.132812 0.833333 0.132812 0.877778 0.13125 0.880556 0.13125 0.922222 0.129688 0.925 0.129688 0.927778 0.126563 0.933333 0.121875 0.933333 0.121875 0.955556 0.126563 0.955556 0.13125 0.963889 0.13125 0.966667 0.132812 0.969444 0.132812 0.980556 0.145313 0.980556 0.145313 0.969444 0.148438 0.963889 0.151562 0.963889 0.153125 0.961111 0.154687 0.961111 0.15625 0.958333 0.159375 0.958333 0.160938 0.955556 0.167187 0.955556 0.16875 0.952778 0.21875 0.952778 0.220313 0.955556 0.223438 0.955556 0.225 0.952778 0.35 0.952778 0.351562 0.955556 0.3625 0.955556 0.364062 0.958333 0.423438 0.958333 0.425 0.955556 0.442187 0.955556 0.44375 0.952778 0.53125 0.952778 0.532812 0.95 0.539062 0.95 0.540625 0.952778 0.564062 0.952778 0.565625 0.955556 0.609375 0.955556 0.610937 0.952778 0.770312 0.952778 0.771875 0.95 0.79375 0.95 0.795313 0.952778 0.814062 0.952778 0.815625 0.955556 0.81875 0.955556 0.820312 0.958333 0.823438 0.958333 0.826563 0.963889 0.828125 0.963889 0.83125 0.969444 0.83125 0.980556 0.840625 0.980556 0.840625 0.969444 0.842188 0.966667 0.842188 0.958333 0.848437 0.947222 0.85 0.947222 0.851562 0.944444 0.857813 0.944444 0.857813 0.927778 0.851562 0.927778 0.848437 0.922222 0.846875 0.922222 0.84375 0.916667 0.84375 0.908333 0.842188 0.905556 0.842188 0.827778 0.84375 0.825 0.84375 0.705556 0.845312 0.702778 0.845312 0.591667 0.846875 0.588889 0.846875 0.508333 0.845312 0.505556 0.845312 0.480556 0.846875 0.477778 0.846875 0.411111 0.845312 0.408333 0.845312 0.344444 0.846875 0.341667 0.846875 0.286111 0.845312 0.283333 0.845312 0.277778 0.846875 0.275 0.846875 0.266667 0.845312 0.263889 0.845312 0.255556 0.846875 0.252778 0.846875 0.247222 0.845312 0.244444 0.845312 0.213889 0.846875 0.211111 0.846875 0.177778 0.845312 0.175 0.845312 0.075 0.846875 0.0722222 0.846875 0.0666667 0.85 0.0611111 0.857813 0.0611111 0.857813 0.0416667 0.853125 0.0416667 0.84375 0.025 0.84375 0.0222222 0.842188 0.0194444 0.842188 0.0166667 0.840625 0.0138889 0.840625 0.00555556 0.8375 0.00555556 0.8375 0.0138889 0.834375 0.0194444 0.834375 0.0222222 0.829687 0.0305556 0.828125 0.0305556 0.826563 0.0333333 0.81875 0.0333333 0.817187 0.0361111 0.767187 0.0361111 0.765625 0.0333333 0.760938 0.0333333 0.759375 0.0361111 0.757812 0.0361111 0.75625 0.0333333 0.590625 0.0333333 0.589063 0.0305556 0.576563 0.0305556 0.575 0.0333333 0.5625 0.0333333 0.560938 0.0305556 0.5375 0.0305556 0.535937 0.0333333 0.496875 0.0333333 0.495313 0.0305556 0.465625 0.0305556 0.464063 0.0333333 0.45 0.0333333 0.448438 0.0305556 0.429688 0.0305556 0.428125 0.0277778 0.314063 0.0277778 0.3125 0.025 0.28125 0.025 0.279687 0.0277778 0.276563 0.0277778 0.275 0.025 0.267188 0.025 0.265625 0.0277778 0.260938 0.0277778 0.259375 0.025 0.217187 0.025 0.215625 0.0277778 0.185937 0.0277778 0.184375 0.025 0.182812 0.025 0.18125 0.0277778 0.176563 0.0277778 0.175 0.025 0.173438 0.025 0.171875 0.0222222 0.170312 0.0222222 0.16875 0.0194444 0.167187 0.0194444 0.165625 0.0166667 0.165625 0.00555556
5 0.596875 0.883333 0.596875 0.925 0.620313 0.925 0.620313 0.897222 0.615625 0.897222 0.6125 0.891667 0.6125 0.883333
2 0.492188 0.394444 0.492188 0.413889 0.490625 0.416667 0.490625 0.441667 0.489062 0.444444 0.489062 0.447222 0.4875 0.45 0.485938 0.45 0.484375 0.452778 0.460938 0.452778 0.459375 0.455556 0.453125 0.455556 0.453125 0.475 0.460938 0.475 0.4625 0.477778 0.485938 0.477778 0.4875 0.480556 0.489062 0.480556 0.490625 0.483333 0.490625 0.536111 0.503125 0.536111 0.503125 0.488889 0.504687 0.486111 0.504687 0.483333 0.50625 0.480556 0.507812 0.480556 0.509375 0.477778 0.515625 0.477778 0.517187 0.480556 0.520312 0.480556 0.521875 0.483333 0.539062 0.483333 0.539062 0.455556 0.532812 0.455556 0.53125 0.452778 0.509375 0.452778 0.50625 0.447222 0.50625 0.394444
5 0.678125 0.861111 0.678125 0.902778 0.701563 0.902778 0.701563 0.861111
5 0.321875 0.25 0.321875 0.280556 0.339063 0.280556 0.339063 0.25
5 0.796875 0.183333 0.796875 0.213889 0.820312 0.213889 0.820312 0.183333
5 0.378125 0.883333 0.378125 0.925 0.395312 0.925 0.395312 0.916667 0.396875 0.913889 0.401563 0.913889 0.401563 0.883333
5 0.721875 0.472222 0.721875 0.513889 0.739062 0.513889 0.739062 0.472222
5 0.565625 0.894444 0.565625 0.936111 0.589063 0.936111 0.589063 0.894444
5 0.509375 0.0722222 0.509375 0.113889 0.523438 0.113889 0.523438 0.105556 0.525 0.102778 0.525 0.1 0.526563 0.0972222 0.532812 0.0972222 0.532812 0.0722222
5 0.584375 0.05 0.584375 0.0916667 0.607813 0.0916667 0.607813 0.05
5 0.440625 0.761111 0.440625 0.802778 0.457812 0.802778 0.457812 0.761111
5 0.739062 0.836111 0.734375 0.836111 0.734375 0.838889 0.739062 0.838889 0.739062 0.836111 0.74375 0.825 0.745313 0.825 0.746875 0.827778 0.757812 0.827778 0.757812 0.816667 0.74375 0.816667 0.74375 0.825
5 0.620313 0.0944444 0.620313 0.102778 0.617188 0.108333 0.609375 0.108333 0.609375 0.136111 0.632812 0.136111 0.632812 0.0944444
5 0.521875 0.894444 0.521875 0.936111 0.545313 0.936111 0.545313 0.894444
