1 0.151562 0.00555556 0.151562 0.0194444 0.145313 0.0305556 0.14375 0.0305556 0.140625 0.0361111 0.139062 0.0361111 0.139062 0.0388889 0.140625 0.0388889 0.145313 0.0472222 0.145313 0.05 0.15 0.0583333 0.15 0.136111 0.148438 0.138889 0.148438 0.155556 0.146875 0.158333 0.146875 0.175 0.145313 0.177778 0.145313 0.2 0.14375 0.202778 0.14375 0.338889 0.142188 0.341667 0.142188 0.369444 0.140625 0.372222 0.140625 0.388889 0.139062 0.391667 0.139062 0.452778 0.1375 0.455556 0.1375 0.461111 0.139062 0.463889 0.139062 0.491667 0.1375 0.494444 0.1375 0.641667 0.135937 0.644444 0.135937 0.725 0.134375 0.727778 0.134375 0.786111 0.132812 0.788889 0.132812 0.847222 0.13125 0.85 0.13125 0.922222 0.129688 0.925 0.129688 0.927778 0.126563 0.933333 0.125 0.933333 0.123438 0.936111 0.115625 0.936111 0.115625 0.952778 0.123438 0.952778 0.125 0.955556 0.126563 0.955556 0.13125 0.963889 0.13125 0.966667 0.132812 0.969444 0.132812 0.975 0.134375 0.977778 0.135937 0.977778 0.139062 0.983333 0.139062 0.991667 0.139062 0.980556 0.148438 0.963889 0.151562 0.963889 0.153125 0.961111 0.15625 0.961111 0.157813 0.958333 0.160938 0.958333 0.1625 0.955556 0.242188 0.955556 0.24375 0.952778 0.254687 0.952778 0.25625 0.955556 0.2625 0.955556 0.264062 0.952778 0.265625 0.952778 0.267188 0.955556 0.357812 0.955556 0.359375 0.958333 0.36875 0.958333 0.370313 0.961111 0.390625 0.961111 0.392188 0.958333 0.426562 0.958333 0.428125 0.955556 0.45 0.955556 0.451562 0.952778 0.6 0.952778 0.601562 0.955556 0.609375 0.955556 0.610937 0.952778 0.764063 0.952778 0.765625 0.95 0.801562 0.95 0.803125 0.952778 0.814062 0.952778 0.815625 0.955556 0.81875 0.955556 0.820312 0.958333 0.821875 0.958333 0.823438 0.961111 0.825 0.961111 0.83125 0.972222 0.835938 0.972222 0.8375 0.975 0.839063 0.975 0.840625 0.972222 0.840625 0.969444 0.842188 0.966667 0.842188 0.958333 0.851562 0.941667 0.857813 0.941667 0.857813 0.927778 0.853125 0.927778 0.851562 0.925 0.848437 0.925 0.84375 0.916667 0.84375 0.911111 0.842188 0.908333 0.842188 0.772222 0.84375 0.769444 0.84375 0.733333 0.845312 0.730556 0.845312 0.705556 0.846875 0.702778 0.846875 0.505556 0.845312 0.502778 0.846875 0.5 0.846875 0.422222 0.845312 0.419444 0.845312 0.241667 0.84375 0.238889 0.84375 0.102778 0.845312 0.1 0.845312 0.0722222 0.846875 0.0694444 0.846875 0.0666667 0.851562 0.0583333 0.857813 0.0583333 0.857813 0.0388889 0.851562 0.0388889 0.842188 0.0222222 0.842188 0.0194444 0.840625 0.0166667 0.840625 0.00555556 0.8375 0.00555556 0.8375 0.0138889 0.828125 0.0305556 0.826563 0.0305556 0.825 0.0333333 0.817187 0.0333333 0.815625 0.0361111 0.76875 0.0361111 0.767187 0.0333333 0.498437 0.0333333 0.496875 0.0305556 0.457812 0.0305556 0.45625 0.0333333 0.445312 0.0333333 0.44375 0.0305556 0.429688 0.0305556 0.428125 0.0277778 0.378125 0.0277778 0.376563 0.0305556 0.375 0.0277778 0.310937 0.0277778 0.309375 0.025 0.30625 0.025 0.304688 0.0277778 0.301562 0.0277778 0.3 0.025 0.290625 0.025 0.289062 0.0277778 0.273438 0.0277778 0.271875 0.025 0.220313 0.025 0.21875 0.0277778 0.179688 0.0277778 0.178125 0.0305556 0.176563 0.0277778 0.175 0.0277778 0.173438 0.025 0.171875 0.025 0.170312 0.0222222 0.16875 0.0222222 0.165625 0.0166667 0.165625 0.00555556
2 0.490625 0.394444 0.490625 0.436111 0.489062 0.438889 0.489062 0.444444 0.484375 0.452778 0.4625 0.452778 0.460938 0.455556 0.453125 0.455556 0.453125 0.475 0.464063 0.475 0.465625 0.477778 0.478125 0.477778 0.479688 0.480556 0.482812 0.480556 0.484375 0.483333 0.485938 0.483333 0.489062 0.488889 0.489062 0.491667 0.490625 0.494444 0.490625 0.519444 0.489062 0.522222 0.489062 0.530556 0.490625 0.533333 0.490625 0.547222 0.501562 0.547222 0.501562 0.533333 0.503125 0.530556 0.503125 0.491667 0.504687 0.488889 0.504687 0.486111 0.509375 0.477778 0.514063 0.477778 0.515625 0.480556 0.51875 0.480556 0.520312 0.483333 0.539062 0.483333 0.539062 0.455556 0.53125 0.455556 0.529688 0.452778 0.509375 0.452778 0.50625 0.447222 0.50625 0.408333 0.504687 0.405556 0.504687 0.394444
5 0.446875 0.694444 0.446875 0.736111 0.464063 0.736111 0.464063 0.694444
5 0.809375 0.616667 0.809375 0.658333 0.832812 0.658333 0.832812 0.616667
5 0.340625 0.85 0.340625 0.891667 0.364062 0.891667 0.364062 0.85
5 0.234375 0.716667 0.234375 0.747222 0.257812 0.747222 0.257812 0.716667
5 0.165625 0.161111 0.165625 0.191667 0.189063 0.191667 0.189063 0.161111
5 0.159375 0.194444 0.159375 0.236111 0.182812 0.236111 0.182812 0.194444
5 0.390625 0.505556 0.390625 0.536111 0.414062 0.536111 0.414062 0.505556
5 0.665625 0.0722222 0.665625 0.102778 0.689062 0.102778 0.689062 0.0722222
5 0.465625 0.483333 0.465625 0.513889 0.482812 0.513889 0.482812 0.483333
5 0.415625 0.0833333 0.415625 0.113889 0.432813 0.113889 0.432813 0.0833333
5 0.259375 0.394444 0.259375 0.419444 0.264062 0.419444 0.267188 0.425 0.267188 0.436111 0.282813 0.436111 0.282813 0.394444
5 0.440625 0.283333 0.440625 0.325 0.457812 0.325 0.457812 0.283333
5 0.671875 0.116667 0.671875 0.147222 0.695312 0.147222 0.695312 0.116667
