1 0.154687 0 0.154687 0.00277778 0.153125 0.00555556 0.153125 0.0138889 0.151562 0.0166667 0.151562 0.0194444 0.145313 0.0305556 0.14375 0.0305556 0.140625 0.0361111 0.139062 0.0361111 0.139062 0.0388889 0.140625 0.0388889 0.14375 0.0444444 0.14375 0.0472222 0.15 0.0583333 0.15 0.130556 0.148438 0.133333 0.148438 0.155556 0.146875 0.158333 0.146875 0.177778 0.145313 0.180556 0.145313 0.216667 0.14375 0.219444 0.14375 0.336111 0.142188 0.338889 0.142188 0.366667 0.140625 0.369444 0.140625 0.388889 0.139062 0.391667 0.139062 0.444444 0.1375 0.447222 0.1375 0.458333 0.139062 0.461111 0.139062 0.497222 0.1375 0.5 0.1375 0.644444 0.135937 0.647222 0.135937 0.733333 0.134375 0.736111 0.134375 0.777778 0.132812 0.780556 0.132812 0.833333 0.13125 0.836111 0.13125 0.922222 0.129688 0.925 0.129688 0.927778 0.126563 0.933333 0.121875 0.933333 0.121875 0.955556 0.126563 0.955556 0.13125 0.963889 0.13125 0.966667 0.132812 0.969444 0.132812 0.972222 0.134375 0.975 0.134375 0.977778 0.135937 0.977778 0.1375 0.980556 0.139062 0.980556 0.148438 0.963889 0.15 0.963889 0.151562 0.961111 0.15625 0.961111 0.157813 0.958333 0.1625 0.958333 0.164062 0.955556 0.242188 0.955556 0.24375 0.952778 0.345313 0.952778 0.346875 0.955556 0.3625 0.955556 0.364062 0.958333 0.428125 0.958333 0.429688 0.955556 0.446875 0.955556 0.448438 0.952778 0.515625 0.952778 0.517187 0.955556 0.551562 0.955556 0.553125 0.952778 0.6 0.952778 0.601562 0.955556 0.609375 0.955556 0.610937 0.952778 0.767187 0.952778 0.76875 0.95 0.803125 0.95 0.804688 0.952778 0.815625 0.952778 0.817187 0.955556 0.820312 0.955556 0.821875 0.958333 0.823438 0.958333 0.826563 0.963889 0.828125 0.963889 0.832812 0.972222 0.835938 0.972222 0.8375 0.975 0.840625 0.975 0.840625 0.972222 0.842188 0.969444 0.842188 0.963889 0.84375 0.961111 0.84375 0.958333 0.845312 0.955556 0.845312 0.952778 0.848437 0.947222 0.85 0.947222 0.853125 0.941667 0.857813 0.941667 0.857813 0.925 0.85 0.925 0.848437 0.922222 0.846875 0.922222 0.84375 0.916667 0.84375 0.844444 0.842188 0.841667 0.842188 0.766667 0.84375 0.763889 0.84375 0.708333 0.845312 0.705556 0.845312 0.608333 0.846875 0.605556 0.846875 0.516667 0.845312 0.513889 0.845312 0.461111 0.846875 0.458333 0.846875 0.422222 0.845312 0.419444 0.845312 0.238889 0.84375 0.236111 0.84375 0.0972222 0.845312 0.0944444 0.845312 0.0722222 0.846875 0.0694444 0.846875 0.0666667 0.851562 0.0583333 0.857813 0.0583333 0.857813 0.0388889 0.853125 0.0388889 0.851562 0.0361111 0.85 0.0361111 0.845312 0.0277778 0.845312 0.025 0.842188 0.0194444 0.842188 0.0166667 0.840625 0.0138889 0.840625 0 0.839063 0 0.839063 0.00555556 0.835938 0.0111111 0.835938 0.0138889 0.83125 0.0222222 0.83125 0.025 0.829687 0.0277778 0.828125 0.0277778 0.826563 0.0305556 0.825 0.0305556 0.823438 0.0333333 0.817187 0.0333333 0.815625 0.0361111 0.773438 0.0361111 0.771875 0.0333333 0.642187 0.0333333 0.640625 0.0305556 0.639063 0.0305556 0.6375 0.0333333 0.626562 0.0333333 0.625 0.0305556 0.604688 0.0305556 0.603125 0.0333333 0.492188 0.0333333 0.490625 0.0305556 0.4875 0.0305556 0.485938 0.0333333 0.439063 0.0333333 0.4375 0.0305556 0.360938 0.0305556 0.359375 0.0277778 0.340625 0.0277778 0.339063 0.0305556 0.3375 0.0277778 0.179688 0.0277778 0.178125 0.0305556 0.176563 0.0305556 0.173438 0.025 0.171875 0.025 0.170312 0.0222222 0.16875 0.0222222 0.165625 0.0166667 0.165625 0.00833333 0.164062 0.00555556 0.164062 0
2 0.490625 0.394444 0.490625 0.425 0.489062 0.427778 0.489062 0.447222 0.4875 0.45 0.485938 0.45 0.484375 0.452778 0.460938 0.452778 0.459375 0.455556 0.453125 0.455556 0.453125 0.475 0.457812 0.475 0.459375 0.477778 0.470313 0.477778 0.471875 0.480556 0.478125 0.480556 0.479688 0.477778 0.484375 0.477778 0.485938 0.480556 0.4875 0.480556 0.489062 0.483333 0.489062 0.486111 0.490625 0.488889 0.490625 0.547222 0.5 0.547222 0.5 0.538889 0.501562 0.536111 0.501562 0.533333 0.503125 0.530556 0.503125 0.488889 0.504687 0.486111 0.504687 0.483333 0.507812 0.477778 0.514063 0.477778 0.515625 0.480556 0.51875 0.480556 0.520312 0.483333 0.539062 0.483333 0.539062 0.455556 0.53125 0.455556 0.529688 0.452778 0.509375 0.452778 0.50625 0.447222 0.50625 0.427778 0.504687 0.425 0.504687 0.394444
5 0.153125 0.572222 0.153125 0.613889 0.170312 0.613889 0.170312 0.572222
5 0.378125 0.894444 0.378125 0.911111 0.382812 0.911111 0.384375 0.913889 0.3875 0.913889 0.389062 0.916667 0.389062 0.936111 0.390625 0.936111 0.390625 0.922222 0.39375 0.916667 0.401563 0.916667 0.401563 0.894444
5 0.359375 0.772222 0.359375 0.813889 0.376563 0.813889 0.376563 0.772222
5 0.478125 0.861111 0.478125 0.902778 0.49375 0.902778 0.49375 0.894444 0.496875 0.888889 0.501562 0.888889 0.501562 0.875 0.495313 0.875 0.49375 0.872222 0.49375 0.861111
5 0.159375 0.694444 0.159375 0.725 0.182812 0.725 0.182812 0.694444
5 0.790625 0.872222 0.790625 0.902778 0.814062 0.902778 0.814062 0.872222
5 0.228125 0.661111 0.228125 0.702778 0.251563 0.702778 0.251563 0.661111
5 0.278125 0.594444 0.278125 0.636111 0.29375 0.636111 0.29375 0.625 0.295312 0.622222 0.301562 0.622222 0.301562 0.594444
5 0.521875 0.558333 0.521875 0.580556 0.545313 0.580556 0.545313 0.558333 0.5375 0.558333 0.534375 0.563889 0.532812 0.563889 0.53125 0.561111 0.53125 0.558333
5 0.617188 0.05 0.617188 0.0611111 0.614062 0.0666667 0.609375 0.0666667 0.609375 0.0916667 0.632812 0.0916667 0.632812 0.05
5 0.234375 0.394444 0.234375 0.425 0.257812 0.425 0.257812 0.394444
5 0.259375 0.361111 0.259375 0.402778 0.282813 0.402778 0.282813 0.361111
5 0.240625 0.438889 0.240625 0.447222 0.239063 0.45 0.234375 0.45 0.234375 0.480556 0.251563 0.480556 0.251563 0.438889
