1 0.151562 0.00555556 0.151562 0.0194444 0.14375 0.0333333 0.142188 0.0333333 0.140625 0.0361111 0.140625 0.0388889 0.148438 0.0527778 0.148438 0.0555556 0.15 0.0583333 0.15 0.127778 0.148438 0.130556 0.148438 0.152778 0.146875 0.155556 0.146875 0.183333 0.145313 0.186111 0.145313 0.238889 0.14375 0.241667 0.14375 0.336111 0.142188 0.338889 0.142188 0.366667 0.140625 0.369444 0.140625 0.388889 0.139062 0.391667 0.139062 0.444444 0.1375 0.447222 0.1375 0.461111 0.139062 0.463889 0.139062 0.480556 0.1375 0.483333 0.139062 0.486111 0.139062 0.491667 0.1375 0.494444 0.1375 0.630556 0.135937 0.633333 0.135937 0.727778 0.134375 0.730556 0.134375 0.777778 0.132812 0.780556 0.132812 0.841667 0.13125 0.844444 0.13125 0.919444 0.129688 0.922222 0.129688 0.927778 0.126563 0.933333 0.125 0.933333 0.123438 0.936111 0.115625 0.936111 0.115625 0.952778 0.123438 0.952778 0.125 0.955556 0.126563 0.955556 0.13125 0.963889 0.13125 0.966667 0.132812 0.969444 0.132812 0.980556 0.14375 0.980556 0.14375 0.972222 0.148438 0.963889 0.151562 0.963889 0.153125 0.961111 0.15625 0.961111 0.157813 0.958333 0.160938 0.958333 0.1625 0.955556 0.189063 0.955556 0.190625 0.952778 0.192188 0.955556 0.3625 0.955556 0.364062 0.958333 0.375 0.958333 0.376563 0.955556 0.38125 0.955556 0.382812 0.958333 0.39375 0.958333 0.395312 0.955556 0.409375 0.955556 0.410937 0.958333 0.425 0.958333 0.426562 0.955556 0.45 0.955556 0.451562 0.952778 0.45625 0.952778 0.457812 0.955556 0.459375 0.955556 0.460938 0.952778 0.58125 0.952778 0.582812 0.955556 0.584375 0.952778 0.598437 0.952778 0.6 0.955556 0.609375 0.955556 0.610937 0.952778 0.785937 0.952778 0.7875 0.95 0.790625 0.95 0.792188 0.952778 0.8125 0.952778 0.814062 0.955556 0.817187 0.955556 0.81875 0.958333 0.820312 0.958333 0.821875 0.961111 0.825 0.961111 0.829687 0.969444 0.829687 0.980556 0.842188 0.980556 0.842188 0.961111 0.84375 0.958333 0.84375 0.955556 0.851562 0.941667 0.857813 0.941667 0.857813 0.927778 0.853125 0.927778 0.851562 0.925 0.85 0.925 0.848437 0.922222 0.846875 0.922222 0.84375 0.916667 0.84375 0.702778 0.845312 0.7 0.845312 0.611111 0.846875 0.608333 0.846875 0.516667 0.845312 0.513889 0.845312 0.472222 0.846875 0.469444 0.846875 0.422222 0.845312 0.419444 0.845312 0.238889 0.84375 0.236111 0.84375 0.211111 0.845312 0.208333 0.845312 0.2 0.84375 0.197222 0.84375 0.163889 0.845312 0.161111 0.845312 0.158333 0.84375 0.155556 0.84375 0.1 0.845312 0.0972222 0.845312 0.0722222 0.846875 0.0694444 0.846875 0.0666667 0.851562 0.0583333 0.857813 0.0583333 0.857813 0.0416667 0.853125 0.0416667 0.84375 0.025 0.84375 0.0222222 0.842188 0.0194444 0.842188 0.0166667 0.840625 0.0138889 0.840625 0.00555556 0.834375 0.00555556 0.834375 0.0166667 0.826563 0.0305556 0.825 0.0305556 0.823438 0.0333333 0.815625 0.0333333 0.814062 0.0361111 0.804688 0.0361111 0.803125 0.0333333 0.801562 0.0361111 0.773438 0.0361111 0.771875 0.0333333 0.621875 0.0333333 0.620313 0.0305556 0.604688 0.0305556 0.603125 0.0333333 0.435937 0.0333333 0.434375 0.0305556 0.348437 0.0305556 0.346875 0.0277778 0.34375 0.0277778 0.342187 0.0305556 0.339063 0.0305556 0.3375 0.0277778 0.2625 0.0277778 0.260938 0.025 0.254687 0.025 0.253125 0.0277778 0.251563 0.0277778 0.25 0.025 0.242188 0.025 0.240625 0.0277778 0.239063 0.0277778 0.2375 0.025 0.21875 0.025 0.217187 0.0277778 0.182812 0.0277778 0.18125 0.0305556 0.176563 0.0305556 0.175 0.0277778 0.173438 0.0277778 0.170312 0.0222222 0.16875 0.0222222 0.165625 0.0166667 0.165625 0.00555556
5 0.615625 0.761111 0.615625 0.788889 0.621875 0.788889 0.623438 0.791667 0.623438 0.802778 0.639063 0.802778 0.639063 0.761111
5 0.396875 0.872222 0.396875 0.913889 0.420312 0.913889 0.420312 0.888889 0.414062 0.888889 0.410937 0.883333 0.410937 0.872222
5 0.234375 0.472222 0.234375 0.513889 0.248437 0.513889 0.248437 0.502778 0.253125 0.494444 0.257812 0.494444 0.257812 0.483333 0.253125 0.483333 0.251563 0.480556 0.251563 0.472222
2 0.490625 0.394444 0.490625 0.422222 0.489062 0.425 0.489062 0.447222 0.4875 0.45 0.485938 0.45 0.484375 0.452778 0.4625 0.452778 0.460938 0.455556 0.453125 0.455556 0.453125 0.477778 0.485938 0.477778 0.490625 0.486111 0.490625 0.536111 0.504687 0.536111 0.504687 0.525 0.503125 0.522222 0.503125 0.488889 0.509375 0.477778 0.515625 0.477778 0.517187 0.480556 0.520312 0.480556 0.521875 0.483333 0.539062 0.483333 0.539062 0.455556 0.53125 0.455556 0.529688 0.452778 0.509375 0.452778 0.50625 0.447222 0.50625 0.419444 0.504687 0.416667 0.504687 0.394444
5 0.190625 0.505556 0.190625 0.547222 0.214062 0.547222 0.214062 0.505556
5 0.259375 0.572222 0.259375 0.602778 0.276563 0.602778 0.276563 0.572222
5 0.796875 0.85 0.796875 0.891667 0.820312 0.891667 0.820312 0.85
5 0.471875 0.494444 0.471875 0.525 0.489062 0.525 0.489062 0.494444
5 0.534375 0.538889 0.534375 0.55 0.53125 0.555556 0.529688 0.555556 0.528125 0.558333 0.521875 0.558333 0.521875 0.580556 0.545313 0.580556 0.545313 0.558333 0.540625 0.558333 0.539062 0.555556 0.535937 0.555556 0.534375 0.552778
5 0.559375 0.261111 0.559375 0.302778 0.582812 0.302778 0.582812 0.261111
5 0.228125 0.527778 0.228125 0.558333 0.251563 0.558333 0.251563 0.527778
5 0.615625 0.05 0.615625 0.0916667 0.632812 0.0916667 0.632812 0.05
5 0.553125 0.716667 0.553125 0.747222 0.576563 0.747222 0.576563 0.716667
5 0.596875 0.761111 0.596875 0.802778 0.620313 0.802778 0.620313 0.777778 0.614062 0.777778 0.610937 0.772222 0.610937 0.761111
