1 0.154687 0.00555556 0.154687 0.0138889 0.153125 0.0166667 0.153125 0.0194444 0.145313 0.0333333 0.14375 0.0333333 0.142188 0.0361111 0.142188 0.0388889 0.14375 0.0416667 0.14375 0.0444444 0.148438 0.0527778 0.148438 0.0555556 0.15 0.0583333 0.15 0.0694444 0.151562 0.0722222 0.151562 0.0944444 0.15 0.0972222 0.15 0.130556 0.148438 0.133333 0.148438 0.161111 0.146875 0.163889 0.146875 0.183333 0.145313 0.186111 0.145313 0.222222 0.14375 0.225 0.14375 0.347222 0.142188 0.35 0.142188 0.375 0.140625 0.377778 0.140625 0.405556 0.139062 0.408333 0.139062 0.455556 0.1375 0.458333 0.1375 0.461111 0.139062 0.463889 0.139062 0.494444 0.1375 0.497222 0.1375 0.644444 0.135937 0.647222 0.135937 0.730556 0.134375 0.733333 0.134375 0.791667 0.132812 0.794444 0.132812 0.830556 0.13125 0.833333 0.13125 0.916667 0.129688 0.919444 0.129688 0.927778 0.128125 0.930556 0.126563 0.930556 0.125 0.933333 0.123438 0.933333 0.121875 0.936111 0.115625 0.936111 0.115625 0.952778 0.123438 0.952778 0.125 0.955556 0.126563 0.955556 0.13125 0.963889 0.13125 0.966667 0.132812 0.969444 0.132812 0.972222 0.135937 0.977778 0.1375 0.977778 0.139062 0.980556 0.15 0.961111 0.154687 0.961111 0.15625 0.958333 0.160938 0.958333 0.1625 0.955556 0.190625 0.955556 0.192188 0.952778 0.307813 0.952778 0.309375 0.955556 0.321875 0.955556 0.323438 0.952778 0.34375 0.952778 0.345313 0.955556 0.365625 0.955556 0.367188 0.958333 0.392188 0.958333 0.39375 0.955556 0.442187 0.955556 0.44375 0.952778 0.598437 0.952778 0.6 0.955556 0.609375 0.955556 0.610937 0.952778 0.773438 0.952778 0.775 0.95 0.795313 0.95 0.796875 0.952778 0.8125 0.952778 0.814062 0.955556 0.817187 0.955556 0.81875 0.958333 0.820312 0.958333 0.821875 0.961111 0.825 0.961111 0.83125 0.972222 0.835938 0.972222 0.8375 0.975 0.839063 0.975 0.842188 0.969444 0.842188 0.961111 0.85 0.947222 0.851562 0.947222 0.853125 0.944444 0.857813 0.944444 0.857813 0.927778 0.851562 0.927778 0.848437 0.922222 0.846875 0.922222 0.845312 0.919444 0.845312 0.916667 0.84375 0.913889 0.84375 0.713889 0.845312 0.711111 0.845312 0.611111 0.846875 0.608333 0.846875 0.513889 0.845312 0.511111 0.845312 0.472222 0.846875 0.469444 0.846875 0.422222 0.845312 0.419444 0.845312 0.136111 0.84375 0.133333 0.84375 0.119444 0.845312 0.116667 0.845312 0.111111 0.84375 0.108333 0.84375 0.105556 0.845312 0.102778 0.845312 0.075 0.846875 0.0722222 0.846875 0.0694444 0.848437 0.0666667 0.848437 0.0638889 0.851562 0.0583333 0.857813 0.0583333 0.857813 0.0388889 0.851562 0.0388889 0.84375 0.025 0.84375 0.0222222 0.842188 0.0194444 0.842188 0.0166667 0.840625 0.0138889 0.840625 0.00555556 0.835938 0.00555556 0.835938 0.0138889 0.834375 0.0166667 0.834375 0.0194444 0.828125 0.0305556 0.826563 0.0305556 0.825 0.0333333 0.815625 0.0333333 0.814062 0.0361111 0.771875 0.0361111 0.770312 0.0333333 0.4375 0.0333333 0.435937 0.0305556 0.3875 0.0305556 0.385938 0.0277778 0.364062 0.0277778 0.3625 0.025 0.292188 0.025 0.290625 0.0277778 0.19375 0.0277778 0.192188 0.0305556 0.176563 0.0305556 0.175 0.0277778 0.173438 0.0277778 0.171875 0.025 0.16875 0.025 0.1625 0.0138889 0.1625 0.00555556
5 0.153125 0.827778 0.153125 0.869444 0.170312 0.869444 0.170312 0.827778
2 0.492188 0.394444 0.492188 0.411111 0.490625 0.413889 0.490625 0.438889 0.489062 0.441667 0.489062 0.447222 0.4875 0.45 0.485938 0.45 0.484375 0.452778 0.4625 0.452778 0.460938 0.455556 0.453125 0.455556 0.453125 0.475 0.460938 0.475 0.4625 0.477778 0.485938 0.477778 0.490625 0.486111 0.490625 0.519444 0.489062 0.522222 0.489062 0.527778 0.490625 0.530556 0.490625 0.533333 0.492188 0.536111 0.492188 0.547222 0.498437 0.547222 0.498437 0.538889 0.503125 0.530556 0.503125 0.488889 0.504687 0.486111 0.504687 0.483333 0.50625 0.480556 0.507812 0.480556 0.509375 0.477778 0.515625 0.477778 0.517187 0.480556 0.520312 0.480556 0.521875 0.483333 0.539062 0.483333 0.539062 0.455556 0.53125 0.455556 0.529688 0.452778 0.509375 0.452778 0.50625 0.447222 0.50625 0.408333 0.504687 0.405556 0.504687 0.394444
5 0.459375 0.494444 0.459375 0.525 0.476562 0.525 0.476562 0.494444
5 0.309375 0.0944444 0.309375 0.125 0.332812 0.125 0.332812 0.108333 0.328125 0.108333 0.325 0.102778 0.325 0.0944444
5 0.659375 0.883333 0.659375 0.925 0.676562 0.925 0.676562 0.883333
5 0.159375 0.0833333 0.159375 0.111111 0.165625 0.111111 0.167187 0.113889 0.167187 0.125 0.182812 0.125 0.182812 0.0833333
5 0.328125 0.227778 0.328125 0.258333 0.351562 0.258333 0.351562 0.227778
5 0.365625 0.305556 0.365625 0.330556 0.370313 0.330556 0.371875 0.333333 0.373437 0.333333 0.375 0.336111 0.375 0.347222 0.389062 0.347222 0.389062 0.305556
5 0.784375 0.827778 0.784375 0.869444 0.807813 0.869444 0.807813 0.827778
5 0.515625 0.0722222 0.515625 0.102778 0.539062 0.102778 0.539062 0.0722222
5 0.153125 0.883333 0.153125 0.911111 0.159375 0.911111 0.160938 0.908333 0.164062 0.908333 0.165625 0.905556 0.16875 0.905556 0.170312 0.902778 0.176563 0.902778 0.176563 0.894444 0.171875 0.894444 0.170312 0.891667 0.170312 0.883333
5 0.403125 0.227778 0.403125 0.258333 0.426562 0.258333 0.426562 0.227778
5 0.234375 0.138889 0.234375 0.169444 0.239063 0.169444 0.240625 0.172222 0.240625 0.180556 0.257812 0.180556 0.257812 0.138889
5 0.215625 0.172222 0.215625 0.202778 0.239063 0.202778 0.239063 0.172222
