1 0.154687 0 0.154687 0.00555556 0.153125 0.00833333 0.153125 0.0138889 0.151562 0.0166667 0.151562 0.0194444 0.145313 0.0305556 0.14375 0.0305556 0.140625 0.0361111 0.140625 0.0388889 0.148438 0.0527778 0.148438 0.0555556 0.15 0.0583333 0.15 0.130556 0.148438 0.133333 0.148438 0.155556 0.146875 0.158333 0.146875 0.186111 0.145313 0.188889 0.145313 0.236111 0.14375 0.238889 0.14375 0.344444 0.142188 0.347222 0.142188 0.372222 0.140625 0.375 0.140625 0.405556 0.139062 0.408333 0.139062 0.5 0.1375 0.502778 0.1375 0.636111 0.135937 0.638889 0.135937 0.725 0.134375 0.727778 0.134375 0.783333 0.132812 0.786111 0.132812 0.872222 0.13125 0.875 0.13125 0.922222 0.129688 0.925 0.129688 0.927778 0.126563 0.933333 0.125 0.933333 0.123438 0.936111 0.115625 0.936111 0.115625 0.952778 0.121875 0.952778 0.123438 0.955556 0.125 0.955556 0.126563 0.958333 0.128125 0.958333 0.129688 0.961111 0.129688 0.963889 0.13125 0.966667 0.13125 0.969444 0.132812 0.972222 0.132812 0.975 0.134375 0.977778 0.1375 0.977778 0.139062 0.980556 0.148438 0.963889 0.15 0.963889 0.151562 0.961111 0.154687 0.961111 0.15625 0.958333 0.160938 0.958333 0.1625 0.955556 0.185937 0.955556 0.1875 0.952778 0.20625 0.952778 0.207813 0.955556 0.284375 0.955556 0.285937 0.952778 0.303125 0.952778 0.304688 0.955556 0.325 0.955556 0.326562 0.952778 0.329688 0.952778 0.33125 0.955556 0.335938 0.955556 0.3375 0.952778 0.340625 0.952778 0.342187 0.955556 0.360938 0.955556 0.3625 0.958333 0.370313 0.958333 0.371875 0.961111 0.373437 0.958333 0.428125 0.958333 0.429688 0.955556 0.448438 0.955556 0.45 0.952778 0.596875 0.952778 0.598437 0.955556 0.609375 0.955556 0.610937 0.952778 0.76875 0.952778 0.770312 0.95 0.796875 0.95 0.798437 0.952778 0.814062 0.952778 0.815625 0.955556 0.81875 0.955556 0.820312 0.958333 0.821875 0.958333 0.823438 0.961111 0.825 0.961111 0.83125 0.972222 0.835938 0.972222 0.8375 0.975 0.839063 0.975 0.840625 0.972222 0.840625 0.969444 0.842188 0.966667 0.842188 0.958333 0.848437 0.947222 0.85 0.947222 0.851562 0.944444 0.857813 0.944444 0.857813 0.927778 0.853125 0.927778 0.851562 0.925 0.85 0.925 0.848437 0.922222 0.846875 0.922222 0.84375 0.916667 0.84375 0.911111 0.842188 0.908333 0.842188 0.847222 0.84375 0.844444 0.84375 0.813889 0.845312 0.811111 0.845312 0.755556 0.846875 0.752778 0.846875 0.247222 0.845312 0.244444 0.845312 0.197222 0.846875 0.194444 0.846875 0.158333 0.845312 0.155556 0.845312 0.0805556 0.846875 0.0777778 0.846875 0.0694444 0.853125 0.0583333 0.857813 0.0583333 0.857813 0.0388889 0.851562 0.0388889 0.84375 0.025 0.84375 0.0222222 0.840625 0.0166667 0.840625 0.0111111 0.839063 0.00833333 0.839063 0.0138889 0.835938 0.0194444 0.834375 0.0194444 0.834375 0.0222222 0.829687 0.0305556 0.828125 0.0305556 0.826563 0.0333333 0.821875 0.0333333 0.820312 0.0361111 0.770312 0.0361111 0.76875 0.0333333 0.642187 0.0333333 0.640625 0.0305556 0.6125 0.0305556 0.610937 0.0333333 0.590625 0.0333333 0.589063 0.0305556 0.571875 0.0305556 0.570312 0.0333333 0.521875 0.0333333 0.520312 0.0305556 0.471875 0.0305556 0.470313 0.0333333 0.440625 0.0333333 0.439063 0.0305556 0.403125 0.0305556 0.401563 0.0277778 0.310937 0.0277778 0.309375 0.025 0.307813 0.025 0.30625 0.0277778 0.3 0.0277778 0.298438 0.025 0.292188 0.025 0.290625 0.0277778 0.265625 0.0277778 0.264062 0.025 0.217187 0.025 0.215625 0.0277778 0.179688 0.0277778 0.178125 0.0305556 0.176563 0.0277778 0.175 0.0277778 0.173438 0.025 0.171875 0.025 0.16875 0.0194444 0.167187 0.0194444 0.165625 0.0166667 0.165625 0.00833333 0.164062 0.00555556 0.164062 0
5 0.809375 0.616667 0.809375 0.658333 0.832812 0.658333 0.832812 0.616667
5 0.771875 0.794444 0.771875 0.836111 0.795313 0.836111 0.795313 0.794444
2 0.490625 0.394444 0.490625 0.422222 0.489062 0.425 0.489062 0.447222 0.4875 0.45 0.485938 0.45 0.484375 0.452778 0.460938 0.452778 0.459375 0.455556 0.453125 0.455556 0.453125 0.477778 0.485938 0.477778 0.490625 0.486111 0.490625 0.536111 0.503125 0.536111 0.503125 0.488889 0.509375 0.477778 0.515625 0.477778 0.517187 0.480556 0.520312 0.480556 0.521875 0.483333 0.539062 0.483333 0.539062 0.455556 0.53125 0.455556 0.529688 0.452778 0.509375 0.452778 0.50625 0.447222 0.50625 0.427778 0.504687 0.425 0.504687 0.394444
5 0.810938 0.705556 0.810938 0.713889 0.809375 0.716667 0.803125 0.716667 0.803125 0.747222 0.826563 0.747222 0.826563 0.705556
5 0.396875 0.872222 0.396875 0.913889 0.420312 0.913889 0.420312 0.886111 0.414062 0.886111 0.4125 0.883333 0.4125 0.872222
5 0.621875 0.05 0.621875 0.0916667 0.645312 0.0916667 0.645312 0.05
5 0.809375 0.272222 0.809375 0.302778 0.832812 0.302778 0.832812 0.272222
5 0.528125 0.583333 0.528125 0.625 0.551562 0.625 0.551562 0.583333
5 0.809375 0.161111 0.809375 0.202778 0.823438 0.202778 0.823438 0.194444 0.828125 0.186111 0.832812 0.186111 0.832812 0.161111
5 0.471875 0.494444 0.471875 0.525 0.489062 0.525 0.489062 0.494444
5 0.521875 0.555556 0.521875 0.580556 0.528125 0.580556 0.528125 0.563889 0.529688 0.561111 0.526563 0.555556
5 0.553125 0.716667 0.553125 0.747222 0.576563 0.747222 0.576563 0.716667
5 0.421875 0.616667 0.421875 0.641667 0.426562 0.641667 0.429688 0.647222 0.429688 0.658333 0.445312 0.658333 0.445312 0.616667
5 0.796875 0.761111 0.796875 0.791667 0.820312 0.791667 0.820312 0.761111
5 0.801562 0.486111 0.8 0.488889 0.798437 0.488889 0.796875 0.491667 0.790625 0.491667 0.790625 0.502778 0.807813 0.502778 0.807813 0.486111
