1 0.153125 0.00555556 0.153125 0.0138889 0.151562 0.0166667 0.151562 0.0194444 0.145313 0.0305556 0.14375 0.0305556 0.140625 0.0361111 0.140625 0.0388889 0.14375 0.0444444 0.14375 0.0472222 0.15 0.0583333 0.15 0.0777778 0.151562 0.0805556 0.151562 0.0833333 0.15 0.0861111 0.15 0.130556 0.148438 0.133333 0.148438 0.158333 0.146875 0.161111 0.146875 0.188889 0.145313 0.191667 0.145313 0.233333 0.14375 0.236111 0.14375 0.341667 0.142188 0.344444 0.142188 0.372222 0.140625 0.375 0.140625 0.388889 0.139062 0.391667 0.139062 0.502778 0.1375 0.505556 0.1375 0.638889 0.135937 0.641667 0.135937 0.713889 0.134375 0.716667 0.134375 0.794444 0.132812 0.797222 0.132812 0.872222 0.13125 0.875 0.13125 0.922222 0.129688 0.925 0.129688 0.927778 0.126563 0.933333 0.121875 0.933333 0.121875 0.958333 0.126563 0.958333 0.13125 0.966667 0.13125 0.969444 0.132812 0.972222 0.132812 0.975 0.1375 0.983333 0.1375 0.991667 0.139062 0.991667 0.139062 0.983333 0.140625 0.980556 0.140625 0.977778 0.148438 0.963889 0.151562 0.963889 0.153125 0.961111 0.157813 0.961111 0.159375 0.958333 0.164062 0.958333 0.165625 0.955556 0.359375 0.955556 0.360938 0.958333 0.370313 0.958333 0.371875 0.961111 0.373437 0.958333 0.421875 0.958333 0.423438 0.955556 0.44375 0.955556 0.445312 0.952778 0.58125 0.952778 0.582812 0.955556 0.584375 0.952778 0.6 0.952778 0.601562 0.955556 0.609375 0.955556 0.610937 0.952778 0.775 0.952778 0.776563 0.95 0.78125 0.95 0.782812 0.952778 0.784375 0.95 0.792188 0.95 0.79375 0.952778 0.810938 0.952778 0.8125 0.955556 0.81875 0.955556 0.820312 0.958333 0.821875 0.958333 0.823438 0.961111 0.825 0.961111 0.83125 0.972222 0.835938 0.972222 0.8375 0.975 0.839063 0.975 0.840625 0.972222 0.840625 0.969444 0.842188 0.966667 0.842188 0.961111 0.84375 0.958333 0.84375 0.955556 0.846875 0.95 0.848437 0.95 0.851562 0.944444 0.857813 0.944444 0.857813 0.927778 0.851562 0.927778 0.85 0.925 0.848437 0.925 0.84375 0.916667 0.84375 0.911111 0.842188 0.908333 0.842188 0.772222 0.84375 0.769444 0.84375 0.733333 0.845312 0.730556 0.845312 0.705556 0.846875 0.702778 0.846875 0.508333 0.845312 0.505556 0.845312 0.497222 0.846875 0.494444 0.846875 0.491667 0.845312 0.488889 0.845312 0.477778 0.846875 0.475 0.846875 0.402778 0.845312 0.4 0.845312 0.238889 0.84375 0.236111 0.84375 0.205556 0.845312 0.202778 0.84375 0.2 0.84375 0.191667 0.845312 0.188889 0.845312 0.183333 0.84375 0.180556 0.84375 0.1 0.845312 0.0972222 0.845312 0.0722222 0.846875 0.0694444 0.846875 0.0666667 0.851562 0.0583333 0.857813 0.0583333 0.857813 0.0388889 0.851562 0.0388889 0.84375 0.025 0.84375 0.0222222 0.842188 0.0194444 0.842188 0.0166667 0.840625 0.0138889 0.840625 0.00555556 0.835938 0.00555556 0.835938 0.0166667 0.826563 0.0333333 0.821875 0.0333333 0.820312 0.0361111 0.759375 0.0361111 0.757812 0.0333333 0.7375 0.0333333 0.735937 0.0361111 0.729688 0.0361111 0.728125 0.0333333 0.521875 0.0333333 0.520312 0.0305556 0.479688 0.0305556 0.478125 0.0333333 0.4375 0.0333333 0.435937 0.0305556 0.364062 0.0305556 0.3625 0.0277778 0.34375 0.0277778 0.342187 0.0305556 0.339063 0.0305556 0.3375 0.0277778 0.320312 0.0277778 0.31875 0.025 0.232812 0.025 0.23125 0.0277778 0.217187 0.0277778 0.215625 0.0305556 0.176563 0.0305556 0.175 0.0277778 0.173438 0.0277778 0.171875 0.025 0.170312 0.025 0.165625 0.0166667 0.165625 0.00555556
2 0.492188 0.394444 0.492188 0.408333 0.490625 0.411111 0.490625 0.433333 0.489062 0.436111 0.489062 0.447222 0.4875 0.45 0.485938 0.45 0.484375 0.452778 0.4625 0.452778 0.460938 0.455556 0.453125 0.455556 0.453125 0.475 0.459375 0.475 0.460938 0.477778 0.485938 0.477778 0.489062 0.483333 0.489062 0.486111 0.490625 0.488889 0.490625 0.513889 0.489062 0.516667 0.489062 0.527778 0.490625 0.530556 0.490625 0.547222 0.5 0.547222 0.5 0.536111 0.503125 0.530556 0.503125 0.488889 0.504687 0.486111 0.504687 0.483333 0.507812 0.477778 0.515625 0.477778 0.517187 0.480556 0.51875 0.480556 0.520312 0.483333 0.539062 0.483333 0.539062 0.455556 0.53125 0.455556 0.529688 0.452778 0.509375 0.452778 0.50625 0.447222 0.50625 0.422222 0.504687 0.419444 0.504687 0.394444
5 0.446875 0.694444 0.446875 0.736111 0.464063 0.736111 0.464063 0.694444
5 0.228125 0.0722222 0.228125 0.1 0.232812 0.1 0.235938 0.105556 0.235938 0.113889 0.251563 0.113889 0.251563 0.0722222
5 0.809375 0.616667 0.809375 0.658333 0.832812 0.658333 0.832812 0.616667
5 0.496875 0.338889 0.496875 0.380556 0.514063 0.380556 0.514063 0.338889
5 0.459375 0.494444 0.459375 0.525 0.476562 0.525 0.476562 0.494444
5 0.234375 0.716667 0.234375 0.747222 0.257812 0.747222 0.257812 0.716667
5 0.545313 0.583333 0.545313 0.591667 0.545313 0.583333 0.539062 0.575 0.540625 0.572222 0.540625 0.569444 0.534375 0.569444 0.534375 0.575 0.539062 0.575
5 0.446875 0.0944444 0.446875 0.136111 0.470313 0.136111 0.470313 0.0944444
5 0.503125 0.05 0.503125 0.0916667 0.520312 0.0916667 0.520312 0.05
5 0.503125 0.138889 0.503125 0.180556 0.517187 0.180556 0.517187 0.169444 0.521875 0.161111 0.526563 0.161111 0.526563 0.138889
5 0.635938 0.127778 0.635938 0.136111 0.632812 0.141667 0.628125 0.141667 0.628125 0.169444 0.651563 0.169444 0.651563 0.127778
5 0.509375 0.194444 0.509375 0.225 0.526563 0.225 0.526563 0.194444
5 0.378125 0.538889 0.378125 0.569444 0.401563 0.569444 0.401563 0.538889
