1 0.151562 0.00555556 0.151562 0.0166667 0.15 0.0194444 0.15 0.0222222 0.145313 0.0305556 0.14375 0.0305556 0.140625 0.0361111 0.139062 0.0361111 0.139062 0.0388889 0.140625 0.0416667 0.142188 0.0416667 0.14375 0.0444444 0.14375 0.0472222 0.15 0.0583333 0.15 0.127778 0.148438 0.130556 0.148438 0.152778 0.146875 0.155556 0.146875 0.172222 0.145313 0.175 0.145313 0.213889 0.14375 0.216667 0.14375 0.313889 0.142188 0.316667 0.142188 0.355556 0.140625 0.358333 0.140625 0.388889 0.139062 0.391667 0.139062 0.455556 0.1375 0.458333 0.1375 0.461111 0.139062 0.463889 0.139062 0.483333 0.1375 0.486111 0.1375 0.611111 0.135937 0.613889 0.135937 0.716667 0.134375 0.719444 0.134375 0.761111 0.132812 0.763889 0.132812 0.863889 0.13125 0.866667 0.13125 0.922222 0.129688 0.925 0.129688 0.927778 0.125 0.936111 0.121875 0.936111 0.120312 0.938889 0.115625 0.938889 0.115625 0.952778 0.121875 0.952778 0.123438 0.955556 0.125 0.955556 0.13125 0.966667 0.13125 0.969444 0.132812 0.972222 0.132812 0.975 0.135937 0.980556 0.139062 0.980556 0.146875 0.966667 0.148438 0.966667 0.15 0.963889 0.151562 0.963889 0.153125 0.961111 0.157813 0.961111 0.159375 0.958333 0.1625 0.958333 0.164062 0.955556 0.360938 0.955556 0.3625 0.958333 0.401563 0.958333 0.403125 0.955556 0.410937 0.955556 0.4125 0.958333 0.420312 0.958333 0.421875 0.955556 0.448438 0.955556 0.45 0.952778 0.53125 0.952778 0.532812 0.955556 0.5625 0.955556 0.564062 0.952778 0.565625 0.952778 0.567187 0.955556 0.585938 0.955556 0.5875 0.952778 0.595312 0.952778 0.596875 0.955556 0.609375 0.955556 0.610937 0.952778 0.773438 0.952778 0.775 0.95 0.792188 0.95 0.79375 0.952778 0.8125 0.952778 0.814062 0.955556 0.817187 0.955556 0.81875 0.958333 0.820312 0.958333 0.821875 0.961111 0.825 0.961111 0.83125 0.972222 0.840625 0.972222 0.840625 0.963889 0.842188 0.961111 0.842188 0.958333 0.85 0.944444 0.851562 0.944444 0.853125 0.941667 0.857813 0.941667 0.857813 0.927778 0.853125 0.927778 0.851562 0.925 0.85 0.925 0.848437 0.922222 0.846875 0.922222 0.84375 0.916667 0.84375 0.913889 0.842188 0.911111 0.842188 0.738889 0.84375 0.736111 0.84375 0.658333 0.845312 0.655556 0.845312 0.569444 0.846875 0.566667 0.846875 0.533333 0.845312 0.530556 0.845312 0.455556 0.846875 0.452778 0.846875 0.441667 0.845312 0.438889 0.845312 0.352778 0.84375 0.35 0.84375 0.347222 0.845312 0.344444 0.845312 0.286111 0.84375 0.283333 0.84375 0.0888889 0.845312 0.0861111 0.845312 0.0722222 0.846875 0.0694444 0.846875 0.0666667 0.851562 0.0583333 0.857813 0.0583333 0.857813 0.0388889 0.851562 0.0388889 0.842188 0.0222222 0.842188 0.0194444 0.840625 0.0166667 0.840625 0.00555556 0.8375 0.00555556 0.8375 0.0138889 0.832812 0.0222222 0.832812 0.025 0.829687 0.0305556 0.828125 0.0305556 0.826563 0.0333333 0.814062 0.0333333 0.8125 0.0361111 0.80625 0.0361111 0.804688 0.0333333 0.801562 0.0333333 0.8 0.0361111 0.745313 0.0361111 0.74375 0.0333333 0.435937 0.0333333 0.434375 0.0305556 0.35 0.0305556 0.348437 0.0277778 0.34375 0.0277778 0.342187 0.0305556 0.3375 0.0305556 0.335938 0.0277778 0.217187 0.0277778 0.215625 0.0305556 0.175 0.0305556 0.173438 0.0277778 0.171875 0.0277778 0.165625 0.0166667 0.165625 0.00555556
5 0.596875 0.583333 0.596875 0.613889 0.614062 0.613889 0.614062 0.583333
2 0.490625 0.394444 0.490625 0.425 0.489062 0.427778 0.489062 0.447222 0.4875 0.45 0.485938 0.45 0.484375 0.452778 0.460938 0.452778 0.459375 0.455556 0.453125 0.455556 0.453125 0.477778 0.4625 0.477778 0.464063 0.480556 0.485938 0.480556 0.490625 0.488889 0.490625 0.516667 0.489062 0.519444 0.489062 0.527778 0.490625 0.530556 0.490625 0.547222 0.5 0.547222 0.5 0.536111 0.503125 0.530556 0.503125 0.497222 0.501562 0.494444 0.503125 0.491667 0.503125 0.488889 0.507812 0.480556 0.517187 0.480556 0.51875 0.483333 0.539062 0.483333 0.539062 0.455556 0.53125 0.455556 0.529688 0.452778 0.509375 0.452778 0.50625 0.447222 0.50625 0.433333 0.504687 0.430556 0.504687 0.394444
5 0.490625 0.816667 0.490625 0.858333 0.514063 0.858333 0.514063 0.816667
5 0.328125 0.516667 0.328125 0.525 0.334375 0.525 0.334375 0.516667
5 0.728125 0.372222 0.728125 0.413889 0.751562 0.413889 0.751562 0.372222
5 0.671875 0.416667 0.671875 0.458333 0.689062 0.458333 0.689062 0.45 0.690625 0.447222 0.695312 0.447222 0.695312 0.416667
5 0.653125 0.0833333 0.653125 0.113889 0.676562 0.113889 0.676562 0.0833333
5 0.309375 0.294444 0.309375 0.336111 0.332812 0.336111 0.332812 0.294444
5 0.615625 0.25 0.615625 0.291667 0.632812 0.291667 0.632812 0.25
5 0.553125 0.116667 0.553125 0.158333 0.576563 0.158333 0.576563 0.127778 0.571875 0.127778 0.570312 0.125 0.570312 0.116667
