1 0.153125 0.00555556 0.153125 0.0166667 0.151562 0.0194444 0.151562 0.0222222 0.145313 0.0333333 0.14375 0.0333333 0.142188 0.0361111 0.142188 0.0388889 0.145313 0.0444444 0.145313 0.0472222 0.15 0.0555556 0.15 0.0583333 0.151562 0.0611111 0.151562 0.105556 0.15 0.108333 0.15 0.144444 0.148438 0.147222 0.148438 0.172222 0.146875 0.175 0.146875 0.194444 0.145313 0.197222 0.145313 0.244444 0.14375 0.247222 0.14375 0.347222 0.142188 0.35 0.142188 0.375 0.140625 0.377778 0.140625 0.391667 0.139062 0.394444 0.139062 0.4 0.140625 0.402778 0.139062 0.405556 0.139062 0.444444 0.1375 0.447222 0.1375 0.466667 0.139062 0.469444 0.139062 0.475 0.1375 0.477778 0.1375 0.486111 0.139062 0.488889 0.139062 0.494444 0.1375 0.497222 0.1375 0.644444 0.135937 0.647222 0.135937 0.736111 0.134375 0.738889 0.134375 0.786111 0.132812 0.788889 0.132812 0.822222 0.13125 0.825 0.13125 0.919444 0.129688 0.922222 0.129688 0.927778 0.126563 0.933333 0.125 0.933333 0.123438 0.936111 0.115625 0.936111 0.115625 0.952778 0.121875 0.952778 0.123438 0.955556 0.125 0.955556 0.126563 0.958333 0.128125 0.958333 0.129688 0.961111 0.129688 0.963889 0.13125 0.966667 0.13125 0.969444 0.132812 0.972222 0.132812 0.975 0.134375 0.977778 0.1375 0.977778 0.139062 0.980556 0.15 0.961111 0.154687 0.961111 0.15625 0.958333 0.160938 0.958333 0.1625 0.955556 0.25 0.955556 0.251563 0.952778 0.25625 0.952778 0.257812 0.955556 0.259375 0.952778 0.304688 0.952778 0.30625 0.955556 0.325 0.955556 0.326562 0.952778 0.329688 0.952778 0.33125 0.955556 0.334375 0.955556 0.335938 0.952778 0.346875 0.952778 0.348437 0.955556 0.364062 0.955556 0.365625 0.958333 0.398438 0.958333 0.4 0.955556 0.409375 0.955556 0.410937 0.958333 0.421875 0.958333 0.423438 0.955556 0.445312 0.955556 0.446875 0.952778 0.53125 0.952778 0.532812 0.955556 0.5375 0.955556 0.539062 0.952778 0.575 0.952778 0.576563 0.955556 0.584375 0.955556 0.585938 0.952778 0.598437 0.952778 0.6 0.955556 0.609375 0.955556 0.610937 0.952778 0.7875 0.952778 0.789062 0.95 0.790625 0.95 0.792188 0.952778 0.807813 0.952778 0.809375 0.955556 0.817187 0.955556 0.81875 0.958333 0.820312 0.958333 0.821875 0.961111 0.823438 0.961111 0.825 0.963889 0.826563 0.963889 0.83125 0.972222 0.835938 0.972222 0.8375 0.975 0.839063 0.975 0.840625 0.972222 0.840625 0.969444 0.842188 0.966667 0.842188 0.958333 0.848437 0.947222 0.85 0.947222 0.851562 0.944444 0.857813 0.944444 0.857813 0.925 0.85 0.925 0.848437 0.922222 0.846875 0.922222 0.84375 0.916667 0.84375 0.908333 0.842188 0.905556 0.842188 0.772222 0.84375 0.769444 0.84375 0.7 0.845312 0.697222 0.845312 0.597222 0.846875 0.594444 0.846875 0.513889 0.845312 0.511111 0.845312 0.477778 0.846875 0.475 0.846875 0.425 0.845312 0.422222 0.845312 0.238889 0.84375 0.236111 0.84375 0.208333 0.845312 0.205556 0.845312 0.202778 0.84375 0.2 0.84375 0.183333 0.845312 0.180556 0.84375 0.177778 0.84375 0.169444 0.845312 0.166667 0.845312 0.141667 0.84375 0.138889 0.84375 0.119444 0.845312 0.116667 0.845312 0.075 0.846875 0.0722222 0.846875 0.0694444 0.848437 0.0666667 0.848437 0.0638889 0.85 0.0611111 0.851562 0.0611111 0.853125 0.0583333 0.857813 0.0583333 0.857813 0.0416667 0.853125 0.0416667 0.84375 0.025 0.84375 0.0222222 0.842188 0.0194444 0.842188 0.0166667 0.840625 0.0138889 0.840625 0.00555556 0.835938 0.00555556 0.835938 0.0138889 0.834375 0.0166667 0.834375 0.0194444 0.826563 0.0333333 0.814062 0.0333333 0.8125 0.0361111 0.770312 0.0361111 0.76875 0.0333333 0.517187 0.0333333 0.515625 0.0305556 0.46875 0.0305556 0.467187 0.0333333 0.440625 0.0333333 0.439063 0.0305556 0.410937 0.0305556 0.409375 0.0277778 0.407813 0.0277778 0.40625 0.0305556 0.4 0.0305556 0.398438 0.0277778 0.367188 0.0277778 0.365625 0.025 0.340625 0.025 0.339063 0.0222222 0.30625 0.0222222 0.304688 0.025 0.285937 0.025 0.284375 0.0222222 0.282813 0.0222222 0.28125 0.025 0.273438 0.025 0.271875 0.0222222 0.270312 0.0222222 0.26875 0.025 0.217187 0.025 0.215625 0.0277778 0.204688 0.0277778 0.203125 0.0305556 0.198437 0.0305556 0.196875 0.0277778 0.195312 0.0305556 0.176563 0.0305556 0.175 0.0277778 0.171875 0.0277778 0.170312 0.025 0.16875 0.025 0.165625 0.0194444 0.164062 0.0194444 0.160938 0.0138889 0.160938 0.00555556
5 0.696875 0.872222 0.696875 0.913889 0.710938 0.913889 0.710938 0.902778 0.714063 0.897222 0.720312 0.897222 0.720312 0.872222
5 0.209375 0.0833333 0.209375 0.125 0.232812 0.125 0.232812 0.0972222 0.226562 0.0972222 0.225 0.0944444 0.225 0.0833333
2 0.492188 0.394444 0.492188 0.408333 0.490625 0.411111 0.490625 0.438889 0.489062 0.441667 0.489062 0.447222 0.4875 0.45 0.485938 0.45 0.484375 0.452778 0.4625 0.452778 0.460938 0.455556 0.453125 0.455556 0.453125 0.475 0.460938 0.475 0.4625 0.477778 0.485938 0.477778 0.490625 0.486111 0.490625 0.516667 0.489062 0.519444 0.489062 0.527778 0.490625 0.530556 0.490625 0.533333 0.492188 0.536111 0.492188 0.547222 0.5 0.547222 0.5 0.536111 0.503125 0.530556 0.503125 0.488889 0.509375 0.477778 0.514063 0.477778 0.515625 0.480556 0.51875 0.480556 0.520312 0.483333 0.539062 0.483333 0.539062 0.455556 0.53125 0.455556 0.529688 0.452778 0.507812 0.452778 0.50625 0.45 0.50625 0.405556 0.504687 0.402778 0.504687 0.394444
5 0.459375 0.494444 0.459375 0.525 0.476562 0.525 0.476562 0.494444
5 0.146875 0.838889 0.146875 0.869444 0.176563 0.869444 0.176563 0.838889
5 0.334375 0.205556 0.334375 0.236111 0.357812 0.236111 0.357812 0.205556
5 0.303125 0.0611111 0.303125 0.102778 0.326562 0.102778 0.326562 0.0611111
5 0.459375 0.116667 0.459375 0.158333 0.473437 0.158333 0.473437 0.144444 0.475 0.141667 0.476562 0.141667 0.478125 0.138889 0.482812 0.138889 0.482812 0.116667
5 0.534375 0.105556 0.534375 0.147222 0.551562 0.147222 0.551562 0.138889 0.553125 0.136111 0.557813 0.136111 0.557813 0.105556
5 0.165625 0.0833333 0.165625 0.125 0.182812 0.125 0.182812 0.0833333
5 0.340625 0.25 0.340625 0.280556 0.364062 0.280556 0.364062 0.25
5 0.771875 0.861111 0.771875 0.891667 0.795313 0.891667 0.795313 0.861111
5 0.234375 0.138889 0.234375 0.163889 0.239063 0.163889 0.242188 0.169444 0.242188 0.180556 0.257812 0.180556 0.257812 0.138889
5 0.153125 0.883333 0.153125 0.902778 0.159375 0.902778 0.160938 0.905556 0.1625 0.905556 0.164062 0.908333 0.165625 0.905556 0.167187 0.905556 0.16875 0.902778 0.176563 0.902778 0.176563 0.883333
