1 0.154687 0 0.154687 0.00555556 0.153125 0.00833333 0.153125 0.0138889 0.151562 0.0166667 0.151562 0.0194444 0.145313 0.0305556 0.14375 0.0305556 0.140625 0.0361111 0.140625 0.0388889 0.148438 0.0527778 0.148438 0.0555556 0.15 0.0583333 0.15 0.0805556 0.151562 0.0833333 0.151562 0.102778 0.15 0.105556 0.15 0.144444 0.148438 0.147222 0.148438 0.172222 0.146875 0.175 0.146875 0.202778 0.145313 0.205556 0.145313 0.255556 0.14375 0.258333 0.14375 0.352778 0.142188 0.355556 0.142188 0.380556 0.140625 0.383333 0.140625 0.411111 0.139062 0.413889 0.139062 0.516667 0.1375 0.519444 0.1375 0.658333 0.135937 0.661111 0.135937 0.755556 0.134375 0.758333 0.134375 0.827778 0.132812 0.830556 0.132812 0.872222 0.13125 0.875 0.13125 0.922222 0.129688 0.925 0.129688 0.927778 0.126563 0.933333 0.121875 0.933333 0.121875 0.958333 0.128125 0.958333 0.129688 0.961111 0.129688 0.963889 0.132812 0.969444 0.132812 0.980556 0.14375 0.980556 0.14375 0.972222 0.148438 0.963889 0.15 0.963889 0.151562 0.961111 0.154687 0.961111 0.15625 0.958333 0.159375 0.958333 0.160938 0.955556 0.171875 0.955556 0.173438 0.952778 0.2125 0.952778 0.214062 0.955556 0.24375 0.955556 0.245312 0.952778 0.30625 0.952778 0.307813 0.955556 0.359375 0.955556 0.360938 0.958333 0.36875 0.958333 0.370313 0.961111 0.379687 0.961111 0.38125 0.958333 0.3875 0.958333 0.389062 0.961111 0.390625 0.958333 0.428125 0.958333 0.429688 0.955556 0.446875 0.955556 0.448438 0.952778 0.53125 0.952778 0.532812 0.95 0.535937 0.95 0.5375 0.952778 0.559375 0.952778 0.560938 0.955556 0.609375 0.955556 0.610937 0.952778 0.771875 0.952778 0.773438 0.95 0.79375 0.95 0.795313 0.952778 0.814062 0.952778 0.815625 0.955556 0.81875 0.955556 0.820312 0.958333 0.821875 0.958333 0.823438 0.961111 0.825 0.961111 0.83125 0.972222 0.83125 0.980556 0.840625 0.980556 0.840625 0.969444 0.842188 0.966667 0.842188 0.958333 0.848437 0.947222 0.85 0.947222 0.854688 0.938889 0.85625 0.938889 0.857813 0.936111 0.85625 0.936111 0.848437 0.922222 0.846875 0.922222 0.84375 0.916667 0.84375 0.891667 0.842188 0.888889 0.842188 0.819444 0.84375 0.816667 0.84375 0.719444 0.845312 0.716667 0.845312 0.608333 0.846875 0.605556 0.846875 0.508333 0.845312 0.505556 0.845312 0.475 0.846875 0.472222 0.846875 0.419444 0.845312 0.416667 0.845312 0.363889 0.846875 0.361111 0.846875 0.358333 0.845312 0.355556 0.845312 0.344444 0.846875 0.341667 0.846875 0.202778 0.845312 0.2 0.845312 0.0861111 0.846875 0.0833333 0.846875 0.0694444 0.853125 0.0583333 0.853125 0.0555556 0.857813 0.0472222 0.853125 0.0388889 0.851562 0.0388889 0.845312 0.0277778 0.845312 0.025 0.842188 0.0194444 0.842188 0.0166667 0.840625 0.0138889 0.840625 0 0.839063 0 0.839063 0.00555556 0.835938 0.0111111 0.835938 0.0138889 0.832812 0.0194444 0.832812 0.0222222 0.828125 0.0305556 0.826563 0.0305556 0.825 0.0333333 0.81875 0.0333333 0.817187 0.0361111 0.771875 0.0361111 0.770312 0.0333333 0.61875 0.0333333 0.617188 0.0305556 0.614062 0.0305556 0.6125 0.0333333 0.492188 0.0333333 0.490625 0.0305556 0.484375 0.0305556 0.482812 0.0333333 0.475 0.0333333 0.473437 0.0305556 0.464063 0.0305556 0.4625 0.0333333 0.446875 0.0333333 0.445312 0.0305556 0.429688 0.0305556 0.428125 0.0277778 0.271875 0.0277778 0.270312 0.025 0.21875 0.025 0.217187 0.0277778 0.198437 0.0277778 0.196875 0.025 0.173438 0.025 0.171875 0.0222222 0.170312 0.0222222 0.16875 0.0194444 0.167187 0.0194444 0.165625 0.0166667 0.165625 0.00833333 0.164062 0.00555556 0.164062 0
5 0.596875 0.883333 0.596875 0.925 0.620313 0.925 0.620313 0.894444 0.615625 0.894444 0.614062 0.891667 0.614062 0.883333
5 0.678125 0.861111 0.678125 0.902778 0.701563 0.902778 0.701563 0.861111
2 0.492188 0.394444 0.492188 0.408333 0.490625 0.411111 0.490625 0.438889 0.489062 0.441667 0.489062 0.447222 0.4875 0.45 0.485938 0.45 0.484375 0.452778 0.459375 0.452778 0.457812 0.455556 0.453125 0.455556 0.453125 0.475 0.460938 0.475 0.4625 0.477778 0.485938 0.477778 0.490625 0.486111 0.490625 0.536111 0.503125 0.536111 0.503125 0.488889 0.504687 0.486111 0.504687 0.483333 0.507812 0.477778 0.515625 0.477778 0.517187 0.480556 0.521875 0.480556 0.523438 0.483333 0.539062 0.483333 0.539062 0.455556 0.532812 0.455556 0.53125 0.452778 0.509375 0.452778 0.50625 0.447222 0.50625 0.394444
5 0.378125 0.883333 0.378125 0.925 0.401563 0.925 0.401563 0.883333
5 0.565625 0.894444 0.565625 0.936111 0.589063 0.936111 0.589063 0.894444
5 0.584375 0.05 0.584375 0.0916667 0.607813 0.0916667 0.607813 0.05
5 0.765625 0.538889 0.765625 0.569444 0.789062 0.569444 0.789062 0.538889
5 0.259375 0.416667 0.259375 0.458333 0.276563 0.458333 0.276563 0.45 0.278125 0.447222 0.282813 0.447222 0.282813 0.416667
5 0.440625 0.761111 0.440625 0.802778 0.457812 0.802778 0.457812 0.761111
5 0.739062 0.830556 0.734375 0.830556 0.734375 0.841667 0.739062 0.841667 0.739062 0.830556 0.742188 0.825 0.74375 0.827778 0.757812 0.827778 0.757812 0.816667 0.742188 0.816667 0.742188 0.825
5 0.809375 0.227778 0.809375 0.269444 0.832812 0.269444 0.832812 0.227778
5 0.521875 0.894444 0.521875 0.936111 0.545313 0.936111 0.545313 0.894444
5 0.553125 0.105556 0.553125 0.147222 0.570312 0.147222 0.570312 0.105556
