1 0.151562 0.00555556 0.151562 0.0166667 0.15 0.0194444 0.15 0.0222222 0.14375 0.0333333 0.142188 0.0333333 0.140625 0.0361111 0.139062 0.0361111 0.139062 0.0388889 0.15 0.0583333 0.15 0.125 0.148438 0.127778 0.148438 0.15 0.146875 0.152778 0.146875 0.172222 0.145313 0.175 0.145313 0.216667 0.14375 0.219444 0.14375 0.316667 0.142188 0.319444 0.142188 0.35 0.140625 0.352778 0.140625 0.383333 0.139062 0.386111 0.139062 0.477778 0.1375 0.480556 0.1375 0.591667 0.135937 0.594444 0.135937 0.647222 0.134375 0.65 0.134375 0.675 0.135937 0.677778 0.135937 0.716667 0.134375 0.719444 0.134375 0.761111 0.132812 0.763889 0.132812 0.811111 0.13125 0.813889 0.13125 0.852778 0.132812 0.855556 0.132812 0.861111 0.13125 0.863889 0.13125 0.922222 0.129688 0.925 0.129688 0.927778 0.126563 0.933333 0.125 0.933333 0.123438 0.936111 0.115625 0.936111 0.115625 0.952778 0.121875 0.952778 0.123438 0.955556 0.125 0.955556 0.126563 0.958333 0.128125 0.958333 0.129688 0.961111 0.129688 0.963889 0.13125 0.966667 0.13125 0.980556 0.145313 0.980556 0.145313 0.969444 0.146875 0.966667 0.148438 0.966667 0.15 0.963889 0.153125 0.963889 0.154687 0.961111 0.157813 0.961111 0.159375 0.958333 0.1625 0.958333 0.164062 0.955556 0.3625 0.955556 0.364062 0.958333 0.425 0.958333 0.426562 0.955556 0.454688 0.955556 0.45625 0.952778 0.51875 0.952778 0.520312 0.955556 0.5625 0.955556 0.564062 0.952778 0.571875 0.952778 0.573438 0.955556 0.584375 0.955556 0.585938 0.952778 0.596875 0.952778 0.598437 0.955556 0.610937 0.955556 0.6125 0.952778 0.785937 0.952778 0.7875 0.95 0.790625 0.95 0.792188 0.952778 0.810938 0.952778 0.8125 0.955556 0.817187 0.955556 0.81875 0.958333 0.820312 0.958333 0.821875 0.961111 0.825 0.961111 0.829687 0.969444 0.829687 0.980556 0.840625 0.980556 0.840625 0.966667 0.842188 0.963889 0.842188 0.958333 0.848437 0.947222 0.85 0.947222 0.853125 0.941667 0.857813 0.941667 0.857813 0.927778 0.851562 0.927778 0.85 0.925 0.848437 0.925 0.842188 0.913889 0.842188 0.733333 0.84375 0.730556 0.84375 0.661111 0.845312 0.658333 0.845312 0.586111 0.846875 0.583333 0.846875 0.577778 0.845312 0.575 0.845312 0.569444 0.846875 0.566667 0.846875 0.533333 0.845312 0.530556 0.845312 0.455556 0.846875 0.452778 0.846875 0.447222 0.845312 0.444444 0.845312 0.3 0.846875 0.297222 0.846875 0.291667 0.845312 0.288889 0.845312 0.272222 0.846875 0.269444 0.846875 0.247222 0.845312 0.244444 0.845312 0.2 0.84375 0.197222 0.84375 0.166667 0.845312 0.163889 0.845312 0.158333 0.84375 0.155556 0.84375 0.0916667 0.845312 0.0888889 0.845312 0.0694444 0.851562 0.0583333 0.857813 0.0583333 0.857813 0.0416667 0.853125 0.0416667 0.848437 0.0333333 0.846875 0.0333333 0.84375 0.0277778 0.84375 0.025 0.842188 0.0222222 0.842188 0.0194444 0.840625 0.0166667 0.840625 0.00555556 0.8375 0.00555556 0.8375 0.0138889 0.828125 0.0305556 0.826563 0.0305556 0.825 0.0333333 0.817187 0.0333333 0.815625 0.0361111 0.745313 0.0361111 0.74375 0.0333333 0.695312 0.0333333 0.69375 0.0361111 0.684375 0.0361111 0.682813 0.0333333 0.435937 0.0333333 0.434375 0.0305556 0.373437 0.0305556 0.371875 0.0277778 0.28125 0.0277778 0.279687 0.0305556 0.276563 0.0305556 0.275 0.0277778 0.217187 0.0277778 0.215625 0.0305556 0.175 0.0305556 0.171875 0.025 0.170312 0.025 0.164062 0.0138889 0.164062 0.00555556
2 0.490625 0.394444 0.490625 0.422222 0.489062 0.425 0.489062 0.444444 0.484375 0.452778 0.460938 0.452778 0.459375 0.455556 0.453125 0.455556 0.453125 0.477778 0.4625 0.477778 0.464063 0.480556 0.485938 0.480556 0.490625 0.488889 0.490625 0.516667 0.489062 0.519444 0.489062 0.530556 0.490625 0.533333 0.490625 0.547222 0.5 0.547222 0.5 0.536111 0.501562 0.533333 0.501562 0.530556 0.503125 0.527778 0.503125 0.488889 0.509375 0.477778 0.510938 0.480556 0.517187 0.480556 0.51875 0.483333 0.539062 0.483333 0.539062 0.455556 0.529688 0.455556 0.528125 0.452778 0.509375 0.452778 0.50625 0.447222 0.50625 0.436111 0.504687 0.433333 0.504687 0.394444
5 0.496875 0.816667 0.496875 0.858333 0.514063 0.858333 0.514063 0.816667
5 0.340625 0.116667 0.340625 0.147222 0.364062 0.147222 0.364062 0.116667
5 0.346875 0.661111 0.346875 0.672222 0.351562 0.672222 0.353125 0.669444 0.353125 0.661111
5 0.778125 0.216667 0.778125 0.247222 0.801562 0.247222 0.801562 0.216667
5 0.584375 0.205556 0.584375 0.236111 0.607813 0.236111 0.607813 0.205556
5 0.740625 0.205556 0.740625 0.236111 0.764063 0.236111 0.764063 0.205556
5 0.810938 0.238889 0.810938 0.247222 0.807813 0.252778 0.803125 0.252778 0.803125 0.280556 0.826563 0.280556 0.826563 0.238889
5 0.690625 0.527778 0.690625 0.558333 0.714063 0.558333 0.714063 0.527778
5 0.640625 0.127778 0.640625 0.158333 0.657812 0.158333 0.657812 0.127778
