1 0.153125 0.00555556 0.153125 0.0138889 0.151562 0.0166667 0.151562 0.0194444 0.15 0.0222222 0.15 0.025 0.146875 0.0305556 0.145313 0.0305556 0.14375 0.0333333 0.142188 0.0333333 0.140625 0.0361111 0.139062 0.0361111 0.139062 0.0388889 0.140625 0.0388889 0.14375 0.0444444 0.14375 0.0472222 0.15 0.0583333 0.15 0.133333 0.148438 0.136111 0.148438 0.158333 0.146875 0.161111 0.146875 0.183333 0.145313 0.186111 0.145313 0.222222 0.14375 0.225 0.14375 0.341667 0.142188 0.344444 0.142188 0.369444 0.140625 0.372222 0.140625 0.405556 0.139062 0.408333 0.139062 0.441667 0.1375 0.444444 0.1375 0.641667 0.135937 0.644444 0.135937 0.741667 0.134375 0.744444 0.134375 0.786111 0.132812 0.788889 0.132812 0.813889 0.13125 0.816667 0.13125 0.919444 0.129688 0.922222 0.129688 0.927778 0.126563 0.933333 0.125 0.933333 0.123438 0.936111 0.115625 0.936111 0.115625 0.952778 0.121875 0.952778 0.123438 0.955556 0.125 0.955556 0.13125 0.966667 0.13125 0.969444 0.132812 0.972222 0.132812 0.975 0.134375 0.977778 0.135937 0.977778 0.139062 0.983333 0.139062 0.991667 0.139062 0.980556 0.148438 0.963889 0.15 0.963889 0.151562 0.961111 0.15625 0.961111 0.157813 0.958333 0.1625 0.958333 0.164062 0.955556 0.19375 0.955556 0.195312 0.952778 0.198437 0.952778 0.2 0.955556 0.24375 0.955556 0.245312 0.952778 0.254687 0.952778 0.25625 0.955556 0.323438 0.955556 0.325 0.952778 0.348437 0.952778 0.35 0.955556 0.365625 0.955556 0.367188 0.958333 0.426562 0.958333 0.428125 0.955556 0.46875 0.955556 0.470313 0.952778 0.471875 0.952778 0.473437 0.955556 0.482812 0.955556 0.484375 0.952778 0.6 0.952778 0.601562 0.955556 0.609375 0.955556 0.610937 0.952778 0.771875 0.952778 0.773438 0.95 0.79375 0.95 0.795313 0.952778 0.810938 0.952778 0.8125 0.955556 0.817187 0.955556 0.81875 0.958333 0.820312 0.958333 0.821875 0.961111 0.825 0.961111 0.83125 0.972222 0.8375 0.972222 0.839063 0.975 0.840625 0.972222 0.840625 0.969444 0.842188 0.966667 0.842188 0.961111 0.84375 0.958333 0.84375 0.955556 0.846875 0.95 0.848437 0.95 0.851562 0.944444 0.857813 0.944444 0.857813 0.927778 0.851562 0.927778 0.85 0.925 0.848437 0.925 0.84375 0.916667 0.84375 0.911111 0.842188 0.908333 0.842188 0.783333 0.84375 0.780556 0.84375 0.738889 0.845312 0.736111 0.845312 0.708333 0.846875 0.705556 0.846875 0.508333 0.845312 0.505556 0.845312 0.497222 0.846875 0.494444 0.846875 0.491667 0.845312 0.488889 0.845312 0.480556 0.846875 0.477778 0.846875 0.419444 0.845312 0.416667 0.845312 0.241667 0.84375 0.238889 0.84375 0.0944444 0.845312 0.0916667 0.845312 0.0722222 0.846875 0.0694444 0.846875 0.0666667 0.851562 0.0583333 0.857813 0.0583333 0.857813 0.0388889 0.851562 0.0388889 0.84375 0.025 0.84375 0.0222222 0.840625 0.0166667 0.840625 0.00555556 0.8375 0.00555556 0.8375 0.0166667 0.835938 0.0194444 0.834375 0.0194444 0.834375 0.0222222 0.829687 0.0305556 0.828125 0.0305556 0.826563 0.0333333 0.820312 0.0333333 0.81875 0.0361111 0.745313 0.0361111 0.74375 0.0333333 0.434375 0.0333333 0.432813 0.0305556 0.404687 0.0305556 0.403125 0.0333333 0.401563 0.0333333 0.4 0.0305556 0.326562 0.0305556 0.325 0.0277778 0.278125 0.0277778 0.276563 0.025 0.2625 0.025 0.260938 0.0222222 0.2125 0.0222222 0.210938 0.025 0.182812 0.025 0.18125 0.0277778 0.175 0.0277778 0.173438 0.025 0.171875 0.025 0.16875 0.0194444 0.167187 0.0194444 0.165625 0.0166667 0.165625 0.00555556
2 0.490625 0.394444 0.490625 0.427778 0.489062 0.430556 0.489062 0.444444 0.484375 0.452778 0.464063 0.452778 0.4625 0.455556 0.453125 0.455556 0.453125 0.475 0.459375 0.475 0.460938 0.477778 0.484375 0.477778 0.490625 0.488889 0.490625 0.522222 0.489062 0.525 0.490625 0.527778 0.490625 0.533333 0.492188 0.536111 0.492188 0.547222 0.5 0.547222 0.5 0.536111 0.503125 0.530556 0.503125 0.497222 0.501562 0.494444 0.503125 0.491667 0.503125 0.488889 0.509375 0.477778 0.510938 0.477778 0.5125 0.480556 0.51875 0.480556 0.520312 0.483333 0.539062 0.483333 0.539062 0.455556 0.53125 0.455556 0.529688 0.452778 0.507812 0.452778 0.50625 0.45 0.50625 0.427778 0.504687 0.425 0.504687 0.394444
5 0.809375 0.616667 0.809375 0.658333 0.832812 0.658333 0.832812 0.616667
5 0.209375 0.05 0.209375 0.0805556 0.214062 0.0805556 0.215625 0.0833333 0.215625 0.0916667 0.226562 0.0916667 0.226562 0.0805556 0.228125 0.0777778 0.232812 0.0777778 0.232812 0.05
5 0.459375 0.494444 0.459375 0.525 0.476562 0.525 0.476562 0.494444
5 0.496875 0.338889 0.496875 0.380556 0.514063 0.380556 0.514063 0.338889
5 0.146875 0.838889 0.146875 0.869444 0.176563 0.869444 0.176563 0.838889
5 0.396875 0.75 0.396875 0.791667 0.420312 0.791667 0.420312 0.75
5 0.446875 0.705556 0.446875 0.747222 0.464063 0.747222 0.464063 0.705556
5 0.540625 0.35 0.540625 0.391667 0.557813 0.391667 0.557813 0.383333 0.559375 0.380556 0.564062 0.380556 0.564062 0.35
5 0.196875 0.594444 0.196875 0.625 0.220313 0.625 0.220313 0.594444
5 0.640625 0.116667 0.640625 0.158333 0.664062 0.158333 0.664062 0.116667
5 0.409375 0.894444 0.409375 0.925 0.432813 0.925 0.432813 0.894444
5 0.528125 0.138889 0.528125 0.180556 0.542188 0.180556 0.542188 0.169444 0.545313 0.163889 0.551562 0.163889 0.551562 0.152778 0.546875 0.152778 0.545313 0.15 0.545313 0.138889
5 0.153125 0.883333 0.153125 0.897222 0.157813 0.897222 0.159375 0.9 0.160938 0.9 0.164062 0.905556 0.165625 0.902778 0.176563 0.902778 0.176563 0.9 0.171875 0.9 0.16875 0.894444 0.16875 0.883333
