1 0.153125 0.00555556 0.153125 0.0138889 0.151562 0.0166667 0.151562 0.0194444 0.15 0.0222222 0.15 0.025 0.146875 0.0305556 0.145313 0.0305556 0.14375 0.0333333 0.142188 0.0333333 0.140625 0.0361111 0.140625 0.0388889 0.14375 0.0444444 0.14375 0.0472222 0.15 0.0583333 0.15 0.130556 0.148438 0.133333 0.148438 0.158333 0.146875 0.161111 0.146875 0.186111 0.145313 0.188889 0.145313 0.241667 0.14375 0.244444 0.14375 0.338889 0.142188 0.341667 0.142188 0.372222 0.140625 0.375 0.140625 0.388889 0.139062 0.391667 0.139062 0.511111 0.1375 0.513889 0.1375 0.641667 0.135937 0.644444 0.135937 0.733333 0.134375 0.736111 0.134375 0.794444 0.132812 0.797222 0.132812 0.858333 0.13125 0.861111 0.13125 0.919444 0.129688 0.922222 0.129688 0.925 0.125 0.933333 0.123438 0.933333 0.121875 0.936111 0.115625 0.936111 0.115625 0.952778 0.123438 0.952778 0.125 0.955556 0.126563 0.955556 0.129688 0.961111 0.129688 0.963889 0.132812 0.969444 0.132812 0.975 0.134375 0.977778 0.135937 0.977778 0.1375 0.980556 0.139062 0.980556 0.148438 0.963889 0.151562 0.963889 0.153125 0.961111 0.15625 0.961111 0.157813 0.958333 0.160938 0.958333 0.1625 0.955556 0.170312 0.955556 0.171875 0.952778 0.203125 0.952778 0.204688 0.955556 0.235938 0.955556 0.2375 0.952778 0.254687 0.952778 0.25625 0.955556 0.260938 0.955556 0.2625 0.952778 0.353125 0.952778 0.354688 0.955556 0.365625 0.955556 0.367188 0.958333 0.396875 0.958333 0.398438 0.955556 0.410937 0.955556 0.4125 0.958333 0.41875 0.958333 0.420312 0.955556 0.442187 0.955556 0.44375 0.952778 0.6 0.952778 0.601562 0.955556 0.609375 0.955556 0.610937 0.952778 0.771875 0.952778 0.773438 0.95 0.79375 0.95 0.795313 0.952778 0.8125 0.952778 0.814062 0.955556 0.817187 0.955556 0.81875 0.958333 0.820312 0.958333 0.821875 0.961111 0.825 0.961111 0.83125 0.972222 0.834375 0.972222 0.835938 0.975 0.839063 0.975 0.842188 0.969444 0.842188 0.961111 0.845312 0.955556 0.845312 0.952778 0.846875 0.95 0.848437 0.95 0.851562 0.944444 0.857813 0.944444 0.857813 0.927778 0.851562 0.927778 0.85 0.925 0.848437 0.925 0.84375 0.916667 0.84375 0.905556 0.842188 0.902778 0.842188 0.827778 0.84375 0.825 0.84375 0.727778 0.845312 0.725 0.845312 0.608333 0.846875 0.605556 0.846875 0.377778 0.845312 0.375 0.845312 0.363889 0.846875 0.361111 0.845312 0.358333 0.845312 0.341667 0.846875 0.338889 0.846875 0.336111 0.845312 0.333333 0.845312 0.322222 0.846875 0.319444 0.846875 0.291667 0.845312 0.288889 0.845312 0.130556 0.84375 0.127778 0.84375 0.125 0.845312 0.122222 0.845312 0.075 0.846875 0.0722222 0.846875 0.0694444 0.853125 0.0583333 0.857813 0.0583333 0.857813 0.0388889 0.851562 0.0388889 0.845312 0.0277778 0.845312 0.025 0.842188 0.0194444 0.842188 0.00555556 0.835938 0.00555556 0.835938 0.0138889 0.832812 0.0194444 0.832812 0.0222222 0.828125 0.0305556 0.826563 0.0305556 0.825 0.0333333 0.817187 0.0333333 0.815625 0.0361111 0.771875 0.0361111 0.770312 0.0333333 0.43125 0.0333333 0.429688 0.0305556 0.326562 0.0305556 0.325 0.0277778 0.267188 0.0277778 0.265625 0.0305556 0.2625 0.0305556 0.260938 0.0277778 0.257812 0.0277778 0.25625 0.0305556 0.2375 0.0305556 0.235938 0.0277778 0.21875 0.0277778 0.217187 0.0305556 0.176563 0.0305556 0.175 0.0277778 0.173438 0.0277778 0.171875 0.025 0.170312 0.025 0.165625 0.0166667 0.165625 0.00555556
2 0.492188 0.394444 0.492188 0.411111 0.490625 0.413889 0.490625 0.441667 0.489062 0.444444 0.489062 0.447222 0.4875 0.45 0.485938 0.45 0.484375 0.452778 0.460938 0.452778 0.459375 0.455556 0.453125 0.455556 0.453125 0.475 0.459375 0.475 0.460938 0.477778 0.485938 0.477778 0.490625 0.486111 0.490625 0.516667 0.489062 0.519444 0.489062 0.527778 0.490625 0.530556 0.490625 0.547222 0.501562 0.547222 0.501562 0.533333 0.503125 0.530556 0.503125 0.488889 0.509375 0.477778 0.515625 0.477778 0.517187 0.480556 0.520312 0.480556 0.521875 0.483333 0.539062 0.483333 0.539062 0.455556 0.53125 0.455556 0.529688 0.452778 0.509375 0.452778 0.50625 0.447222 0.50625 0.394444
5 0.153125 0.872222 0.153125 0.913889 0.176563 0.913889 0.176563 0.872222
5 0.409375 0.616667 0.409375 0.658333 0.426562 0.658333 0.426562 0.616667
5 0.203125 0.783333 0.203125 0.825 0.217187 0.825 0.217187 0.813889 0.220313 0.808333 0.226562 0.808333 0.226562 0.783333
5 0.465625 0.494444 0.465625 0.525 0.482812 0.525 0.482812 0.494444
5 0.740625 0.394444 0.740625 0.436111 0.764063 0.436111 0.764063 0.394444
5 0.734375 0.516667 0.734375 0.558333 0.757812 0.558333 0.757812 0.527778 0.753125 0.527778 0.751562 0.525 0.751562 0.516667
5 0.309375 0.416667 0.309375 0.458333 0.326562 0.458333 0.326562 0.416667
5 0.803125 0.472222 0.803125 0.513889 0.826563 0.513889 0.826563 0.472222
5 0.421875 0.316667 0.421875 0.347222 0.439063 0.347222 0.439063 0.316667
5 0.290625 0.483333 0.290625 0.513889 0.314063 0.513889 0.314063 0.483333
5 0.234375 0.138889 0.234375 0.166667 0.240625 0.166667 0.242188 0.169444 0.242188 0.180556 0.257812 0.180556 0.257812 0.138889
5 0.378125 0.172222 0.378125 0.213889 0.401563 0.213889 0.401563 0.172222
