1 0.153125 0 0.153125 0.0111111 0.151562 0.0138889 0.151562 0.0166667 0.15 0.0194444 0.15 0.0222222 0.14375 0.0333333 0.142188 0.0333333 0.140625 0.0361111 0.140625 0.0388889 0.145313 0.0472222 0.145313 0.05 0.15 0.0583333 0.15 0.130556 0.148438 0.133333 0.148438 0.158333 0.146875 0.161111 0.146875 0.180556 0.145313 0.183333 0.145313 0.219444 0.14375 0.222222 0.14375 0.333333 0.142188 0.336111 0.142188 0.363889 0.140625 0.366667 0.140625 0.388889 0.139062 0.391667 0.139062 0.497222 0.1375 0.5 0.1375 0.611111 0.135937 0.613889 0.135937 0.719444 0.134375 0.722222 0.134375 0.769444 0.132812 0.772222 0.132812 0.872222 0.13125 0.875 0.13125 0.922222 0.129688 0.925 0.129688 0.927778 0.126563 0.933333 0.125 0.933333 0.123438 0.936111 0.115625 0.936111 0.115625 0.952778 0.123438 0.952778 0.125 0.955556 0.126563 0.955556 0.13125 0.963889 0.13125 0.966667 0.132812 0.969444 0.132812 0.980556 0.145313 0.980556 0.145313 0.969444 0.148438 0.963889 0.151562 0.963889 0.153125 0.961111 0.15625 0.961111 0.157813 0.958333 0.160938 0.958333 0.1625 0.955556 0.185937 0.955556 0.1875 0.952778 0.215625 0.952778 0.217187 0.955556 0.2375 0.955556 0.239063 0.952778 0.276563 0.952778 0.278125 0.955556 0.323438 0.955556 0.325 0.952778 0.345313 0.952778 0.346875 0.955556 0.364062 0.955556 0.365625 0.958333 0.395312 0.958333 0.396875 0.955556 0.409375 0.955556 0.410937 0.958333 0.425 0.958333 0.426562 0.955556 0.448438 0.955556 0.45 0.952778 0.598437 0.952778 0.6 0.955556 0.609375 0.955556 0.610937 0.952778 0.771875 0.952778 0.773438 0.95 0.80625 0.95 0.807813 0.952778 0.817187 0.952778 0.81875 0.955556 0.820312 0.955556 0.821875 0.958333 0.825 0.958333 0.83125 0.969444 0.83125 0.980556 0.840625 0.980556 0.840625 0.969444 0.842188 0.966667 0.842188 0.958333 0.851562 0.941667 0.857813 0.941667 0.857813 0.927778 0.851562 0.927778 0.85 0.925 0.848437 0.925 0.84375 0.916667 0.84375 0.8 0.842188 0.797222 0.842188 0.791667 0.84375 0.788889 0.84375 0.719444 0.845312 0.716667 0.845312 0.613889 0.846875 0.611111 0.846875 0.55 0.848437 0.547222 0.848437 0.486111 0.846875 0.483333 0.846875 0.422222 0.845312 0.419444 0.845312 0.241667 0.84375 0.238889 0.84375 0.186111 0.845312 0.183333 0.845312 0.180556 0.84375 0.177778 0.84375 0.0972222 0.845312 0.0944444 0.845312 0.075 0.846875 0.0722222 0.846875 0.0694444 0.848437 0.0666667 0.848437 0.0638889 0.851562 0.0583333 0.857813 0.0583333 0.857813 0.0416667 0.853125 0.0416667 0.84375 0.025 0.84375 0.0222222 0.842188 0.0194444 0.842188 0.0166667 0.840625 0.0138889 0.840625 0.00833333 0.839063 0.00833333 0.832812 0.0194444 0.832812 0.0222222 0.828125 0.0305556 0.826563 0.0305556 0.825 0.0333333 0.817187 0.0333333 0.815625 0.0361111 0.771875 0.0361111 0.770312 0.0333333 0.61875 0.0333333 0.617188 0.0305556 0.60625 0.0305556 0.604688 0.0333333 0.434375 0.0333333 0.432813 0.0305556 0.359375 0.0305556 0.357812 0.0277778 0.342187 0.0277778 0.340625 0.0305556 0.339063 0.0305556 0.3375 0.0277778 0.18125 0.0277778 0.179688 0.0305556 0.176563 0.0305556 0.173438 0.025 0.171875 0.025 0.165625 0.0138889 0.165625 0.00833333 0.164062 0.00555556 0.164062 0
2 0.490625 0.394444 0.490625 0.427778 0.489062 0.430556 0.489062 0.447222 0.4875 0.45 0.485938 0.45 0.484375 0.452778 0.4625 0.452778 0.460938 0.455556 0.453125 0.455556 0.453125 0.477778 0.485938 0.477778 0.490625 0.486111 0.490625 0.536111 0.503125 0.536111 0.503125 0.488889 0.509375 0.477778 0.515625 0.477778 0.517187 0.480556 0.521875 0.480556 0.523438 0.483333 0.539062 0.483333 0.539062 0.455556 0.53125 0.455556 0.529688 0.452778 0.509375 0.452778 0.50625 0.447222 0.50625 0.427778 0.504687 0.425 0.504687 0.394444
5 0.359375 0.605556 0.359375 0.647222 0.373437 0.647222 0.373437 0.636111 0.376563 0.630556 0.382812 0.630556 0.382812 0.605556
5 0.396875 0.872222 0.396875 0.913889 0.420312 0.913889 0.420312 0.886111 0.414062 0.886111 0.4125 0.883333 0.4125 0.872222
5 0.803125 0.883333 0.803125 0.925 0.826563 0.925 0.826563 0.883333
5 0.303125 0.483333 0.303125 0.525 0.326562 0.525 0.326562 0.483333
5 0.471875 0.494444 0.471875 0.525 0.489062 0.525 0.489062 0.494444
5 0.170312 0.527778 0.170312 0.536111 0.167187 0.541667 0.165625 0.541667 0.164062 0.544444 0.159375 0.544444 0.159375 0.569444 0.182812 0.569444 0.182812 0.527778
5 0.696875 0.816667 0.696875 0.847222 0.720312 0.847222 0.720312 0.816667
5 0.532812 0.538889 0.532812 0.552778 0.529688 0.558333 0.521875 0.558333 0.521875 0.580556 0.545313 0.580556 0.545313 0.555556 0.535937 0.555556 0.534375 0.552778 0.534375 0.538889
5 0.617188 0.05 0.617188 0.0611111 0.614062 0.0666667 0.609375 0.0666667 0.609375 0.0916667 0.632812 0.0916667 0.632812 0.05
5 0.715625 0.55 0.715625 0.591667 0.739062 0.591667 0.739062 0.561111 0.734375 0.561111 0.732813 0.558333 0.732813 0.55
5 0.153125 0.583333 0.153125 0.625 0.176563 0.625 0.176563 0.597222 0.171875 0.597222 0.16875 0.591667 0.16875 0.583333
5 0.615625 0.794444 0.615625 0.825 0.639063 0.825 0.639063 0.794444
5 0.553125 0.716667 0.553125 0.747222 0.576563 0.747222 0.576563 0.716667
5 0.803125 0.494444 0.798437 0.502778 0.790625 0.502778 0.790625 0.525 0.804688 0.525 0.804688 0.511111 0.80625 0.508333 0.807813 0.508333 0.809375 0.505556 0.814062 0.505556 0.814062 0.494444
