1 0.151562 0.00555556 0.151562 0.0194444 0.14375 0.0333333 0.142188 0.0333333 0.140625 0.0361111 0.139062 0.0361111 0.139062 0.0388889 0.140625 0.0416667 0.142188 0.0416667 0.14375 0.0444444 0.14375 0.0472222 0.15 0.0583333 0.15 0.130556 0.148438 0.133333 0.148438 0.155556 0.146875 0.158333 0.146875 0.180556 0.145313 0.183333 0.145313 0.227778 0.14375 0.230556 0.14375 0.325 0.142188 0.327778 0.142188 0.366667 0.140625 0.369444 0.140625 0.391667 0.139062 0.394444 0.139062 0.494444 0.1375 0.497222 0.1375 0.6 0.135937 0.602778 0.135937 0.719444 0.134375 0.722222 0.134375 0.780556 0.132812 0.783333 0.132812 0.869444 0.13125 0.872222 0.13125 0.919444 0.129688 0.922222 0.129688 0.927778 0.126563 0.933333 0.125 0.933333 0.123438 0.936111 0.115625 0.936111 0.115625 0.952778 0.123438 0.952778 0.125 0.955556 0.126563 0.955556 0.13125 0.963889 0.13125 0.966667 0.132812 0.969444 0.132812 0.980556 0.14375 0.980556 0.14375 0.972222 0.148438 0.963889 0.151562 0.963889 0.153125 0.961111 0.15625 0.961111 0.157813 0.958333 0.160938 0.958333 0.1625 0.955556 0.198437 0.955556 0.2 0.952778 0.204688 0.952778 0.20625 0.955556 0.239063 0.955556 0.240625 0.952778 0.271875 0.952778 0.273438 0.955556 0.2875 0.955556 0.289062 0.952778 0.292188 0.952778 0.29375 0.955556 0.360938 0.955556 0.3625 0.958333 0.429688 0.958333 0.43125 0.955556 0.44375 0.955556 0.445312 0.952778 0.484375 0.952778 0.485938 0.95 0.501562 0.95 0.503125 0.952778 0.509375 0.952778 0.510938 0.955556 0.53125 0.955556 0.532812 0.952778 0.5375 0.952778 0.539062 0.955556 0.540625 0.955556 0.542188 0.952778 0.579687 0.952778 0.58125 0.955556 0.584375 0.955556 0.585938 0.952778 0.595312 0.952778 0.596875 0.955556 0.609375 0.955556 0.610937 0.952778 0.770312 0.952778 0.771875 0.95 0.80625 0.95 0.807813 0.952778 0.817187 0.952778 0.81875 0.955556 0.820312 0.955556 0.821875 0.958333 0.823438 0.958333 0.825 0.961111 0.826563 0.961111 0.83125 0.969444 0.83125 0.980556 0.842188 0.980556 0.842188 0.961111 0.84375 0.958333 0.84375 0.955556 0.848437 0.947222 0.85 0.947222 0.853125 0.941667 0.857813 0.941667 0.857813 0.925 0.85 0.925 0.84375 0.913889 0.84375 0.825 0.842188 0.822222 0.842188 0.763889 0.84375 0.761111 0.84375 0.694444 0.845312 0.691667 0.84375 0.688889 0.84375 0.677778 0.845312 0.675 0.845312 0.591667 0.846875 0.588889 0.846875 0.533333 0.845312 0.530556 0.845312 0.225 0.84375 0.222222 0.84375 0.1 0.845312 0.0972222 0.845312 0.0722222 0.846875 0.0694444 0.846875 0.0666667 0.851562 0.0583333 0.857813 0.0583333 0.857813 0.0416667 0.853125 0.0416667 0.84375 0.025 0.84375 0.0222222 0.842188 0.0194444 0.842188 0.0166667 0.840625 0.0138889 0.840625 0.00555556 0.835938 0.00555556 0.835938 0.0138889 0.832812 0.0194444 0.832812 0.0222222 0.828125 0.0305556 0.826563 0.0305556 0.825 0.0333333 0.817187 0.0333333 0.815625 0.0361111 0.779688 0.0361111 0.778125 0.0333333 0.63125 0.0333333 0.629687 0.0305556 0.596875 0.0305556 0.595312 0.0333333 0.439063 0.0333333 0.4375 0.0305556 0.354688 0.0305556 0.353125 0.0277778 0.260938 0.0277778 0.259375 0.025 0.257812 0.025 0.25625 0.0277778 0.18125 0.0277778 0.179688 0.0305556 0.178125 0.0305556 0.176563 0.0277778 0.175 0.0277778 0.173438 0.025 0.171875 0.025 0.165625 0.0138889 0.165625 0.00555556
5 0.209375 0.627778 0.209375 0.669444 0.223438 0.669444 0.223438 0.658333 0.226562 0.652778 0.232812 0.652778 0.232812 0.627778
2 0.490625 0.394444 0.490625 0.427778 0.489062 0.430556 0.489062 0.444444 0.484375 0.452778 0.4625 0.452778 0.460938 0.455556 0.453125 0.455556 0.453125 0.477778 0.485938 0.477778 0.490625 0.486111 0.490625 0.536111 0.503125 0.536111 0.503125 0.491667 0.504687 0.488889 0.504687 0.486111 0.509375 0.477778 0.514063 0.477778 0.515625 0.480556 0.520312 0.480556 0.521875 0.483333 0.539062 0.483333 0.539062 0.455556 0.53125 0.455556 0.529688 0.452778 0.509375 0.452778 0.50625 0.447222 0.50625 0.425 0.504687 0.422222 0.504687 0.394444
5 0.478125 0.894444 0.478125 0.936111 0.501562 0.936111 0.501562 0.894444
5 0.190625 0.472222 0.190625 0.513889 0.214062 0.513889 0.214062 0.472222
5 0.396875 0.183333 0.396875 0.213889 0.414062 0.213889 0.414062 0.183333
5 0.471875 0.494444 0.471875 0.525 0.489062 0.525 0.489062 0.494444
5 0.534375 0.772222 0.534375 0.8 0.539062 0.8 0.540625 0.802778 0.540625 0.813889 0.557813 0.813889 0.557813 0.772222
5 0.790625 0.872222 0.790625 0.913889 0.814062 0.913889 0.814062 0.872222
5 0.615625 0.761111 0.615625 0.791667 0.639063 0.791667 0.639063 0.761111
5 0.534375 0.538889 0.534375 0.555556 0.532812 0.558333 0.521875 0.558333 0.521875 0.580556 0.545313 0.580556 0.545313 0.555556 0.535937 0.555556 0.534375 0.552778
5 0.234375 0.505556 0.234375 0.536111 0.257812 0.536111 0.257812 0.505556
5 0.390625 0.894444 0.390625 0.925 0.414062 0.925 0.414062 0.894444
5 0.617188 0.05 0.617188 0.0611111 0.614062 0.0666667 0.609375 0.0666667 0.609375 0.0916667 0.632812 0.0916667 0.632812 0.05
5 0.553125 0.716667 0.553125 0.747222 0.576563 0.747222 0.576563 0.716667
5 0.284375 0.572222 0.284375 0.602778 0.307813 0.602778 0.307813 0.572222
