1 0.154687 0 0.154687 0.00555556 0.153125 0.00833333 0.153125 0.0138889 0.151562 0.0166667 0.151562 0.0194444 0.15 0.0222222 0.15 0.025 0.146875 0.0305556 0.145313 0.0305556 0.14375 0.0333333 0.142188 0.0333333 0.140625 0.0361111 0.140625 0.0388889 0.145313 0.0472222 0.145313 0.05 0.15 0.0583333 0.15 0.0694444 0.151562 0.0722222 0.151562 0.105556 0.15 0.108333 0.15 0.136111 0.148438 0.138889 0.148438 0.161111 0.146875 0.163889 0.146875 0.180556 0.145313 0.183333 0.145313 0.202778 0.14375 0.205556 0.14375 0.35 0.142188 0.352778 0.142188 0.377778 0.140625 0.380556 0.140625 0.391667 0.139062 0.394444 0.139062 0.4 0.140625 0.402778 0.139062 0.405556 0.139062 0.513889 0.1375 0.516667 0.1375 0.658333 0.135937 0.661111 0.135937 0.747222 0.134375 0.75 0.134375 0.833333 0.132812 0.836111 0.132812 0.875 0.13125 0.877778 0.13125 0.919444 0.129688 0.922222 0.129688 0.927778 0.126563 0.933333 0.123438 0.933333 0.121875 0.936111 0.115625 0.936111 0.115625 0.952778 0.123438 0.952778 0.128125 0.961111 0.128125 0.969444 0.159375 0.969444 0.159375 0.961111 0.1625 0.955556 0.167187 0.955556 0.16875 0.952778 0.203125 0.952778 0.204688 0.955556 0.235938 0.955556 0.2375 0.952778 0.3125 0.952778 0.314063 0.955556 0.321875 0.955556 0.323438 0.952778 0.346875 0.952778 0.348437 0.955556 0.3625 0.955556 0.364062 0.958333 0.367188 0.958333 0.36875 0.961111 0.36875 0.969444 0.390625 0.969444 0.390625 0.961111 0.392188 0.958333 0.407813 0.958333 0.409375 0.961111 0.409375 0.969444 0.421875 0.969444 0.421875 0.961111 0.423438 0.958333 0.428125 0.958333 0.429688 0.955556 0.445312 0.955556 0.446875 0.952778 0.55 0.952778 0.551562 0.955556 0.553125 0.955556 0.554688 0.952778 0.570312 0.952778 0.571875 0.955556 0.592188 0.955556 0.59375 0.952778 0.598437 0.952778 0.6 0.955556 0.609375 0.955556 0.610937 0.952778 0.754687 0.952778 0.75625 0.95 0.795313 0.95 0.796875 0.952778 0.810938 0.952778 0.8125 0.955556 0.817187 0.955556 0.81875 0.958333 0.820312 0.958333 0.821875 0.961111 0.821875 0.969444 0.842188 0.969444 0.842188 0.961111 0.84375 0.958333 0.84375 0.955556 0.846875 0.95 0.848437 0.95 0.854688 0.938889 0.85625 0.938889 0.857813 0.936111 0.85625 0.936111 0.853125 0.930556 0.853125 0.927778 0.851562 0.925 0.85 0.925 0.848437 0.922222 0.846875 0.922222 0.84375 0.916667 0.84375 0.905556 0.842188 0.902778 0.842188 0.822222 0.84375 0.819444 0.84375 0.725 0.845312 0.722222 0.845312 0.633333 0.846875 0.630556 0.846875 0.619444 0.845312 0.616667 0.845312 0.613889 0.846875 0.611111 0.846875 0.508333 0.845312 0.505556 0.845312 0.5 0.846875 0.497222 0.846875 0.486111 0.845312 0.483333 0.846875 0.480556 0.846875 0.405556 0.845312 0.402778 0.845312 0.0944444 0.846875 0.0916667 0.846875 0.0694444 0.853125 0.0583333 0.853125 0.0555556 0.857813 0.0472222 0.854688 0.0416667 0.854688 0.0388889 0.853125 0.0388889 0.845312 0.025 0.845312 0.0222222 0.842188 0.0166667 0.842188 0 0.839063 0 0.839063 0.00277778 0.8375 0.00555556 0.8375 0.0111111 0.834375 0.0166667 0.834375 0.0194444 0.828125 0.0305556 0.826563 0.0305556 0.825 0.0333333 0.814062 0.0333333 0.8125 0.0361111 0.804688 0.0361111 0.803125 0.0333333 0.801562 0.0361111 0.773438 0.0361111 0.771875 0.0333333 0.642187 0.0333333 0.640625 0.0305556 0.63125 0.0305556 0.629687 0.0333333 0.596875 0.0333333 0.595312 0.0305556 0.56875 0.0305556 0.567187 0.0333333 0.44375 0.0333333 0.442187 0.0305556 0.425 0.0305556 0.423438 0.0277778 0.3625 0.0277778 0.360938 0.025 0.354688 0.025 0.353125 0.0277778 0.326562 0.0277778 0.325 0.025 0.282813 0.025 0.28125 0.0277778 0.273438 0.0277778 0.271875 0.025 0.26875 0.025 0.267188 0.0277778 0.260938 0.0277778 0.259375 0.025 0.257812 0.025 0.25625 0.0277778 0.248437 0.0277778 0.246875 0.025 0.24375 0.025 0.242188 0.0277778 0.240625 0.0277778 0.239063 0.025 0.217187 0.025 0.215625 0.0277778 0.201562 0.0277778 0.2 0.025 0.173438 0.025 0.171875 0.0222222 0.170312 0.0222222 0.16875 0.0194444 0.167187 0.0194444 0.165625 0.0166667 0.165625 0.00555556 0.164062 0.00277778 0.164062 0
5 0.534375 0.85 0.534375 0.891667 0.548437 0.891667 0.548437 0.880556 0.551562 0.875 0.557813 0.875 0.557813 0.85
5 0.203125 0.65 0.203125 0.691667 0.226562 0.691667 0.226562 0.65
5 0.209375 0.805556 0.209375 0.847222 0.223438 0.847222 0.223438 0.836111 0.226562 0.830556 0.232812 0.830556 0.232812 0.805556
5 0.159375 0.205556 0.159375 0.236111 0.182812 0.236111 0.182812 0.205556
5 0.578125 0.894444 0.578125 0.922222 0.582812 0.922222 0.585938 0.927778 0.585938 0.936111 0.601562 0.936111 0.601562 0.894444
2 0.492188 0.394444 0.492188 0.408333 0.490625 0.411111 0.490625 0.438889 0.489062 0.441667 0.489062 0.447222 0.4875 0.45 0.484375 0.45 0.482812 0.452778 0.453125 0.452778 0.453125 0.475 0.4625 0.475 0.464063 0.477778 0.4875 0.477778 0.490625 0.483333 0.490625 0.536111 0.503125 0.536111 0.503125 0.488889 0.504687 0.486111 0.504687 0.483333 0.507812 0.477778 0.515625 0.477778 0.517187 0.480556 0.521875 0.480556 0.523438 0.483333 0.539062 0.483333 0.539062 0.455556 0.532812 0.455556 0.53125 0.452778 0.509375 0.452778 0.50625 0.447222 0.50625 0.408333 0.504687 0.405556 0.504687 0.394444
5 0.678125 0.861111 0.678125 0.902778 0.701563 0.902778 0.701563 0.861111
5 0.378125 0.883333 0.378125 0.925 0.395312 0.925 0.395312 0.916667 0.396875 0.913889 0.401563 0.913889 0.401563 0.883333
5 0.165625 0.883333 0.165625 0.925 0.179688 0.925 0.179688 0.913889 0.182812 0.908333 0.189063 0.908333 0.189063 0.883333
5 0.584375 0.05 0.584375 0.0916667 0.607813 0.0916667 0.607813 0.05
5 0.440625 0.761111 0.440625 0.802778 0.457812 0.802778 0.457812 0.761111
5 0.265625 0.794444 0.265625 0.836111 0.279687 0.836111 0.279687 0.825 0.282813 0.819444 0.289062 0.819444 0.289062 0.794444
5 0.740625 0.833333 0.739062 0.830556 0.734375 0.830556 0.734375 0.844444 0.739062 0.844444 0.740625 0.841667 0.740625 0.833333 0.745313 0.825 0.748438 0.825 0.75 0.827778 0.757812 0.827778 0.757812 0.816667 0.745313 0.816667 0.745313 0.825
