1 0.153125 0.00555556 0.153125 0.0166667 0.15 0.0222222 0.15 0.025 0.148438 0.0277778 0.146875 0.0277778 0.14375 0.0333333 0.142188 0.0333333 0.140625 0.0361111 0.140625 0.0388889 0.14375 0.0444444 0.14375 0.0472222 0.15 0.0583333 0.15 0.0666667 0.151562 0.0694444 0.151562 0.1 0.15 0.102778 0.15 0.144444 0.148438 0.147222 0.148438 0.180556 0.146875 0.183333 0.146875 0.213889 0.145313 0.216667 0.145313 0.25 0.14375 0.252778 0.14375 0.361111 0.142188 0.363889 0.142188 0.386111 0.140625 0.388889 0.140625 0.413889 0.139062 0.416667 0.139062 0.516667 0.1375 0.519444 0.1375 0.680556 0.135937 0.683333 0.135937 0.761111 0.134375 0.763889 0.134375 0.830556 0.132812 0.833333 0.132812 0.877778 0.13125 0.880556 0.13125 0.922222 0.129688 0.925 0.129688 0.927778 0.128125 0.930556 0.121875 0.930556 0.121875 0.955556 0.126563 0.955556 0.132812 0.966667 0.132812 0.980556 0.14375 0.980556 0.14375 0.972222 0.148438 0.963889 0.15 0.963889 0.151562 0.961111 0.154687 0.961111 0.15625 0.958333 0.159375 0.958333 0.160938 0.955556 0.2 0.955556 0.201562 0.952778 0.203125 0.955556 0.239063 0.955556 0.240625 0.952778 0.354688 0.952778 0.35625 0.955556 0.365625 0.955556 0.367188 0.958333 0.395312 0.958333 0.396875 0.955556 0.442187 0.955556 0.44375 0.952778 0.51875 0.952778 0.520312 0.955556 0.553125 0.955556 0.554688 0.952778 0.564062 0.952778 0.565625 0.955556 0.571875 0.955556 0.573438 0.958333 0.584375 0.958333 0.585938 0.955556 0.610937 0.955556 0.6125 0.952778 0.771875 0.952778 0.773438 0.95 0.79375 0.95 0.795313 0.952778 0.8125 0.952778 0.814062 0.955556 0.81875 0.955556 0.820312 0.958333 0.821875 0.958333 0.823438 0.961111 0.825 0.961111 0.83125 0.972222 0.83125 0.980556 0.840625 0.980556 0.840625 0.972222 0.842188 0.969444 0.842188 0.961111 0.84375 0.958333 0.84375 0.955556 0.846875 0.95 0.848437 0.95 0.851562 0.944444 0.857813 0.944444 0.857813 0.927778 0.851562 0.927778 0.848437 0.922222 0.846875 0.922222 0.845312 0.919444 0.845312 0.916667 0.84375 0.913889 0.84375 0.897222 0.842188 0.894444 0.842188 0.830556 0.84375 0.827778 0.84375 0.733333 0.845312 0.730556 0.845312 0.613889 0.846875 0.611111 0.846875 0.394444 0.845312 0.391667 0.846875 0.388889 0.846875 0.380556 0.845312 0.377778 0.845312 0.133333 0.84375 0.130556 0.84375 0.127778 0.845312 0.125 0.845312 0.0888889 0.846875 0.0861111 0.846875 0.0694444 0.851562 0.0611111 0.857813 0.0611111 0.857813 0.0388889 0.851562 0.0388889 0.845312 0.0277778 0.845312 0.025 0.842188 0.0194444 0.842188 0.0166667 0.840625 0.0138889 0.840625 0.00555556 0.8375 0.00555556 0.8375 0.0138889 0.826563 0.0333333 0.81875 0.0333333 0.817187 0.0361111 0.78125 0.0361111 0.779688 0.0333333 0.473437 0.0333333 0.471875 0.0305556 0.457812 0.0305556 0.45625 0.0333333 0.448438 0.0333333 0.446875 0.0305556 0.423438 0.0305556 0.421875 0.0277778 0.40625 0.0277778 0.404687 0.0305556 0.401563 0.0305556 0.4 0.0277778 0.376563 0.0277778 0.375 0.025 0.28125 0.025 0.279687 0.0277778 0.273438 0.0277778 0.271875 0.025 0.26875 0.025 0.267188 0.0277778 0.235938 0.0277778 0.234375 0.025 0.21875 0.025 0.217187 0.0277778 0.179688 0.0277778 0.178125 0.0305556 0.176563 0.0277778 0.175 0.0277778 0.173438 0.025 0.171875 0.025 0.170312 0.0222222 0.16875 0.0222222 0.165625 0.0166667 0.165625 0.00555556
5 0.415625 0.761111 0.415625 0.802778 0.439063 0.802778 0.439063 0.761111
5 0.578125 0.894444 0.578125 0.936111 0.601562 0.936111 0.601562 0.894444
5 0.371875 0.694444 0.371875 0.725 0.395312 0.725 0.395312 0.694444
5 0.678125 0.861111 0.678125 0.902778 0.701563 0.902778 0.701563 0.861111
5 0.546875 0.894444 0.546875 0.936111 0.564062 0.936111 0.564062 0.894444
2 0.492188 0.394444 0.492188 0.413889 0.490625 0.416667 0.490625 0.441667 0.489062 0.444444 0.489062 0.447222 0.4875 0.45 0.485938 0.45 0.484375 0.452778 0.453125 0.452778 0.453125 0.475 0.460938 0.475 0.4625 0.477778 0.485938 0.477778 0.490625 0.486111 0.490625 0.536111 0.503125 0.536111 0.503125 0.488889 0.509375 0.477778 0.515625 0.477778 0.517187 0.480556 0.523438 0.480556 0.525 0.483333 0.534375 0.483333 0.540625 0.472222 0.545313 0.472222 0.545313 0.466667 0.540625 0.466667 0.5375 0.461111 0.5375 0.458333 0.535937 0.455556 0.532812 0.455556 0.53125 0.452778 0.509375 0.452778 0.50625 0.447222 0.50625 0.394444
5 0.209375 0.805556 0.209375 0.847222 0.223438 0.847222 0.223438 0.838889 0.228125 0.830556 0.232812 0.830556 0.232812 0.805556
5 0.471875 0.161111 0.471875 0.202778 0.495313 0.202778 0.495313 0.172222 0.490625 0.172222 0.489062 0.169444 0.489062 0.161111
5 0.328125 0.105556 0.328125 0.133333 0.334375 0.133333 0.335938 0.136111 0.335938 0.147222 0.351562 0.147222 0.351562 0.105556
5 0.490625 0.0722222 0.490625 0.113889 0.507812 0.113889 0.507812 0.0722222
5 0.496875 0.0944444 0.496875 0.111111 0.503125 0.111111 0.504687 0.113889 0.504687 0.116667 0.501562 0.122222 0.496875 0.122222 0.496875 0.136111 0.520312 0.136111 0.520312 0.0944444
5 0.409375 0.816667 0.409375 0.847222 0.432813 0.847222 0.432813 0.816667
5 0.509375 0.183333 0.509375 0.197222 0.514063 0.197222 0.517187 0.191667 0.517187 0.183333
