1 0.151562 0.00555556 0.151562 0.0166667 0.15 0.0194444 0.15 0.0222222 0.145313 0.0305556 0.14375 0.0305556 0.140625 0.0361111 0.139062 0.0361111 0.139062 0.0388889 0.15 0.0583333 0.15 0.125 0.148438 0.127778 0.148438 0.144444 0.146875 0.147222 0.146875 0.163889 0.145313 0.166667 0.145313 0.202778 0.14375 0.205556 0.14375 0.325 0.142188 0.327778 0.142188 0.355556 0.140625 0.358333 0.140625 0.386111 0.139062 0.388889 0.139062 0.452778 0.1375 0.455556 0.1375 0.463889 0.139062 0.466667 0.139062 0.472222 0.1375 0.475 0.1375 0.566667 0.135937 0.569444 0.135937 0.655556 0.134375 0.658333 0.134375 0.672222 0.135937 0.675 0.135937 0.716667 0.134375 0.719444 0.134375 0.755556 0.132812 0.758333 0.132812 0.802778 0.13125 0.805556 0.132812 0.808333 0.132812 0.841667 0.13125 0.844444 0.13125 0.922222 0.129688 0.925 0.129688 0.927778 0.126563 0.933333 0.121875 0.933333 0.121875 0.958333 0.128125 0.958333 0.129688 0.961111 0.129688 0.963889 0.13125 0.966667 0.13125 0.972222 0.132812 0.975 0.132812 0.977778 0.135937 0.983333 0.135937 0.991667 0.139062 0.991667 0.139062 0.983333 0.140625 0.980556 0.140625 0.977778 0.145313 0.969444 0.146875 0.969444 0.15 0.963889 0.153125 0.963889 0.154687 0.961111 0.157813 0.961111 0.159375 0.958333 0.1625 0.958333 0.164062 0.955556 0.198437 0.955556 0.2 0.952778 0.203125 0.952778 0.204688 0.955556 0.3 0.955556 0.301562 0.952778 0.303125 0.955556 0.3375 0.955556 0.339063 0.952778 0.340625 0.952778 0.342187 0.955556 0.365625 0.955556 0.367188 0.958333 0.4 0.958333 0.401563 0.955556 0.409375 0.955556 0.410937 0.958333 0.423438 0.958333 0.425 0.955556 0.470313 0.955556 0.471875 0.952778 0.515625 0.952778 0.517187 0.955556 0.5875 0.955556 0.589063 0.952778 0.595312 0.952778 0.596875 0.955556 0.609375 0.955556 0.610937 0.952778 0.7875 0.952778 0.789062 0.95 0.790625 0.952778 0.809375 0.952778 0.810938 0.955556 0.817187 0.955556 0.81875 0.958333 0.820312 0.958333 0.821875 0.961111 0.825 0.961111 0.83125 0.972222 0.832812 0.972222 0.834375 0.975 0.839063 0.975 0.840625 0.972222 0.840625 0.966667 0.842188 0.963889 0.842188 0.958333 0.85 0.944444 0.851562 0.944444 0.854688 0.938889 0.854688 0.933333 0.848437 0.922222 0.846875 0.922222 0.84375 0.916667 0.84375 0.913889 0.842188 0.911111 0.842188 0.747222 0.84375 0.744444 0.84375 0.658333 0.845312 0.655556 0.845312 0.583333 0.846875 0.580556 0.846875 0.533333 0.845312 0.530556 0.845312 0.461111 0.846875 0.458333 0.846875 0.444444 0.845312 0.441667 0.845312 0.291667 0.84375 0.288889 0.84375 0.0833333 0.845312 0.0805556 0.845312 0.0722222 0.846875 0.0694444 0.846875 0.0666667 0.853125 0.0555556 0.853125 0.0527778 0.854688 0.05 0.85625 0.05 0.85625 0.0472222 0.853125 0.0416667 0.853125 0.0388889 0.851562 0.0388889 0.842188 0.0222222 0.842188 0.0194444 0.840625 0.0166667 0.840625 0.00555556 0.8375 0.00555556 0.8375 0.0138889 0.832812 0.0222222 0.832812 0.025 0.83125 0.0277778 0.829687 0.0277778 0.826563 0.0333333 0.817187 0.0333333 0.815625 0.0361111 0.804688 0.0361111 0.803125 0.0333333 0.8 0.0333333 0.798437 0.0361111 0.75625 0.0361111 0.754687 0.0333333 0.439063 0.0333333 0.4375 0.0305556 0.428125 0.0305556 0.426562 0.0277778 0.401563 0.0277778 0.4 0.025 0.342187 0.025 0.340625 0.0277778 0.284375 0.0277778 0.282813 0.0305556 0.275 0.0305556 0.273438 0.0277778 0.215625 0.0277778 0.214062 0.0305556 0.175 0.0305556 0.171875 0.025 0.170312 0.025 0.164062 0.0138889 0.164062 0.00555556
2 0.490625 0.394444 0.490625 0.422222 0.489062 0.425 0.489062 0.441667 0.4875 0.444444 0.4875 0.447222 0.485938 0.45 0.484375 0.45 0.482812 0.452778 0.460938 0.452778 0.459375 0.455556 0.453125 0.455556 0.453125 0.477778 0.4625 0.477778 0.464063 0.480556 0.48125 0.480556 0.482812 0.477778 0.484375 0.477778 0.485938 0.480556 0.4875 0.480556 0.489062 0.483333 0.489062 0.486111 0.490625 0.488889 0.490625 0.522222 0.489062 0.525 0.490625 0.527778 0.490625 0.547222 0.5 0.547222 0.5 0.538889 0.501562 0.536111 0.501562 0.533333 0.503125 0.530556 0.503125 0.488889 0.507812 0.480556 0.517187 0.480556 0.51875 0.483333 0.539062 0.483333 0.539062 0.455556 0.53125 0.455556 0.529688 0.452778 0.509375 0.452778 0.50625 0.447222 0.50625 0.433333 0.504687 0.430556 0.504687 0.394444
5 0.496875 0.816667 0.496875 0.858333 0.514063 0.858333 0.514063 0.816667
5 0.746875 0.105556 0.746875 0.136111 0.770312 0.136111 0.770312 0.105556
5 0.382812 0.647222 0.378125 0.647222 0.378125 0.65 0.382812 0.65 0.382812 0.647222 0.389062 0.636111 0.390625 0.638889 0.392188 0.636111 0.392188 0.627778 0.389062 0.627778 0.389062 0.636111
5 0.746875 0.483333 0.746875 0.525 0.770312 0.525 0.770312 0.497222 0.765625 0.497222 0.7625 0.491667 0.7625 0.483333
5 0.721875 0.261111 0.721875 0.291667 0.745313 0.291667 0.745313 0.261111
5 0.779688 0.138889 0.779688 0.147222 0.776563 0.152778 0.771875 0.152778 0.771875 0.180556 0.795313 0.180556 0.795313 0.15 0.790625 0.15 0.789062 0.147222 0.789062 0.138889
5 0.653125 0.0722222 0.653125 0.102778 0.676562 0.102778 0.676562 0.0722222
5 0.584375 0.205556 0.584375 0.236111 0.607813 0.236111 0.607813 0.205556
5 0.365625 0.0611111 0.365625 0.0916667 0.389062 0.0916667 0.389062 0.0611111
