1 0.151562 0.00555556 0.151562 0.0194444 0.14375 0.0333333 0.142188 0.0333333 0.140625 0.0361111 0.140625 0.0388889 0.14375 0.0444444 0.14375 0.0472222 0.15 0.0583333 0.15 0.127778 0.148438 0.130556 0.148438 0.152778 0.146875 0.155556 0.146875 0.175 0.145313 0.177778 0.145313 0.238889 0.14375 0.241667 0.14375 0.322222 0.142188 0.325 0.142188 0.352778 0.140625 0.355556 0.140625 0.377778 0.139062 0.380556 0.139062 0.5 0.1375 0.502778 0.1375 0.636111 0.135937 0.638889 0.135937 0.719444 0.134375 0.722222 0.134375 0.772222 0.132812 0.775 0.132812 0.85 0.13125 0.852778 0.13125 0.919444 0.129688 0.922222 0.129688 0.927778 0.126563 0.933333 0.125 0.933333 0.123438 0.936111 0.115625 0.936111 0.115625 0.952778 0.123438 0.952778 0.125 0.955556 0.126563 0.955556 0.129688 0.961111 0.129688 0.963889 0.13125 0.966667 0.13125 0.969444 0.132812 0.972222 0.132812 0.975 0.134375 0.977778 0.135937 0.977778 0.1375 0.980556 0.139062 0.980556 0.148438 0.963889 0.15 0.963889 0.151562 0.961111 0.15625 0.961111 0.157813 0.958333 0.160938 0.958333 0.1625 0.955556 0.189063 0.955556 0.190625 0.952778 0.20625 0.952778 0.207813 0.955556 0.301562 0.955556 0.303125 0.952778 0.317187 0.952778 0.31875 0.955556 0.3625 0.955556 0.364062 0.958333 0.428125 0.958333 0.429688 0.955556 0.446875 0.955556 0.448438 0.952778 0.598437 0.952778 0.6 0.955556 0.609375 0.955556 0.610937 0.952778 0.764063 0.952778 0.765625 0.95 0.78125 0.95 0.782812 0.952778 0.784375 0.952778 0.785937 0.95 0.792188 0.95 0.79375 0.952778 0.810938 0.952778 0.8125 0.955556 0.817187 0.955556 0.81875 0.958333 0.820312 0.958333 0.821875 0.961111 0.823438 0.961111 0.825 0.963889 0.826563 0.963889 0.83125 0.972222 0.832812 0.972222 0.834375 0.975 0.840625 0.975 0.840625 0.972222 0.842188 0.969444 0.842188 0.961111 0.84375 0.958333 0.84375 0.955556 0.848437 0.947222 0.85 0.947222 0.851562 0.944444 0.857813 0.944444 0.857813 0.927778 0.851562 0.927778 0.85 0.925 0.848437 0.925 0.84375 0.916667 0.84375 0.908333 0.842188 0.905556 0.842188 0.766667 0.84375 0.763889 0.84375 0.680556 0.845312 0.677778 0.845312 0.65 0.846875 0.647222 0.846875 0.572222 0.848437 0.569444 0.848437 0.538889 0.846875 0.536111 0.846875 0.491667 0.845312 0.488889 0.845312 0.472222 0.846875 0.469444 0.846875 0.427778 0.845312 0.425 0.845312 0.247222 0.84375 0.244444 0.84375 0.0944444 0.845312 0.0916667 0.845312 0.0722222 0.846875 0.0694444 0.846875 0.0666667 0.851562 0.0583333 0.857813 0.0583333 0.857813 0.0388889 0.851562 0.0388889 0.84375 0.025 0.84375 0.0222222 0.842188 0.0194444 0.842188 0.0166667 0.840625 0.0138889 0.840625 0.00555556 0.834375 0.00555556 0.834375 0.0166667 0.83125 0.0222222 0.83125 0.025 0.828125 0.0305556 0.826563 0.0305556 0.825 0.0333333 0.815625 0.0333333 0.814062 0.0361111 0.804688 0.0361111 0.803125 0.0333333 0.801562 0.0361111 0.770312 0.0361111 0.76875 0.0333333 0.4375 0.0333333 0.435937 0.0305556 0.346875 0.0305556 0.345313 0.0277778 0.342187 0.0277778 0.340625 0.0305556 0.339063 0.0277778 0.2375 0.0277778 0.235938 0.025 0.21875 0.025 0.217187 0.0277778 0.204688 0.0277778 0.203125 0.0305556 0.176563 0.0305556 0.175 0.0277778 0.173438 0.0277778 0.170312 0.0222222 0.16875 0.0222222 0.165625 0.0166667 0.165625 0.00555556
5 0.209375 0.738889 0.209375 0.780556 0.223438 0.780556 0.223438 0.772222 0.228125 0.763889 0.232812 0.763889 0.232812 0.738889
2 0.490625 0.394444 0.490625 0.425 0.489062 0.427778 0.489062 0.444444 0.484375 0.452778 0.460938 0.452778 0.459375 0.455556 0.453125 0.455556 0.453125 0.477778 0.460938 0.477778 0.4625 0.480556 0.467187 0.480556 0.46875 0.477778 0.484375 0.477778 0.485938 0.480556 0.4875 0.480556 0.489062 0.483333 0.489062 0.486111 0.490625 0.488889 0.490625 0.508333 0.489062 0.511111 0.489062 0.527778 0.490625 0.530556 0.490625 0.536111 0.492188 0.538889 0.492188 0.547222 0.5 0.547222 0.5 0.536111 0.503125 0.530556 0.503125 0.488889 0.504687 0.486111 0.504687 0.483333 0.50625 0.480556 0.507812 0.480556 0.509375 0.477778 0.515625 0.477778 0.517187 0.480556 0.520312 0.480556 0.521875 0.483333 0.539062 0.483333 0.539062 0.455556 0.53125 0.455556 0.529688 0.452778 0.509375 0.452778 0.50625 0.447222 0.50625 0.425 0.504687 0.422222 0.504687 0.394444
5 0.228125 0.661111 0.228125 0.702778 0.24375 0.702778 0.24375 0.694444 0.246875 0.688889 0.251563 0.688889 0.251563 0.661111
5 0.809375 0.538889 0.809375 0.580556 0.826563 0.580556 0.826563 0.569444 0.828125 0.566667 0.832812 0.566667 0.832812 0.538889
5 0.296875 0.894444 0.296875 0.936111 0.3125 0.936111 0.3125 0.927778 0.315625 0.922222 0.320312 0.922222 0.320312 0.894444
5 0.603125 0.805556 0.603125 0.847222 0.620313 0.847222 0.620313 0.805556
5 0.459375 0.494444 0.459375 0.536111 0.476562 0.536111 0.476562 0.494444
5 0.159375 0.372222 0.159375 0.413889 0.182812 0.413889 0.182812 0.372222
5 0.284375 0.727778 0.284375 0.758333 0.307813 0.758333 0.307813 0.727778
5 0.240625 0.694444 0.240625 0.725 0.257812 0.725 0.257812 0.694444
5 0.765625 0.55 0.765625 0.591667 0.782812 0.591667 0.782812 0.55
5 0.271875 0.161111 0.271875 0.191667 0.295312 0.191667 0.295312 0.161111
