1 0.151562 0.00555556 0.151562 0.0194444 0.145313 0.0305556 0.14375 0.0305556 0.140625 0.0361111 0.139062 0.0361111 0.139062 0.0388889 0.140625 0.0388889 0.14375 0.0444444 0.14375 0.0472222 0.15 0.0583333 0.15 0.125 0.148438 0.127778 0.148438 0.152778 0.146875 0.155556 0.146875 0.177778 0.145313 0.180556 0.145313 0.227778 0.14375 0.230556 0.14375 0.325 0.142188 0.327778 0.142188 0.358333 0.140625 0.361111 0.140625 0.383333 0.139062 0.386111 0.139062 0.491667 0.1375 0.494444 0.1375 0.636111 0.135937 0.638889 0.135937 0.725 0.134375 0.727778 0.134375 0.777778 0.132812 0.780556 0.132812 0.85 0.13125 0.852778 0.13125 0.922222 0.129688 0.925 0.129688 0.927778 0.126563 0.933333 0.125 0.933333 0.123438 0.936111 0.115625 0.936111 0.115625 0.952778 0.123438 0.952778 0.125 0.955556 0.126563 0.955556 0.129688 0.961111 0.129688 0.963889 0.13125 0.966667 0.13125 0.969444 0.132812 0.972222 0.132812 0.975 0.134375 0.977778 0.135937 0.977778 0.1375 0.980556 0.139062 0.980556 0.148438 0.963889 0.151562 0.963889 0.153125 0.961111 0.15625 0.961111 0.157813 0.958333 0.160938 0.958333 0.1625 0.955556 0.1875 0.955556 0.189063 0.952778 0.204688 0.952778 0.20625 0.955556 0.282813 0.955556 0.284375 0.952778 0.31875 0.952778 0.320312 0.955556 0.321875 0.955556 0.323438 0.952778 0.342187 0.952778 0.34375 0.955556 0.360938 0.955556 0.3625 0.958333 0.38125 0.958333 0.382812 0.961111 0.39375 0.961111 0.395312 0.958333 0.43125 0.958333 0.432813 0.955556 0.4625 0.955556 0.464063 0.952778 0.515625 0.952778 0.517187 0.955556 0.548437 0.955556 0.55 0.952778 0.576563 0.952778 0.578125 0.955556 0.585938 0.955556 0.5875 0.952778 0.596875 0.952778 0.598437 0.955556 0.609375 0.955556 0.610937 0.952778 0.773438 0.952778 0.775 0.95 0.79375 0.95 0.795313 0.952778 0.815625 0.952778 0.817187 0.955556 0.81875 0.955556 0.820312 0.958333 0.823438 0.958333 0.829687 0.969444 0.83125 0.969444 0.832812 0.972222 0.834375 0.972222 0.835938 0.975 0.839063 0.975 0.842188 0.969444 0.842188 0.961111 0.84375 0.958333 0.84375 0.955556 0.848437 0.947222 0.85 0.947222 0.853125 0.941667 0.857813 0.941667 0.857813 0.925 0.851562 0.925 0.85 0.922222 0.848437 0.922222 0.84375 0.913889 0.84375 0.902778 0.842188 0.9 0.842188 0.755556 0.84375 0.752778 0.84375 0.669444 0.845312 0.666667 0.845312 0.608333 0.846875 0.605556 0.846875 0.527778 0.845312 0.525 0.845312 0.458333 0.846875 0.455556 0.846875 0.425 0.845312 0.422222 0.845312 0.244444 0.84375 0.241667 0.84375 0.0972222 0.845312 0.0944444 0.845312 0.0722222 0.846875 0.0694444 0.846875 0.0666667 0.851562 0.0583333 0.857813 0.0583333 0.857813 0.0388889 0.851562 0.0388889 0.84375 0.025 0.84375 0.0222222 0.842188 0.0194444 0.842188 0.0166667 0.840625 0.0138889 0.840625 0.00555556 0.835938 0.00555556 0.835938 0.0166667 0.832812 0.0222222 0.832812 0.025 0.829687 0.0305556 0.826563 0.0305556 0.825 0.0333333 0.815625 0.0333333 0.814062 0.0361111 0.771875 0.0361111 0.770312 0.0333333 0.648438 0.0333333 0.646875 0.0305556 0.634375 0.0305556 0.632812 0.0333333 0.63125 0.0305556 0.6 0.0305556 0.598437 0.0333333 0.492188 0.0333333 0.490625 0.0305556 0.482812 0.0305556 0.48125 0.0333333 0.44375 0.0333333 0.442187 0.0305556 0.364062 0.0305556 0.3625 0.0277778 0.2625 0.0277778 0.260938 0.025 0.204688 0.025 0.203125 0.0277778 0.175 0.0277778 0.173438 0.025 0.171875 0.025 0.170312 0.0222222 0.16875 0.0222222 0.165625 0.0166667 0.165625 0.00555556
2 0.490625 0.394444 0.490625 0.433333 0.489062 0.436111 0.489062 0.447222 0.4875 0.45 0.485938 0.45 0.484375 0.452778 0.465625 0.452778 0.464063 0.455556 0.459375 0.455556 0.457812 0.458333 0.453125 0.458333 0.453125 0.475 0.4625 0.475 0.464063 0.472222 0.465625 0.475 0.467187 0.475 0.470313 0.480556 0.473437 0.480556 0.475 0.483333 0.479688 0.483333 0.48125 0.480556 0.485938 0.480556 0.490625 0.488889 0.490625 0.536111 0.492188 0.538889 0.492188 0.547222 0.5 0.547222 0.5 0.538889 0.501562 0.536111 0.501562 0.533333 0.503125 0.530556 0.503125 0.488889 0.504687 0.486111 0.504687 0.483333 0.507812 0.477778 0.514063 0.477778 0.515625 0.480556 0.51875 0.480556 0.520312 0.483333 0.539062 0.483333 0.539062 0.455556 0.53125 0.455556 0.529688 0.452778 0.507812 0.452778 0.50625 0.45 0.50625 0.427778 0.504687 0.425 0.504687 0.394444
5 0.178125 0.316667 0.178125 0.347222 0.201562 0.347222 0.201562 0.316667
5 0.271875 0.805556 0.271875 0.847222 0.295312 0.847222 0.295312 0.805556
5 0.790625 0.872222 0.790625 0.902778 0.814062 0.902778 0.814062 0.872222
5 0.532812 0.538889 0.532812 0.552778 0.529688 0.558333 0.521875 0.558333 0.521875 0.580556 0.545313 0.580556 0.545313 0.558333 0.539062 0.558333 0.5375 0.555556 0.535937 0.555556 0.534375 0.552778 0.534375 0.538889
5 0.453125 0.483333 0.453125 0.513889 0.476562 0.513889 0.476562 0.483333
5 0.703125 0.516667 0.703125 0.547222 0.707812 0.547222 0.709375 0.55 0.709375 0.558333 0.726562 0.558333 0.726562 0.516667
5 0.617188 0.05 0.617188 0.0611111 0.614062 0.0666667 0.609375 0.0666667 0.609375 0.0916667 0.632812 0.0916667 0.632812 0.05
5 0.278125 0.205556 0.278125 0.247222 0.292188 0.247222 0.292188 0.236111 0.295312 0.230556 0.301562 0.230556 0.301562 0.205556
5 0.378125 0.861111 0.378125 0.880556 0.382812 0.880556 0.385938 0.875 0.385938 0.861111
5 0.478125 0.861111 0.478125 0.902778 0.495313 0.902778 0.495313 0.861111
5 0.710938 0.55 0.710938 0.558333 0.709375 0.561111 0.703125 0.561111 0.703125 0.591667 0.71875 0.591667 0.71875 0.583333 0.721875 0.577778 0.726562 0.577778 0.726562 0.561111 0.721875 0.561111 0.720312 0.558333 0.720312 0.55
5 0.259375 0.372222 0.259375 0.402778 0.282813 0.402778 0.282813 0.372222
5 0.478125 0.861111 0.478125 0.902778 0.495313 0.902778 0.495313 0.891667 0.496875 0.888889 0.501562 0.888889 0.501562 0.872222 0.496875 0.872222 0.495313 0.869444 0.495313 0.861111
