1 0.153125 0.00555556 0.153125 0.0138889 0.151562 0.0166667 0.151562 0.0194444 0.145313 0.0305556 0.14375 0.0305556 0.140625 0.0361111 0.139062 0.0361111 0.139062 0.0388889 0.140625 0.0388889 0.145313 0.0472222 0.145313 0.05 0.146875 0.05 0.148438 0.0527778 0.148438 0.0555556 0.15 0.0583333 0.15 0.0694444 0.151562 0.0722222 0.151562 0.0861111 0.15 0.0888889 0.15 0.130556 0.148438 0.133333 0.148438 0.155556 0.146875 0.158333 0.146875 0.180556 0.145313 0.183333 0.145313 0.236111 0.14375 0.238889 0.14375 0.336111 0.142188 0.338889 0.142188 0.369444 0.140625 0.372222 0.140625 0.388889 0.139062 0.391667 0.139062 0.497222 0.1375 0.5 0.1375 0.641667 0.135937 0.644444 0.135937 0.727778 0.134375 0.730556 0.134375 0.786111 0.132812 0.788889 0.132812 0.875 0.13125 0.877778 0.13125 0.922222 0.129688 0.925 0.129688 0.927778 0.126563 0.933333 0.121875 0.933333 0.121875 0.958333 0.128125 0.958333 0.13125 0.963889 0.13125 0.966667 0.132812 0.969444 0.132812 0.975 0.134375 0.977778 0.1375 0.977778 0.139062 0.980556 0.148438 0.963889 0.15 0.963889 0.151562 0.961111 0.154687 0.961111 0.15625 0.958333 0.160938 0.958333 0.1625 0.955556 0.185937 0.955556 0.1875 0.952778 0.204688 0.952778 0.20625 0.955556 0.2375 0.955556 0.239063 0.952778 0.270312 0.952778 0.271875 0.955556 0.2875 0.955556 0.289062 0.952778 0.290625 0.952778 0.292188 0.955556 0.323438 0.955556 0.325 0.952778 0.345313 0.952778 0.346875 0.955556 0.364062 0.955556 0.365625 0.958333 0.4 0.958333 0.401563 0.955556 0.407813 0.955556 0.409375 0.958333 0.423438 0.958333 0.425 0.955556 0.44375 0.955556 0.445312 0.952778 0.598437 0.952778 0.6 0.955556 0.609375 0.955556 0.610937 0.952778 0.771875 0.952778 0.773438 0.95 0.796875 0.95 0.798437 0.952778 0.814062 0.952778 0.815625 0.955556 0.81875 0.955556 0.820312 0.958333 0.821875 0.958333 0.823438 0.961111 0.825 0.961111 0.829687 0.969444 0.83125 0.969444 0.832812 0.972222 0.834375 0.972222 0.835938 0.975 0.839063 0.975 0.840625 0.972222 0.840625 0.969444 0.842188 0.966667 0.842188 0.961111 0.84375 0.958333 0.84375 0.955556 0.846875 0.95 0.848437 0.95 0.853125 0.941667 0.857813 0.941667 0.857813 0.927778 0.851562 0.927778 0.85 0.925 0.848437 0.925 0.84375 0.916667 0.84375 0.911111 0.842188 0.908333 0.842188 0.766667 0.84375 0.763889 0.84375 0.730556 0.845312 0.727778 0.845312 0.7 0.846875 0.697222 0.846875 0.4 0.845312 0.397222 0.845312 0.388889 0.846875 0.386111 0.846875 0.283333 0.845312 0.280556 0.845312 0.194444 0.846875 0.191667 0.846875 0.158333 0.845312 0.155556 0.845312 0.075 0.846875 0.0722222 0.846875 0.0694444 0.848437 0.0666667 0.848437 0.0638889 0.85 0.0611111 0.851562 0.0611111 0.853125 0.0583333 0.857813 0.0583333 0.857813 0.0388889 0.851562 0.0388889 0.84375 0.025 0.84375 0.0222222 0.840625 0.0166667 0.840625 0.00555556 0.8375 0.00555556 0.8375 0.0138889 0.832812 0.0222222 0.832812 0.025 0.83125 0.0277778 0.829687 0.0277778 0.828125 0.0305556 0.826563 0.0305556 0.825 0.0333333 0.817187 0.0333333 0.815625 0.0361111 0.765625 0.0361111 0.764063 0.0333333 0.635938 0.0333333 0.634375 0.0305556 0.573438 0.0305556 0.571875 0.0333333 0.521875 0.0333333 0.520312 0.0305556 0.479688 0.0305556 0.478125 0.0333333 0.44375 0.0333333 0.442187 0.0305556 0.4125 0.0305556 0.410937 0.0277778 0.298438 0.0277778 0.296875 0.025 0.29375 0.025 0.292188 0.0277778 0.273438 0.0277778 0.271875 0.025 0.270312 0.025 0.26875 0.0277778 0.248437 0.0277778 0.246875 0.025 0.245312 0.0277778 0.179688 0.0277778 0.178125 0.0305556 0.176563 0.0277778 0.175 0.0277778 0.173438 0.025 0.171875 0.025 0.16875 0.0194444 0.167187 0.0194444 0.165625 0.0166667 0.165625 0.00555556
5 0.809375 0.616667 0.809375 0.658333 0.832812 0.658333 0.832812 0.616667
5 0.765625 0.572222 0.765625 0.602778 0.789062 0.602778 0.789062 0.572222
2 0.490625 0.394444 0.490625 0.427778 0.489062 0.430556 0.489062 0.447222 0.4875 0.45 0.485938 0.45 0.484375 0.452778 0.460938 0.452778 0.459375 0.455556 0.453125 0.455556 0.453125 0.477778 0.48125 0.477778 0.482812 0.475 0.484375 0.477778 0.4875 0.477778 0.490625 0.483333 0.490625 0.536111 0.504687 0.536111 0.504687 0.525 0.503125 0.522222 0.503125 0.491667 0.504687 0.488889 0.504687 0.486111 0.509375 0.477778 0.514063 0.477778 0.515625 0.480556 0.51875 0.480556 0.520312 0.483333 0.539062 0.483333 0.539062 0.455556 0.53125 0.455556 0.529688 0.452778 0.509375 0.452778 0.50625 0.447222 0.50625 0.425 0.504687 0.422222 0.504687 0.394444
5 0.721875 0.861111 0.721875 0.902778 0.745313 0.902778 0.745313 0.861111
5 0.396875 0.872222 0.396875 0.913889 0.420312 0.913889 0.420312 0.886111 0.414062 0.886111 0.4125 0.883333 0.4125 0.872222
5 0.528125 0.583333 0.528125 0.625 0.551562 0.625 0.551562 0.583333
5 0.471875 0.494444 0.471875 0.525 0.489062 0.525 0.489062 0.494444
5 0.809375 0.161111 0.809375 0.202778 0.823438 0.202778 0.823438 0.194444 0.828125 0.186111 0.832812 0.186111 0.832812 0.161111
5 0.521875 0.558333 0.521875 0.569444 0.526563 0.569444 0.528125 0.566667 0.528125 0.558333
5 0.803125 0.327778 0.803125 0.369444 0.81875 0.369444 0.81875 0.358333 0.820312 0.355556 0.826563 0.355556 0.826563 0.327778
5 0.740625 0.805556 0.740625 0.847222 0.75625 0.847222 0.75625 0.836111 0.757812 0.833333 0.764063 0.833333 0.764063 0.819444 0.759375 0.819444 0.75625 0.813889 0.75625 0.805556
5 0.421875 0.616667 0.421875 0.641667 0.428125 0.641667 0.429688 0.644444 0.429688 0.658333 0.445312 0.658333 0.445312 0.616667
5 0.553125 0.716667 0.553125 0.747222 0.576563 0.747222 0.576563 0.716667
5 0.628125 0.05 0.628125 0.0916667 0.64375 0.0916667 0.64375 0.0833333 0.646875 0.0777778 0.651563 0.0777778 0.651563 0.0638889 0.646875 0.0638889 0.64375 0.0583333 0.64375 0.05
5 0.803125 0.541667 0.803125 0.558333 0.81875 0.558333 0.81875 0.547222 0.817187 0.547222 0.815625 0.544444 0.8125 0.544444 0.810938 0.541667
