1 0.153125 0.00555556 0.153125 0.0138889 0.151562 0.0166667 0.151562 0.0194444 0.15 0.0222222 0.15 0.025 0.146875 0.0305556 0.145313 0.0305556 0.14375 0.0333333 0.142188 0.0333333 0.140625 0.0361111 0.139062 0.0361111 0.139062 0.0388889 0.15 0.0583333 0.15 0.138889 0.148438 0.141667 0.148438 0.163889 0.146875 0.166667 0.146875 0.194444 0.145313 0.197222 0.145313 0.241667 0.14375 0.244444 0.14375 0.35 0.142188 0.352778 0.142188 0.380556 0.140625 0.383333 0.140625 0.405556 0.139062 0.408333 0.139062 0.497222 0.1375 0.5 0.1375 0.638889 0.135937 0.641667 0.135937 0.738889 0.134375 0.741667 0.134375 0.811111 0.132812 0.813889 0.132812 0.883333 0.13125 0.886111 0.13125 0.919444 0.129688 0.922222 0.129688 0.927778 0.128125 0.930556 0.126563 0.930556 0.125 0.933333 0.123438 0.933333 0.121875 0.936111 0.115625 0.936111 0.115625 0.952778 0.123438 0.952778 0.125 0.955556 0.126563 0.955556 0.13125 0.963889 0.13125 0.966667 0.132812 0.969444 0.132812 0.980556 0.14375 0.980556 0.14375 0.972222 0.148438 0.963889 0.15 0.963889 0.151562 0.961111 0.154687 0.961111 0.15625 0.958333 0.159375 0.958333 0.160938 0.955556 0.175 0.955556 0.176563 0.952778 0.20625 0.952778 0.207813 0.955556 0.232812 0.955556 0.234375 0.952778 0.348437 0.952778 0.35 0.955556 0.3625 0.955556 0.364062 0.958333 0.401563 0.958333 0.403125 0.955556 0.407813 0.955556 0.409375 0.958333 0.421875 0.958333 0.423438 0.955556 0.440625 0.955556 0.442187 0.952778 0.573438 0.952778 0.575 0.955556 0.609375 0.955556 0.610937 0.952778 0.775 0.952778 0.776563 0.95 0.804688 0.95 0.80625 0.952778 0.815625 0.952778 0.817187 0.955556 0.820312 0.955556 0.821875 0.958333 0.823438 0.958333 0.825 0.961111 0.826563 0.961111 0.83125 0.969444 0.83125 0.980556 0.842188 0.980556 0.842188 0.961111 0.84375 0.958333 0.84375 0.955556 0.848437 0.947222 0.85 0.947222 0.85625 0.936111 0.853125 0.930556 0.853125 0.927778 0.851562 0.925 0.85 0.925 0.84375 0.913889 0.84375 0.844444 0.842188 0.841667 0.842188 0.811111 0.84375 0.808333 0.84375 0.713889 0.845312 0.711111 0.845312 0.613889 0.846875 0.611111 0.846875 0.508333 0.845312 0.505556 0.845312 0.497222 0.846875 0.494444 0.846875 0.491667 0.845312 0.488889 0.845312 0.477778 0.846875 0.475 0.846875 0.402778 0.845312 0.4 0.845312 0.075 0.846875 0.0722222 0.846875 0.0694444 0.853125 0.0583333 0.853125 0.0555556 0.85625 0.05 0.85625 0.0472222 0.84375 0.025 0.84375 0.0222222 0.842188 0.0194444 0.842188 0.00555556 0.834375 0.00555556 0.834375 0.0166667 0.832812 0.0194444 0.832812 0.0222222 0.828125 0.0305556 0.826563 0.0305556 0.825 0.0333333 0.815625 0.0333333 0.814062 0.0361111 0.804688 0.0361111 0.803125 0.0333333 0.801562 0.0361111 0.770312 0.0361111 0.76875 0.0333333 0.435937 0.0333333 0.434375 0.0305556 0.375 0.0305556 0.373437 0.0277778 0.271875 0.0277778 0.270312 0.025 0.26875 0.0277778 0.210938 0.0277778 0.209375 0.0305556 0.176563 0.0305556 0.175 0.0277778 0.173438 0.0277778 0.171875 0.025 0.170312 0.025 0.165625 0.0166667 0.165625 0.00555556
2 0.492188 0.394444 0.492188 0.413889 0.490625 0.416667 0.490625 0.438889 0.489062 0.441667 0.489062 0.447222 0.4875 0.45 0.485938 0.45 0.484375 0.452778 0.453125 0.452778 0.453125 0.475 0.4625 0.475 0.464063 0.477778 0.485938 0.477778 0.490625 0.486111 0.490625 0.533333 0.492188 0.536111 0.492188 0.547222 0.5 0.547222 0.5 0.536111 0.503125 0.530556 0.503125 0.488889 0.504687 0.486111 0.504687 0.483333 0.507812 0.477778 0.515625 0.477778 0.517187 0.480556 0.521875 0.480556 0.523438 0.483333 0.539062 0.483333 0.539062 0.455556 0.532812 0.455556 0.53125 0.452778 0.509375 0.452778 0.50625 0.447222 0.50625 0.394444
5 0.546875 0.85 0.546875 0.891667 0.560938 0.891667 0.560938 0.880556 0.564062 0.875 0.570312 0.875 0.570312 0.85
5 0.315625 0.75 0.315625 0.791667 0.329688 0.791667 0.329688 0.780556 0.332812 0.775 0.339063 0.775 0.339063 0.75
5 0.390625 0.716667 0.390625 0.758333 0.404687 0.758333 0.404687 0.75 0.409375 0.741667 0.414062 0.741667 0.414062 0.730556 0.407813 0.730556 0.40625 0.727778 0.40625 0.716667
5 0.784375 0.883333 0.784375 0.913889 0.807813 0.913889 0.807813 0.883333
5 0.371875 0.683333 0.371875 0.713889 0.389062 0.713889 0.389062 0.683333
5 0.559375 0.883333 0.559375 0.925 0.582812 0.925 0.582812 0.883333
5 0.240625 0.738889 0.240625 0.769444 0.264062 0.769444 0.264062 0.738889
5 0.728125 0.55 0.728125 0.580556 0.751562 0.580556 0.751562 0.55
5 0.290625 0.461111 0.290625 0.491667 0.307813 0.491667 0.307813 0.461111
5 0.578125 0.772222 0.578125 0.802778 0.601562 0.802778 0.601562 0.772222
5 0.246875 0.116667 0.246875 0.158333 0.270312 0.158333 0.270312 0.116667
