1 0.153125 0.00555556 0.153125 0.0138889 0.151562 0.0166667 0.151562 0.0194444 0.145313 0.0305556 0.14375 0.0305556 0.140625 0.0361111 0.140625 0.0388889 0.14375 0.0444444 0.14375 0.0472222 0.15 0.0583333 0.15 0.0777778 0.151562 0.0805556 0.151562 0.0833333 0.15 0.0861111 0.15 0.133333 0.148438 0.136111 0.148438 0.163889 0.146875 0.166667 0.146875 0.188889 0.145313 0.191667 0.145313 0.236111 0.14375 0.238889 0.14375 0.338889 0.142188 0.341667 0.142188 0.372222 0.140625 0.375 0.140625 0.391667 0.139062 0.394444 0.140625 0.397222 0.140625 0.402778 0.139062 0.405556 0.139062 0.452778 0.1375 0.455556 0.1375 0.458333 0.139062 0.461111 0.139062 0.5 0.1375 0.502778 0.1375 0.638889 0.135937 0.641667 0.135937 0.722222 0.134375 0.725 0.134375 0.786111 0.132812 0.788889 0.132812 0.875 0.13125 0.877778 0.13125 0.922222 0.129688 0.925 0.129688 0.927778 0.126563 0.933333 0.121875 0.933333 0.121875 0.958333 0.128125 0.958333 0.129688 0.961111 0.129688 0.963889 0.13125 0.966667 0.13125 0.969444 0.132812 0.972222 0.132812 0.975 0.134375 0.977778 0.135937 0.977778 0.139062 0.983333 0.139062 0.991667 0.139062 0.983333 0.140625 0.980556 0.140625 0.977778 0.148438 0.963889 0.151562 0.963889 0.153125 0.961111 0.154687 0.961111 0.15625 0.958333 0.159375 0.958333 0.160938 0.955556 0.260938 0.955556 0.2625 0.952778 0.273438 0.952778 0.275 0.955556 0.2875 0.955556 0.289062 0.952778 0.29375 0.952778 0.295312 0.955556 0.296875 0.955556 0.298438 0.952778 0.304688 0.952778 0.30625 0.955556 0.314063 0.955556 0.315625 0.952778 0.317187 0.955556 0.321875 0.955556 0.323438 0.952778 0.329688 0.952778 0.33125 0.955556 0.3375 0.955556 0.339063 0.952778 0.340625 0.952778 0.342187 0.955556 0.3625 0.955556 0.364062 0.958333 0.39375 0.958333 0.395312 0.955556 0.410937 0.955556 0.4125 0.958333 0.4375 0.958333 0.439063 0.955556 0.476562 0.955556 0.478125 0.952778 0.517187 0.952778 0.51875 0.955556 0.521875 0.955556 0.523438 0.952778 0.6 0.952778 0.601562 0.955556 0.609375 0.955556 0.610937 0.952778 0.775 0.952778 0.776563 0.95 0.779688 0.95 0.78125 0.952778 0.784375 0.952778 0.785937 0.95 0.79375 0.95 0.795313 0.952778 0.8125 0.952778 0.814062 0.955556 0.817187 0.955556 0.81875 0.958333 0.821875 0.958333 0.823438 0.961111 0.825 0.961111 0.83125 0.972222 0.832812 0.972222 0.834375 0.975 0.839063 0.975 0.840625 0.972222 0.840625 0.969444 0.842188 0.966667 0.842188 0.961111 0.84375 0.958333 0.84375 0.955556 0.848437 0.947222 0.85 0.947222 0.853125 0.941667 0.857813 0.941667 0.857813 0.927778 0.853125 0.927778 0.851562 0.925 0.85 0.925 0.848437 0.922222 0.846875 0.922222 0.84375 0.916667 0.84375 0.908333 0.842188 0.905556 0.842188 0.783333 0.84375 0.780556 0.84375 0.733333 0.845312 0.730556 0.845312 0.702778 0.846875 0.7 0.846875 0.397222 0.845312 0.394444 0.845312 0.075 0.846875 0.0722222 0.846875 0.0694444 0.853125 0.0583333 0.857813 0.0583333 0.857813 0.0388889 0.853125 0.0388889 0.851562 0.0361111 0.85 0.0361111 0.845312 0.0277778 0.845312 0.025 0.84375 0.0222222 0.84375 0.0194444 0.842188 0.0166667 0.842188 0.00555556 0.835938 0.00555556 0.835938 0.0166667 0.832812 0.0222222 0.832812 0.025 0.83125 0.0277778 0.829687 0.0277778 0.828125 0.0305556 0.826563 0.0305556 0.825 0.0333333 0.814062 0.0333333 0.8125 0.0361111 0.80625 0.0361111 0.804688 0.0333333 0.801562 0.0333333 0.8 0.0361111 0.764063 0.0361111 0.7625 0.0333333 0.51875 0.0333333 0.517187 0.0305556 0.457812 0.0305556 0.45625 0.0333333 0.446875 0.0333333 0.445312 0.0305556 0.410937 0.0305556 0.409375 0.0277778 0.407813 0.0305556 0.385938 0.0305556 0.384375 0.0277778 0.379687 0.0277778 0.378125 0.0305556 0.376563 0.0305556 0.375 0.0277778 0.348437 0.0277778 0.346875 0.025 0.275 0.025 0.273438 0.0222222 0.21875 0.0222222 0.217187 0.025 0.204688 0.025 0.203125 0.0277778 0.176563 0.0277778 0.175 0.025 0.171875 0.025 0.170312 0.0222222 0.16875 0.0222222 0.165625 0.0166667 0.165625 0.00555556
5 0.221875 0.05 0.221875 0.0916667 0.239063 0.0916667 0.239063 0.05
5 0.446875 0.694444 0.446875 0.736111 0.464063 0.736111 0.464063 0.694444
5 0.496875 0.338889 0.496875 0.380556 0.514063 0.380556 0.514063 0.338889
5 0.809375 0.616667 0.809375 0.658333 0.832812 0.658333 0.832812 0.616667
5 0.459375 0.394444 0.459375 0.436111 0.476562 0.436111 0.476562 0.394444
2 0.489062 0.394444 0.489062 0.416667 0.48125 0.430556 0.478125 0.430556 0.476562 0.433333 0.475 0.433333 0.473437 0.436111 0.473437 0.444444 0.471875 0.447222 0.470313 0.447222 0.46875 0.45 0.465625 0.45 0.464063 0.452778 0.4625 0.452778 0.460938 0.455556 0.453125 0.455556 0.453125 0.475 0.4625 0.475 0.464063 0.477778 0.485938 0.477778 0.490625 0.486111 0.490625 0.533333 0.492188 0.536111 0.492188 0.547222 0.5 0.547222 0.5 0.536111 0.503125 0.530556 0.503125 0.488889 0.509375 0.477778 0.514063 0.477778 0.515625 0.480556 0.520312 0.480556 0.521875 0.483333 0.539062 0.483333 0.539062 0.455556 0.532812 0.455556 0.53125 0.452778 0.509375 0.452778 0.50625 0.447222 0.50625 0.394444
5 0.459375 0.483333 0.459375 0.525 0.476562 0.525 0.476562 0.483333
5 0.234375 0.716667 0.234375 0.747222 0.257812 0.747222 0.257812 0.716667
5 0.659375 0.0833333 0.659375 0.125 0.676562 0.125 0.676562 0.0833333
5 0.635938 0.127778 0.635938 0.136111 0.632812 0.141667 0.628125 0.141667 0.628125 0.169444 0.651563 0.169444 0.651563 0.127778
5 0.545313 0.583333 0.545313 0.591667 0.546875 0.591667 0.546875 0.583333 0.545313 0.583333 0.539062 0.577778 0.542188 0.572222 0.540625 0.569444 0.540625 0.566667 0.553125 0.558333 0.557813 0.558333 0.557813 0.55 0.553125 0.55 0.553125 0.558333 0.540625 0.566667 0.534375 0.566667 0.534375 0.577778 0.539062 0.577778
5 0.503125 0.05 0.503125 0.0916667 0.520312 0.0916667 0.520312 0.05
5 0.378125 0.538889 0.378125 0.569444 0.401563 0.569444 0.401563 0.538889
5 0.778125 0.427778 0.778125 0.455556 0.782812 0.455556 0.784375 0.458333 0.784375 0.469444 0.792188 0.469444 0.792188 0.455556 0.79375 0.452778 0.795313 0.452778 0.796875 0.45 0.801562 0.45 0.801562 0.427778 0.790625 0.427778 0.790625 0.436111 0.789062 0.438889 0.7875 0.438889 0.785937 0.436111 0.785937 0.427778
5 0.509375 0.194444 0.509375 0.225 0.526563 0.225 0.526563 0.194444
