1 0.151562 0.00555556 0.151562 0.0166667 0.15 0.0194444 0.15 0.0222222 0.145313 0.0305556 0.14375 0.0305556 0.142188 0.0333333 0.140625 0.0333333 0.139062 0.0361111 0.139062 0.0388889 0.15 0.0583333 0.15 0.119444 0.148438 0.122222 0.148438 0.141667 0.146875 0.144444 0.146875 0.163889 0.145313 0.166667 0.145313 0.202778 0.14375 0.205556 0.14375 0.325 0.142188 0.327778 0.142188 0.355556 0.140625 0.358333 0.140625 0.380556 0.139062 0.383333 0.139062 0.444444 0.1375 0.447222 0.1375 0.466667 0.139062 0.469444 0.139062 0.475 0.1375 0.477778 0.1375 0.575 0.135937 0.577778 0.135937 0.647222 0.134375 0.65 0.134375 0.675 0.135937 0.677778 0.135937 0.719444 0.134375 0.722222 0.134375 0.763889 0.132812 0.766667 0.132812 0.852778 0.13125 0.855556 0.13125 0.922222 0.129688 0.925 0.129688 0.927778 0.125 0.936111 0.121875 0.936111 0.120312 0.938889 0.115625 0.938889 0.115625 0.952778 0.123438 0.952778 0.125 0.955556 0.126563 0.955556 0.129688 0.961111 0.129688 0.963889 0.13125 0.966667 0.13125 0.980556 0.145313 0.980556 0.145313 0.969444 0.146875 0.966667 0.148438 0.966667 0.15 0.963889 0.151562 0.963889 0.153125 0.961111 0.157813 0.961111 0.159375 0.958333 0.1625 0.958333 0.164062 0.955556 0.3625 0.955556 0.364062 0.958333 0.428125 0.958333 0.429688 0.955556 0.467187 0.955556 0.46875 0.952778 0.520312 0.952778 0.521875 0.955556 0.560938 0.955556 0.5625 0.952778 0.56875 0.952778 0.570312 0.955556 0.585938 0.955556 0.5875 0.952778 0.595312 0.952778 0.596875 0.955556 0.609375 0.955556 0.610937 0.952778 0.776563 0.952778 0.778125 0.95 0.779688 0.952778 0.784375 0.952778 0.785937 0.95 0.792188 0.95 0.79375 0.952778 0.8125 0.952778 0.814062 0.955556 0.81875 0.955556 0.820312 0.958333 0.821875 0.958333 0.823438 0.961111 0.825 0.961111 0.83125 0.972222 0.83125 0.980556 0.840625 0.980556 0.840625 0.966667 0.842188 0.963889 0.842188 0.958333 0.85 0.944444 0.851562 0.944444 0.853125 0.941667 0.857813 0.941667 0.857813 0.927778 0.853125 0.927778 0.851562 0.925 0.85 0.925 0.848437 0.922222 0.846875 0.922222 0.84375 0.916667 0.84375 0.913889 0.842188 0.911111 0.842188 0.733333 0.84375 0.730556 0.84375 0.661111 0.845312 0.658333 0.845312 0.566667 0.846875 0.563889 0.846875 0.552778 0.845312 0.55 0.845312 0.541667 0.846875 0.538889 0.845312 0.536111 0.845312 0.469444 0.846875 0.466667 0.846875 0.422222 0.845312 0.419444 0.845312 0.219444 0.84375 0.216667 0.84375 0.0916667 0.845312 0.0888889 0.845312 0.0694444 0.851562 0.0583333 0.857813 0.0583333 0.857813 0.0388889 0.851562 0.0388889 0.846875 0.0305556 0.845312 0.0305556 0.84375 0.0277778 0.84375 0.025 0.842188 0.0222222 0.842188 0.0194444 0.840625 0.0166667 0.840625 0.00555556 0.835938 0.00555556 0.835938 0.0166667 0.832812 0.0222222 0.832812 0.025 0.829687 0.0305556 0.828125 0.0305556 0.826563 0.0333333 0.817187 0.0333333 0.815625 0.0361111 0.729688 0.0361111 0.728125 0.0333333 0.710938 0.0333333 0.709375 0.0361111 0.707812 0.0361111 0.70625 0.0333333 0.7 0.0333333 0.698438 0.0361111 0.679688 0.0361111 0.678125 0.0333333 0.432813 0.0333333 0.43125 0.0305556 0.314063 0.0305556 0.3125 0.0277778 0.290625 0.0277778 0.289062 0.0305556 0.2875 0.0305556 0.285937 0.0277778 0.284375 0.0277778 0.282813 0.0305556 0.275 0.0305556 0.273438 0.0277778 0.223438 0.0277778 0.221875 0.025 0.220313 0.0277778 0.20625 0.0277778 0.204688 0.0305556 0.176563 0.0305556 0.175 0.0277778 0.173438 0.0277778 0.171875 0.025 0.170312 0.025 0.164062 0.0138889 0.164062 0.00555556
2 0.490625 0.394444 0.490625 0.422222 0.489062 0.425 0.489062 0.441667 0.4875 0.444444 0.4875 0.447222 0.484375 0.452778 0.4625 0.452778 0.460938 0.455556 0.453125 0.455556 0.453125 0.477778 0.460938 0.477778 0.4625 0.480556 0.48125 0.480556 0.482812 0.477778 0.484375 0.480556 0.485938 0.480556 0.490625 0.488889 0.490625 0.516667 0.489062 0.519444 0.489062 0.530556 0.490625 0.533333 0.490625 0.547222 0.5 0.547222 0.5 0.538889 0.501562 0.536111 0.501562 0.530556 0.503125 0.527778 0.503125 0.502778 0.501562 0.5 0.501562 0.494444 0.503125 0.491667 0.503125 0.488889 0.504687 0.486111 0.504687 0.483333 0.50625 0.480556 0.507812 0.480556 0.509375 0.477778 0.510938 0.477778 0.5125 0.480556 0.51875 0.480556 0.520312 0.483333 0.539062 0.483333 0.539062 0.455556 0.529688 0.455556 0.528125 0.452778 0.509375 0.452778 0.50625 0.447222 0.50625 0.433333 0.504687 0.430556 0.504687 0.394444
5 0.496875 0.816667 0.496875 0.858333 0.514063 0.858333 0.514063 0.816667
5 0.334375 0.138889 0.334375 0.180556 0.357812 0.180556 0.357812 0.138889
5 0.740625 0.172222 0.740625 0.213889 0.757812 0.213889 0.757812 0.172222
5 0.328125 0.65 0.328125 0.661111 0.335938 0.661111 0.3375 0.663889 0.342187 0.663889 0.34375 0.661111 0.34375 0.65
5 0.634375 0.138889 0.634375 0.180556 0.651563 0.180556 0.651563 0.138889
5 0.678125 0.527778 0.678125 0.569444 0.701563 0.569444 0.701563 0.541667 0.695312 0.541667 0.692187 0.536111 0.692187 0.527778
5 0.803125 0.272222 0.803125 0.280556 0.801562 0.283333 0.8 0.283333 0.798437 0.286111 0.795313 0.286111 0.79375 0.288889 0.784375 0.288889 0.784375 0.313889 0.807813 0.313889 0.807813 0.272222
5 0.590625 0.194444 0.590625 0.236111 0.607813 0.236111 0.607813 0.194444
