1 0.151562 0.00555556 0.151562 0.0166667 0.148438 0.0222222 0.148438 0.025 0.146875 0.0277778 0.145313 0.0277778 0.142188 0.0333333 0.140625 0.0333333 0.139062 0.0361111 0.139062 0.0388889 0.140625 0.0388889 0.145313 0.0472222 0.145313 0.05 0.15 0.0583333 0.15 0.127778 0.148438 0.130556 0.148438 0.152778 0.146875 0.155556 0.146875 0.177778 0.145313 0.180556 0.145313 0.219444 0.14375 0.222222 0.14375 0.325 0.142188 0.327778 0.142188 0.358333 0.140625 0.361111 0.140625 0.386111 0.139062 0.388889 0.139062 0.497222 0.1375 0.5 0.1375 0.602778 0.135937 0.605556 0.135937 0.722222 0.134375 0.725 0.134375 0.763889 0.132812 0.766667 0.132812 0.869444 0.13125 0.872222 0.13125 0.922222 0.129688 0.925 0.129688 0.927778 0.126563 0.933333 0.125 0.933333 0.123438 0.936111 0.115625 0.936111 0.115625 0.952778 0.121875 0.952778 0.123438 0.955556 0.125 0.955556 0.126563 0.958333 0.128125 0.958333 0.129688 0.961111 0.129688 0.963889 0.13125 0.966667 0.13125 0.969444 0.132812 0.972222 0.132812 0.975 0.1375 0.983333 0.1375 0.991667 0.139062 0.991667 0.139062 0.983333 0.140625 0.980556 0.140625 0.977778 0.148438 0.963889 0.151562 0.963889 0.153125 0.961111 0.15625 0.961111 0.157813 0.958333 0.160938 0.958333 0.1625 0.955556 0.242188 0.955556 0.24375 0.952778 0.246875 0.952778 0.248437 0.955556 0.30625 0.955556 0.307813 0.952778 0.315625 0.952778 0.317187 0.955556 0.3625 0.955556 0.364062 0.958333 0.428125 0.958333 0.429688 0.955556 0.448438 0.955556 0.45 0.952778 0.598437 0.952778 0.6 0.955556 0.609375 0.955556 0.610937 0.952778 0.775 0.952778 0.776563 0.95 0.778125 0.95 0.779688 0.952778 0.785937 0.952778 0.7875 0.95 0.792188 0.95 0.79375 0.952778 0.8125 0.952778 0.814062 0.955556 0.817187 0.955556 0.81875 0.958333 0.821875 0.958333 0.825 0.963889 0.826563 0.963889 0.83125 0.972222 0.834375 0.972222 0.835938 0.975 0.839063 0.975 0.842188 0.969444 0.842188 0.961111 0.84375 0.958333 0.84375 0.955556 0.848437 0.947222 0.85 0.947222 0.85625 0.936111 0.853125 0.930556 0.853125 0.927778 0.851562 0.925 0.848437 0.925 0.84375 0.916667 0.84375 0.905556 0.842188 0.902778 0.842188 0.761111 0.84375 0.758333 0.84375 0.680556 0.845312 0.677778 0.845312 0.647222 0.846875 0.644444 0.846875 0.572222 0.848437 0.569444 0.848437 0.536111 0.846875 0.533333 0.846875 0.488889 0.845312 0.486111 0.845312 0.477778 0.846875 0.475 0.846875 0.422222 0.845312 0.419444 0.845312 0.241667 0.84375 0.238889 0.84375 0.208333 0.845312 0.205556 0.845312 0.202778 0.84375 0.2 0.84375 0.1 0.845312 0.0972222 0.845312 0.0722222 0.846875 0.0694444 0.846875 0.0666667 0.853125 0.0555556 0.853125 0.0527778 0.854688 0.05 0.85625 0.05 0.85625 0.0472222 0.84375 0.025 0.84375 0.0222222 0.842188 0.0194444 0.842188 0.0166667 0.840625 0.0138889 0.840625 0.00555556 0.834375 0.00555556 0.834375 0.0166667 0.826563 0.0305556 0.825 0.0305556 0.823438 0.0333333 0.8 0.0333333 0.798437 0.0361111 0.776563 0.0361111 0.775 0.0333333 0.439063 0.0333333 0.4375 0.0305556 0.348437 0.0305556 0.346875 0.0277778 0.345313 0.0305556 0.326562 0.0305556 0.325 0.0277778 0.204688 0.0277778 0.203125 0.0305556 0.1875 0.0305556 0.185937 0.0277778 0.18125 0.0277778 0.179688 0.0305556 0.176563 0.0305556 0.173438 0.025 0.171875 0.025 0.170312 0.0222222 0.16875 0.0222222 0.165625 0.0166667 0.165625 0.00555556
5 0.171875 0.683333 0.171875 0.691667 0.170312 0.694444 0.165625 0.694444 0.165625 0.725 0.189063 0.725 0.189063 0.683333
5 0.171875 0.405556 0.171875 0.436111 0.195312 0.436111 0.195312 0.405556
2 0.490625 0.394444 0.490625 0.422222 0.489062 0.425 0.489062 0.447222 0.4875 0.45 0.485938 0.45 0.484375 0.452778 0.460938 0.452778 0.459375 0.455556 0.453125 0.455556 0.453125 0.477778 0.459375 0.477778 0.460938 0.480556 0.46875 0.480556 0.470313 0.477778 0.484375 0.477778 0.490625 0.488889 0.490625 0.508333 0.489062 0.511111 0.489062 0.527778 0.490625 0.530556 0.490625 0.536111 0.492188 0.538889 0.492188 0.547222 0.5 0.547222 0.5 0.536111 0.503125 0.530556 0.503125 0.5 0.501562 0.497222 0.501562 0.494444 0.503125 0.491667 0.503125 0.488889 0.504687 0.486111 0.504687 0.483333 0.507812 0.477778 0.515625 0.477778 0.517187 0.480556 0.520312 0.480556 0.521875 0.483333 0.539062 0.483333 0.539062 0.455556 0.53125 0.455556 0.529688 0.452778 0.509375 0.452778 0.50625 0.447222 0.50625 0.427778 0.504687 0.425 0.504687 0.394444
5 0.284375 0.672222 0.284375 0.713889 0.296875 0.713889 0.296875 0.705556 0.298438 0.702778 0.298438 0.7 0.3 0.697222 0.301562 0.697222 0.303125 0.694444 0.307813 0.694444 0.307813 0.672222
5 0.809375 0.538889 0.809375 0.580556 0.826563 0.580556 0.826563 0.569444 0.828125 0.566667 0.832812 0.566667 0.832812 0.538889
5 0.296875 0.894444 0.296875 0.936111 0.3125 0.936111 0.3125 0.927778 0.315625 0.922222 0.320312 0.922222 0.320312 0.894444
5 0.459375 0.494444 0.459375 0.536111 0.476562 0.536111 0.476562 0.494444
5 0.603125 0.805556 0.603125 0.847222 0.620313 0.847222 0.620313 0.805556
5 0.759375 0.538889 0.759375 0.580556 0.782812 0.580556 0.782812 0.538889
5 0.278125 0.172222 0.278125 0.202778 0.301562 0.202778 0.301562 0.172222
5 0.290625 0.727778 0.290625 0.758333 0.307813 0.758333 0.307813 0.727778
5 0.225 0.661111 0.225 0.677778 0.223438 0.680556 0.215625 0.680556 0.215625 0.713889 0.226562 0.713889 0.226562 0.7 0.228125 0.697222 0.228125 0.694444 0.229687 0.691667 0.232812 0.691667 0.235938 0.686111 0.239063 0.686111 0.240625 0.683333 0.245312 0.683333 0.245312 0.661111
5 0.228125 0.65 0.228125 0.691667 0.245312 0.691667 0.245312 0.65
