1 0.153125 0 0.153125 0.0111111 0.151562 0.0138889 0.151562 0.0166667 0.15 0.0194444 0.15 0.0222222 0.14375 0.0333333 0.142188 0.0333333 0.140625 0.0361111 0.140625 0.0388889 0.145313 0.0472222 0.145313 0.05 0.15 0.0583333 0.15 0.127778 0.148438 0.130556 0.148438 0.155556 0.146875 0.158333 0.146875 0.183333 0.145313 0.186111 0.145313 0.238889 0.14375 0.241667 0.14375 0.330556 0.142188 0.333333 0.142188 0.358333 0.140625 0.361111 0.140625 0.388889 0.139062 0.391667 0.139062 0.447222 0.1375 0.45 0.1375 0.463889 0.139062 0.466667 0.139062 0.486111 0.1375 0.488889 0.1375 0.630556 0.135937 0.633333 0.135937 0.713889 0.134375 0.716667 0.134375 0.763889 0.132812 0.766667 0.132812 0.819444 0.13125 0.822222 0.13125 0.922222 0.129688 0.925 0.129688 0.927778 0.126563 0.933333 0.125 0.933333 0.123438 0.936111 0.115625 0.936111 0.115625 0.952778 0.121875 0.952778 0.123438 0.955556 0.126563 0.955556 0.129688 0.961111 0.129688 0.963889 0.13125 0.966667 0.13125 0.969444 0.132812 0.972222 0.132812 0.980556 0.145313 0.980556 0.145313 0.969444 0.148438 0.963889 0.151562 0.963889 0.153125 0.961111 0.15625 0.961111 0.157813 0.958333 0.160938 0.958333 0.1625 0.955556 0.2 0.955556 0.201562 0.952778 0.214062 0.952778 0.215625 0.955556 0.234375 0.955556 0.235938 0.952778 0.279687 0.952778 0.28125 0.955556 0.284375 0.955556 0.285937 0.952778 0.30625 0.952778 0.307813 0.955556 0.35625 0.955556 0.357812 0.958333 0.376563 0.958333 0.378125 0.955556 0.384375 0.955556 0.385938 0.958333 0.4125 0.958333 0.414062 0.961111 0.415625 0.961111 0.417188 0.958333 0.432813 0.958333 0.434375 0.955556 0.454688 0.955556 0.45625 0.952778 0.6 0.952778 0.601562 0.955556 0.609375 0.955556 0.610937 0.952778 0.764063 0.952778 0.765625 0.95 0.803125 0.95 0.804688 0.952778 0.817187 0.952778 0.81875 0.955556 0.820312 0.955556 0.821875 0.958333 0.823438 0.958333 0.825 0.961111 0.826563 0.961111 0.83125 0.969444 0.83125 0.980556 0.840625 0.980556 0.840625 0.972222 0.842188 0.969444 0.842188 0.958333 0.851562 0.941667 0.857813 0.941667 0.857813 0.925 0.851562 0.925 0.85 0.922222 0.848437 0.922222 0.84375 0.913889 0.84375 0.797222 0.842188 0.794444 0.842188 0.786111 0.84375 0.783333 0.84375 0.777778 0.842188 0.775 0.842188 0.772222 0.84375 0.769444 0.84375 0.694444 0.845312 0.691667 0.845312 0.655556 0.846875 0.652778 0.846875 0.566667 0.848437 0.563889 0.848437 0.555556 0.846875 0.552778 0.846875 0.419444 0.845312 0.416667 0.845312 0.244444 0.84375 0.241667 0.84375 0.1 0.845312 0.0972222 0.845312 0.0722222 0.846875 0.0694444 0.846875 0.0666667 0.851562 0.0583333 0.857813 0.0583333 0.857813 0.0388889 0.851562 0.0388889 0.84375 0.025 0.84375 0.0222222 0.842188 0.0194444 0.842188 0.0166667 0.840625 0.0138889 0.840625 0.00555556 0.839063 0.00555556 0.834375 0.0138889 0.834375 0.0166667 0.826563 0.0305556 0.825 0.0305556 0.823438 0.0333333 0.815625 0.0333333 0.814062 0.0361111 0.778125 0.0361111 0.776563 0.0333333 0.434375 0.0333333 0.432813 0.0305556 0.35 0.0305556 0.348437 0.0277778 0.310937 0.0277778 0.309375 0.025 0.307813 0.0277778 0.26875 0.0277778 0.267188 0.025 0.245312 0.025 0.24375 0.0277778 0.175 0.0277778 0.173438 0.025 0.171875 0.025 0.165625 0.0138889 0.165625 0.00555556 0.164062 0.00277778 0.164062 0
2 0.490625 0.394444 0.490625 0.422222 0.489062 0.425 0.489062 0.447222 0.4875 0.45 0.485938 0.45 0.484375 0.452778 0.460938 0.452778 0.459375 0.455556 0.453125 0.455556 0.453125 0.477778 0.459375 0.477778 0.460938 0.480556 0.46875 0.480556 0.470313 0.477778 0.484375 0.477778 0.485938 0.480556 0.4875 0.480556 0.489062 0.483333 0.489062 0.486111 0.490625 0.488889 0.490625 0.511111 0.489062 0.513889 0.489062 0.527778 0.490625 0.530556 0.490625 0.533333 0.49375 0.538889 0.49375 0.547222 0.498437 0.547222 0.498437 0.538889 0.503125 0.530556 0.503125 0.488889 0.504687 0.486111 0.504687 0.483333 0.507812 0.477778 0.514063 0.477778 0.515625 0.480556 0.520312 0.480556 0.521875 0.483333 0.539062 0.483333 0.539062 0.455556 0.53125 0.455556 0.529688 0.452778 0.509375 0.452778 0.50625 0.447222 0.50625 0.425 0.504687 0.422222 0.504687 0.394444
5 0.371875 0.894444 0.371875 0.936111 0.385938 0.936111 0.385938 0.922222 0.3875 0.919444 0.389062 0.919444 0.390625 0.916667 0.395312 0.916667 0.395312 0.894444
5 0.578125 0.483333 0.578125 0.511111 0.582812 0.511111 0.585938 0.516667 0.585938 0.525 0.601562 0.525 0.601562 0.483333
5 0.284375 0.605556 0.284375 0.647222 0.298438 0.647222 0.298438 0.638889 0.303125 0.630556 0.307813 0.630556 0.307813 0.605556
5 0.271875 0.772222 0.271875 0.802778 0.295312 0.802778 0.295312 0.772222
5 0.721875 0.538889 0.721875 0.547222 0.720312 0.55 0.715625 0.55 0.715625 0.580556 0.739062 0.580556 0.739062 0.538889
5 0.790625 0.872222 0.790625 0.902778 0.814062 0.902778 0.814062 0.872222
5 0.459375 0.494444 0.459375 0.536111 0.476562 0.536111 0.476562 0.494444
5 0.765625 0.627778 0.765625 0.658333 0.789062 0.658333 0.789062 0.627778
5 0.809375 0.55 0.809375 0.580556 0.832812 0.580556 0.832812 0.55
5 0.753125 0.783333 0.753125 0.825 0.770312 0.825 0.770312 0.816667 0.771875 0.813889 0.776563 0.813889 0.776563 0.783333
5 0.521875 0.558333 0.521875 0.580556 0.545313 0.580556 0.545313 0.558333
5 0.615625 0.772222 0.615625 0.813889 0.632812 0.813889 0.632812 0.772222
