1 0.151562 0.00555556 0.151562 0.0194444 0.145313 0.0305556 0.14375 0.0305556 0.140625 0.0361111 0.139062 0.0361111 0.139062 0.0388889 0.140625 0.0388889 0.14375 0.0444444 0.14375 0.0472222 0.15 0.0583333 0.15 0.130556 0.148438 0.133333 0.148438 0.155556 0.146875 0.158333 0.146875 0.183333 0.145313 0.186111 0.145313 0.241667 0.14375 0.244444 0.14375 0.344444 0.142188 0.347222 0.142188 0.372222 0.140625 0.375 0.140625 0.405556 0.139062 0.408333 0.139062 0.497222 0.1375 0.5 0.1375 0.619444 0.135937 0.622222 0.135937 0.713889 0.134375 0.716667 0.134375 0.780556 0.132812 0.783333 0.132812 0.869444 0.13125 0.872222 0.13125 0.922222 0.129688 0.925 0.129688 0.927778 0.126563 0.933333 0.125 0.933333 0.123438 0.936111 0.115625 0.936111 0.115625 0.952778 0.123438 0.952778 0.125 0.955556 0.126563 0.955556 0.13125 0.963889 0.13125 0.966667 0.132812 0.969444 0.132812 0.975 0.134375 0.977778 0.1375 0.977778 0.139062 0.980556 0.148438 0.963889 0.15 0.963889 0.151562 0.961111 0.154687 0.961111 0.15625 0.958333 0.159375 0.958333 0.160938 0.955556 0.321875 0.955556 0.323438 0.952778 0.332812 0.952778 0.334375 0.955556 0.335938 0.952778 0.340625 0.952778 0.342187 0.955556 0.360938 0.955556 0.3625 0.958333 0.428125 0.958333 0.429688 0.955556 0.45 0.955556 0.451562 0.952778 0.545313 0.952778 0.546875 0.955556 0.551562 0.955556 0.553125 0.952778 0.578125 0.952778 0.579687 0.955556 0.584375 0.955556 0.585938 0.952778 0.596875 0.952778 0.598437 0.955556 0.609375 0.955556 0.610937 0.952778 0.75 0.952778 0.751562 0.95 0.8 0.95 0.801562 0.952778 0.814062 0.952778 0.815625 0.955556 0.81875 0.955556 0.820312 0.958333 0.821875 0.958333 0.823438 0.961111 0.825 0.961111 0.826563 0.963889 0.828125 0.963889 0.832812 0.972222 0.835938 0.972222 0.8375 0.975 0.839063 0.975 0.840625 0.972222 0.840625 0.966667 0.842188 0.963889 0.842188 0.958333 0.851562 0.941667 0.857813 0.941667 0.857813 0.925 0.85 0.925 0.848437 0.922222 0.846875 0.922222 0.84375 0.916667 0.84375 0.861111 0.845312 0.858333 0.845312 0.827778 0.846875 0.825 0.846875 0.805556 0.845312 0.802778 0.845312 0.777778 0.846875 0.775 0.846875 0.413889 0.845312 0.411111 0.845312 0.197222 0.846875 0.194444 0.846875 0.158333 0.845312 0.155556 0.845312 0.0722222 0.846875 0.0694444 0.846875 0.0666667 0.85 0.0611111 0.851562 0.0611111 0.853125 0.0583333 0.857813 0.0583333 0.857813 0.0388889 0.851562 0.0388889 0.842188 0.0222222 0.842188 0.0194444 0.839063 0.0138889 0.839063 0.00555556 0.839063 0.0138889 0.835938 0.0194444 0.834375 0.0194444 0.828125 0.0305556 0.826563 0.0305556 0.825 0.0333333 0.81875 0.0333333 0.817187 0.0361111 0.767187 0.0361111 0.765625 0.0333333 0.63125 0.0333333 0.629687 0.0305556 0.607813 0.0305556 0.60625 0.0333333 0.5875 0.0333333 0.585938 0.0305556 0.567187 0.0305556 0.565625 0.0333333 0.496875 0.0333333 0.495313 0.0305556 0.45625 0.0305556 0.454688 0.0333333 0.440625 0.0333333 0.439063 0.0305556 0.3875 0.0305556 0.385938 0.0277778 0.38125 0.0277778 0.379687 0.0305556 0.3625 0.0305556 0.360938 0.0277778 0.34375 0.0277778 0.342187 0.0305556 0.3375 0.0305556 0.335938 0.0277778 0.33125 0.0277778 0.329688 0.0305556 0.326562 0.0305556 0.325 0.0277778 0.2625 0.0277778 0.260938 0.025 0.242188 0.025 0.240625 0.0277778 0.239063 0.0277778 0.2375 0.025 0.229687 0.025 0.228125 0.0277778 0.225 0.0277778 0.223438 0.025 0.220313 0.025 0.21875 0.0277778 0.175 0.0277778 0.173438 0.025 0.171875 0.025 0.165625 0.0138889 0.165625 0.00555556
5 0.809375 0.616667 0.809375 0.658333 0.832812 0.658333 0.832812 0.616667
5 0.721875 0.761111 0.721875 0.802778 0.745313 0.802778 0.745313 0.775 0.739062 0.775 0.7375 0.772222 0.7375 0.761111
2 0.490625 0.394444 0.490625 0.425 0.489062 0.427778 0.489062 0.447222 0.4875 0.45 0.485938 0.45 0.484375 0.452778 0.4625 0.452778 0.460938 0.455556 0.453125 0.455556 0.453125 0.477778 0.485938 0.477778 0.489062 0.483333 0.489062 0.486111 0.490625 0.488889 0.490625 0.536111 0.503125 0.536111 0.503125 0.488889 0.509375 0.477778 0.514063 0.477778 0.515625 0.480556 0.520312 0.480556 0.521875 0.483333 0.539062 0.483333 0.539062 0.455556 0.53125 0.455556 0.529688 0.452778 0.509375 0.452778 0.50625 0.447222 0.50625 0.422222 0.504687 0.419444 0.504687 0.394444
5 0.396875 0.872222 0.396875 0.913889 0.420312 0.913889 0.420312 0.886111 0.414062 0.886111 0.4125 0.883333 0.4125 0.872222
5 0.803125 0.738889 0.803125 0.769444 0.826563 0.769444 0.826563 0.738889
5 0.528125 0.583333 0.528125 0.625 0.551562 0.625 0.551562 0.583333
5 0.471875 0.494444 0.471875 0.525 0.489062 0.525 0.489062 0.494444
5 0.521875 0.555556 0.521875 0.580556 0.528125 0.580556 0.528125 0.563889 0.529688 0.561111 0.528125 0.558333 0.528125 0.555556
5 0.803125 0.816667 0.803125 0.847222 0.826563 0.847222 0.826563 0.816667
5 0.421875 0.616667 0.421875 0.641667 0.426562 0.641667 0.429688 0.647222 0.429688 0.658333 0.445312 0.658333 0.445312 0.616667
5 0.790625 0.161111 0.790625 0.202778 0.80625 0.202778 0.80625 0.191667 0.807813 0.188889 0.814062 0.188889 0.814062 0.161111
5 0.553125 0.716667 0.553125 0.747222 0.570312 0.747222 0.570312 0.716667
5 0.615625 0.0611111 0.615625 0.0916667 0.632812 0.0916667 0.632812 0.0611111
5 0.809375 0.161111 0.809375 0.191667 0.832812 0.191667 0.832812 0.161111
5 0.807813 0.488889 0.80625 0.491667 0.796875 0.491667 0.796875 0.502778 0.820312 0.502778 0.820312 0.488889
