1 0.151562 0.00555556 0.151562 0.0194444 0.145313 0.0305556 0.14375 0.0305556 0.140625 0.0361111 0.139062 0.0361111 0.139062 0.0388889 0.140625 0.0388889 0.14375 0.0444444 0.14375 0.0472222 0.15 0.0583333 0.15 0.127778 0.148438 0.130556 0.148438 0.15 0.146875 0.152778 0.146875 0.177778 0.145313 0.180556 0.145313 0.227778 0.14375 0.230556 0.14375 0.333333 0.142188 0.336111 0.142188 0.363889 0.140625 0.366667 0.140625 0.388889 0.139062 0.391667 0.139062 0.444444 0.1375 0.447222 0.1375 0.463889 0.139062 0.466667 0.139062 0.494444 0.1375 0.497222 0.1375 0.641667 0.135937 0.644444 0.135937 0.730556 0.134375 0.733333 0.134375 0.780556 0.132812 0.783333 0.132812 0.852778 0.13125 0.855556 0.13125 0.922222 0.129688 0.925 0.129688 0.927778 0.126563 0.933333 0.125 0.933333 0.123438 0.936111 0.115625 0.936111 0.115625 0.952778 0.123438 0.952778 0.125 0.955556 0.126563 0.955556 0.13125 0.963889 0.13125 0.969444 0.132812 0.972222 0.132812 0.980556 0.145313 0.980556 0.145313 0.969444 0.148438 0.963889 0.151562 0.963889 0.153125 0.961111 0.15625 0.961111 0.157813 0.958333 0.160938 0.958333 0.1625 0.955556 0.198437 0.955556 0.2 0.952778 0.203125 0.952778 0.204688 0.955556 0.24375 0.955556 0.245312 0.952778 0.251563 0.952778 0.253125 0.955556 0.289062 0.955556 0.290625 0.952778 0.292188 0.955556 0.298438 0.955556 0.3 0.952778 0.30625 0.952778 0.307813 0.955556 0.3125 0.955556 0.314063 0.952778 0.33125 0.952778 0.332812 0.955556 0.3375 0.955556 0.339063 0.952778 0.340625 0.955556 0.360938 0.955556 0.3625 0.958333 0.375 0.958333 0.376563 0.961111 0.378125 0.958333 0.4125 0.958333 0.414062 0.961111 0.417188 0.961111 0.41875 0.958333 0.4375 0.958333 0.439063 0.955556 0.471875 0.955556 0.473437 0.952778 0.50625 0.952778 0.507812 0.955556 0.553125 0.955556 0.554688 0.952778 0.6 0.952778 0.601562 0.955556 0.607813 0.955556 0.609375 0.952778 0.682813 0.952778 0.684375 0.955556 0.710938 0.955556 0.7125 0.952778 0.7625 0.952778 0.764063 0.95 0.804688 0.95 0.80625 0.952778 0.815625 0.952778 0.817187 0.955556 0.820312 0.955556 0.821875 0.958333 0.823438 0.958333 0.83125 0.972222 0.83125 0.980556 0.842188 0.980556 0.842188 0.961111 0.84375 0.958333 0.84375 0.955556 0.848437 0.947222 0.85 0.947222 0.851562 0.944444 0.857813 0.944444 0.857813 0.925 0.851562 0.925 0.85 0.922222 0.848437 0.922222 0.84375 0.913889 0.84375 0.897222 0.842188 0.894444 0.842188 0.891667 0.84375 0.888889 0.84375 0.852778 0.842188 0.85 0.842188 0.752778 0.84375 0.75 0.84375 0.694444 0.845312 0.691667 0.845312 0.588889 0.846875 0.586111 0.846875 0.530556 0.845312 0.527778 0.845312 0.452778 0.846875 0.45 0.846875 0.427778 0.845312 0.425 0.845312 0.197222 0.84375 0.194444 0.84375 0.188889 0.845312 0.186111 0.845312 0.15 0.84375 0.147222 0.84375 0.116667 0.845312 0.113889 0.845312 0.0722222 0.846875 0.0694444 0.846875 0.0666667 0.851562 0.0583333 0.857813 0.0583333 0.857813 0.0388889 0.851562 0.0388889 0.84375 0.025 0.84375 0.0222222 0.842188 0.0194444 0.842188 0.0166667 0.840625 0.0138889 0.840625 0.00555556 0.835938 0.00555556 0.835938 0.0138889 0.832812 0.0194444 0.832812 0.0222222 0.828125 0.0305556 0.826563 0.0305556 0.825 0.0333333 0.815625 0.0333333 0.814062 0.0361111 0.804688 0.0361111 0.803125 0.0333333 0.801562 0.0361111 0.771875 0.0361111 0.770312 0.0333333 0.620313 0.0333333 0.61875 0.0305556 0.60625 0.0305556 0.604688 0.0333333 0.4375 0.0333333 0.435937 0.0305556 0.360938 0.0305556 0.359375 0.0277778 0.35625 0.0277778 0.354688 0.0305556 0.35 0.0305556 0.348437 0.0277778 0.34375 0.0277778 0.342187 0.0305556 0.339063 0.0305556 0.3375 0.0277778 0.235938 0.0277778 0.234375 0.025 0.23125 0.025 0.229687 0.0277778 0.20625 0.0277778 0.204688 0.0305556 0.2 0.0305556 0.198437 0.0277778 0.179688 0.0277778 0.178125 0.0305556 0.176563 0.0277778 0.175 0.0277778 0.173438 0.025 0.171875 0.025 0.170312 0.0222222 0.16875 0.0222222 0.165625 0.0166667 0.165625 0.00555556
2 0.490625 0.394444 0.490625 0.427778 0.489062 0.430556 0.489062 0.447222 0.4875 0.45 0.485938 0.45 0.484375 0.452778 0.459375 0.452778 0.457812 0.455556 0.453125 0.455556 0.453125 0.477778 0.470313 0.477778 0.471875 0.480556 0.479688 0.480556 0.48125 0.477778 0.484375 0.477778 0.485938 0.480556 0.4875 0.480556 0.489062 0.483333 0.489062 0.486111 0.490625 0.488889 0.490625 0.536111 0.492188 0.538889 0.492188 0.547222 0.5 0.547222 0.5 0.538889 0.501562 0.536111 0.501562 0.533333 0.503125 0.530556 0.503125 0.488889 0.509375 0.477778 0.514063 0.477778 0.515625 0.480556 0.51875 0.480556 0.520312 0.483333 0.539062 0.483333 0.539062 0.455556 0.53125 0.455556 0.529688 0.452778 0.509375 0.452778 0.50625 0.447222 0.50625 0.419444 0.504687 0.416667 0.504687 0.394444
5 0.378125 0.894444 0.378125 0.911111 0.384375 0.911111 0.389062 0.919444 0.389062 0.936111 0.390625 0.936111 0.390625 0.922222 0.39375 0.916667 0.401563 0.916667 0.401563 0.894444
5 0.259375 0.361111 0.259375 0.402778 0.282813 0.402778 0.282813 0.361111
5 0.321875 0.716667 0.321875 0.758333 0.335938 0.758333 0.335938 0.744444 0.3375 0.741667 0.339063 0.741667 0.340625 0.738889 0.345313 0.738889 0.345313 0.716667
5 0.478125 0.861111 0.478125 0.902778 0.49375 0.902778 0.49375 0.894444 0.496875 0.888889 0.501562 0.888889 0.501562 0.875 0.496875 0.875 0.49375 0.869444 0.49375 0.861111
5 0.153125 0.561111 0.153125 0.602778 0.176563 0.602778 0.176563 0.561111
5 0.228125 0.661111 0.228125 0.702778 0.251563 0.702778 0.251563 0.661111
5 0.790625 0.872222 0.790625 0.902778 0.814062 0.902778 0.814062 0.872222
5 0.535937 0.558333 0.534375 0.561111 0.532812 0.561111 0.53125 0.558333 0.521875 0.558333 0.521875 0.580556 0.545313 0.580556 0.545313 0.558333 0.535937 0.558333 0.534375 0.552778 0.534375 0.538889 0.534375 0.552778
5 0.278125 0.594444 0.278125 0.636111 0.29375 0.636111 0.29375 0.625 0.295312 0.622222 0.301562 0.622222 0.301562 0.594444
5 0.171875 0.572222 0.171875 0.588889 0.176563 0.588889 0.178125 0.591667 0.178125 0.602778 0.201562 0.602778 0.201562 0.572222
5 0.203125 0.461111 0.203125 0.491667 0.226562 0.491667 0.226562 0.461111
5 0.615625 0.05 0.615625 0.0916667 0.632812 0.0916667 0.632812 0.05
5 0.246875 0.494444 0.246875 0.525 0.264062 0.525 0.264062 0.494444
