1 0.154687 0 0.154687 0.00277778 0.153125 0.00555556 0.153125 0.0138889 0.15 0.0194444 0.15 0.0222222 0.145313 0.0305556 0.14375 0.0305556 0.140625 0.0361111 0.139062 0.0361111 0.148438 0.0527778 0.148438 0.0555556 0.15 0.0583333 0.15 0.127778 0.148438 0.130556 0.148438 0.158333 0.146875 0.161111 0.146875 0.186111 0.145313 0.188889 0.145313 0.236111 0.14375 0.238889 0.14375 0.338889 0.142188 0.341667 0.142188 0.366667 0.140625 0.369444 0.140625 0.391667 0.139062 0.394444 0.139062 0.494444 0.1375 0.497222 0.1375 0.641667 0.135937 0.644444 0.135937 0.727778 0.134375 0.730556 0.134375 0.783333 0.132812 0.786111 0.132812 0.869444 0.13125 0.872222 0.13125 0.922222 0.129688 0.925 0.129688 0.927778 0.126563 0.933333 0.125 0.933333 0.123438 0.936111 0.115625 0.936111 0.115625 0.952778 0.123438 0.952778 0.125 0.955556 0.126563 0.955556 0.129688 0.961111 0.129688 0.963889 0.132812 0.969444 0.132812 0.975 0.134375 0.977778 0.1375 0.977778 0.139062 0.980556 0.148438 0.963889 0.15 0.963889 0.151562 0.961111 0.15625 0.961111 0.157813 0.958333 0.160938 0.958333 0.1625 0.955556 0.260938 0.955556 0.2625 0.952778 0.26875 0.952778 0.270312 0.955556 0.2875 0.955556 0.289062 0.952778 0.290625 0.952778 0.292188 0.955556 0.325 0.955556 0.326562 0.952778 0.33125 0.952778 0.332812 0.955556 0.334375 0.955556 0.335938 0.952778 0.340625 0.952778 0.342187 0.955556 0.3625 0.955556 0.364062 0.958333 0.370313 0.958333 0.371875 0.961111 0.373437 0.958333 0.421875 0.958333 0.423438 0.955556 0.439063 0.955556 0.440625 0.952778 0.596875 0.952778 0.598437 0.955556 0.609375 0.955556 0.610937 0.952778 0.7625 0.952778 0.764063 0.95 0.801562 0.95 0.803125 0.952778 0.814062 0.952778 0.815625 0.955556 0.81875 0.955556 0.820312 0.958333 0.821875 0.958333 0.823438 0.961111 0.825 0.961111 0.828125 0.966667 0.829687 0.966667 0.832812 0.972222 0.835938 0.972222 0.8375 0.975 0.839063 0.975 0.842188 0.969444 0.842188 0.961111 0.84375 0.958333 0.84375 0.955556 0.851562 0.941667 0.857813 0.941667 0.857813 0.927778 0.853125 0.927778 0.851562 0.925 0.85 0.925 0.848437 0.922222 0.846875 0.922222 0.84375 0.916667 0.84375 0.858333 0.845312 0.855556 0.845312 0.8 0.846875 0.797222 0.846875 0.416667 0.845312 0.413889 0.845312 0.130556 0.84375 0.127778 0.845312 0.125 0.845312 0.075 0.846875 0.0722222 0.846875 0.0694444 0.848437 0.0666667 0.848437 0.0638889 0.853125 0.0555556 0.857813 0.0555556 0.857813 0.0388889 0.851562 0.0388889 0.845312 0.0277778 0.845312 0.025 0.842188 0.0194444 0.842188 0.0166667 0.840625 0.0138889 0.840625 0 0.839063 0 0.839063 0.00555556 0.835938 0.0111111 0.835938 0.0138889 0.825 0.0333333 0.81875 0.0333333 0.817187 0.0361111 0.759375 0.0361111 0.757812 0.0333333 0.642187 0.0333333 0.640625 0.0305556 0.6375 0.0305556 0.635938 0.0333333 0.628125 0.0333333 0.626562 0.0305556 0.604688 0.0305556 0.603125 0.0333333 0.4375 0.0333333 0.435937 0.0305556 0.35 0.0305556 0.348437 0.0277778 0.345313 0.0277778 0.34375 0.0305556 0.3375 0.0305556 0.335938 0.0277778 0.267188 0.0277778 0.265625 0.0305556 0.264062 0.0305556 0.2625 0.0277778 0.235938 0.0277778 0.234375 0.025 0.21875 0.025 0.217187 0.0277778 0.204688 0.0277778 0.203125 0.0305556 0.190625 0.0305556 0.189063 0.0277778 0.179688 0.0277778 0.178125 0.0305556 0.176563 0.0277778 0.175 0.0277778 0.173438 0.025 0.171875 0.025 0.165625 0.0138889 0.165625 0
2 0.490625 0.394444 0.490625 0.425 0.489062 0.427778 0.489062 0.444444 0.484375 0.452778 0.459375 0.452778 0.457812 0.455556 0.453125 0.455556 0.453125 0.477778 0.485938 0.477778 0.490625 0.486111 0.490625 0.536111 0.503125 0.536111 0.503125 0.488889 0.509375 0.477778 0.515625 0.477778 0.517187 0.480556 0.521875 0.480556 0.523438 0.483333 0.539062 0.483333 0.539062 0.455556 0.529688 0.455556 0.528125 0.452778 0.507812 0.452778 0.50625 0.45 0.50625 0.427778 0.504687 0.425 0.504687 0.394444
5 0.809375 0.616667 0.809375 0.658333 0.832812 0.658333 0.832812 0.616667
5 0.646875 0.827778 0.646875 0.858333 0.670313 0.858333 0.670313 0.827778
5 0.396875 0.872222 0.396875 0.913889 0.420312 0.913889 0.420312 0.888889 0.414062 0.888889 0.410937 0.883333 0.410937 0.872222
5 0.809375 0.75 0.809375 0.780556 0.832812 0.780556 0.832812 0.75
5 0.478125 0.883333 0.478125 0.925 0.501562 0.925 0.501562 0.883333
5 0.409375 0.616667 0.409375 0.644444 0.415625 0.644444 0.417188 0.647222 0.417188 0.658333 0.432813 0.658333 0.432813 0.616667
5 0.471875 0.494444 0.471875 0.525 0.489062 0.525 0.489062 0.494444
5 0.521875 0.558333 0.521875 0.580556 0.545313 0.580556 0.545313 0.558333 0.539062 0.558333 0.535937 0.563889 0.532812 0.563889 0.529688 0.558333
5 0.796875 0.805556 0.796875 0.833333 0.801562 0.833333 0.803125 0.836111 0.803125 0.847222 0.820312 0.847222 0.820312 0.805556
5 0.617188 0.05 0.617188 0.0611111 0.614062 0.0666667 0.609375 0.0666667 0.609375 0.0916667 0.632812 0.0916667 0.632812 0.05
5 0.428125 0.594444 0.428125 0.625 0.451562 0.625 0.451562 0.594444
5 0.553125 0.716667 0.553125 0.747222 0.576563 0.747222 0.576563 0.716667
5 0.815625 0.505556 0.8125 0.511111 0.810938 0.511111 0.809375 0.513889 0.803125 0.513889 0.801562 0.516667 0.796875 0.516667 0.796875 0.525 0.820312 0.525 0.820312 0.505556
5 0.43125 0.65 0.43125 0.658333 0.426562 0.666667 0.421875 0.666667 0.421875 0.680556 0.445312 0.680556 0.445312 0.65
