1 0.153125 0.00555556 0.153125 0.0166667 0.15 0.0222222 0.15 0.025 0.146875 0.0305556 0.145313 0.0305556 0.14375 0.0333333 0.142188 0.0333333 0.140625 0.0361111 0.140625 0.0388889 0.145313 0.0472222 0.145313 0.05 0.15 0.0583333 0.15 0.0777778 0.151562 0.0805556 0.151562 0.0833333 0.15 0.0861111 0.15 0.136111 0.148438 0.138889 0.148438 0.166667 0.146875 0.169444 0.146875 0.188889 0.145313 0.191667 0.145313 0.227778 0.14375 0.230556 0.14375 0.344444 0.142188 0.347222 0.142188 0.372222 0.140625 0.375 0.140625 0.388889 0.139062 0.391667 0.139062 0.497222 0.1375 0.5 0.1375 0.641667 0.135937 0.644444 0.135937 0.741667 0.134375 0.744444 0.134375 0.783333 0.132812 0.786111 0.132812 0.813889 0.13125 0.816667 0.13125 0.919444 0.129688 0.922222 0.129688 0.927778 0.128125 0.930556 0.121875 0.930556 0.121875 0.961111 0.128125 0.961111 0.13125 0.966667 0.13125 0.969444 0.132812 0.972222 0.132812 0.977778 0.135937 0.983333 0.135937 0.991667 0.139062 0.991667 0.139062 0.983333 0.140625 0.980556 0.140625 0.977778 0.148438 0.963889 0.15 0.963889 0.151562 0.961111 0.157813 0.961111 0.159375 0.958333 0.16875 0.958333 0.170312 0.955556 0.35625 0.955556 0.357812 0.958333 0.367188 0.958333 0.36875 0.961111 0.40625 0.961111 0.407813 0.958333 0.435937 0.958333 0.4375 0.961111 0.440625 0.961111 0.442187 0.958333 0.453125 0.958333 0.454688 0.955556 0.490625 0.955556 0.492188 0.952778 0.503125 0.952778 0.504687 0.955556 0.542188 0.955556 0.54375 0.952778 0.598437 0.952778 0.6 0.955556 0.609375 0.955556 0.610937 0.952778 0.771875 0.952778 0.773438 0.95 0.79375 0.95 0.795313 0.952778 0.8125 0.952778 0.814062 0.955556 0.820312 0.955556 0.821875 0.958333 0.823438 0.958333 0.825 0.961111 0.826563 0.961111 0.832812 0.972222 0.834375 0.972222 0.835938 0.975 0.839063 0.975 0.840625 0.972222 0.840625 0.969444 0.842188 0.966667 0.842188 0.961111 0.84375 0.958333 0.84375 0.955556 0.848437 0.947222 0.85 0.947222 0.851562 0.944444 0.857813 0.944444 0.857813 0.927778 0.851562 0.927778 0.85 0.925 0.848437 0.925 0.84375 0.916667 0.84375 0.913889 0.842188 0.911111 0.842188 0.769444 0.84375 0.766667 0.84375 0.730556 0.845312 0.727778 0.845312 0.705556 0.846875 0.702778 0.846875 0.511111 0.845312 0.508333 0.845312 0.472222 0.846875 0.469444 0.846875 0.419444 0.845312 0.416667 0.845312 0.222222 0.84375 0.219444 0.84375 0.208333 0.845312 0.205556 0.845312 0.202778 0.84375 0.2 0.84375 0.186111 0.845312 0.183333 0.845312 0.177778 0.84375 0.175 0.84375 0.166667 0.845312 0.163889 0.845312 0.155556 0.84375 0.152778 0.84375 0.1 0.845312 0.0972222 0.845312 0.0722222 0.846875 0.0694444 0.846875 0.0666667 0.85 0.0611111 0.851562 0.0611111 0.853125 0.0583333 0.857813 0.0583333 0.857813 0.0416667 0.851562 0.0416667 0.845312 0.0305556 0.845312 0.0277778 0.84375 0.025 0.84375 0.0222222 0.842188 0.0194444 0.842188 0.0166667 0.840625 0.0138889 0.840625 0.00555556 0.834375 0.00555556 0.834375 0.0166667 0.832812 0.0194444 0.832812 0.0222222 0.828125 0.0305556 0.826563 0.0305556 0.825 0.0333333 0.815625 0.0333333 0.814062 0.0361111 0.73125 0.0361111 0.729688 0.0333333 0.4375 0.0333333 0.435937 0.0305556 0.3375 0.0305556 0.335938 0.0277778 0.285937 0.0277778 0.284375 0.025 0.260938 0.025 0.259375 0.0222222 0.2125 0.0222222 0.210938 0.025 0.203125 0.025 0.201562 0.0277778 0.18125 0.0277778 0.179688 0.0305556 0.176563 0.0305556 0.173438 0.025 0.171875 0.025 0.170312 0.0222222 0.16875 0.0222222 0.165625 0.0166667 0.165625 0.00555556
2 0.492188 0.394444 0.492188 0.408333 0.490625 0.411111 0.490625 0.438889 0.489062 0.441667 0.489062 0.447222 0.4875 0.45 0.485938 0.45 0.484375 0.452778 0.4625 0.452778 0.460938 0.455556 0.453125 0.455556 0.453125 0.475 0.459375 0.475 0.460938 0.477778 0.485938 0.477778 0.489062 0.483333 0.489062 0.486111 0.490625 0.488889 0.490625 0.522222 0.489062 0.525 0.490625 0.527778 0.490625 0.536111 0.492188 0.538889 0.492188 0.547222 0.498437 0.547222 0.498437 0.538889 0.503125 0.530556 0.503125 0.488889 0.504687 0.486111 0.504687 0.483333 0.507812 0.477778 0.515625 0.477778 0.517187 0.480556 0.51875 0.480556 0.520312 0.483333 0.539062 0.483333 0.539062 0.455556 0.53125 0.455556 0.529688 0.452778 0.507812 0.452778 0.50625 0.45 0.50625 0.427778 0.504687 0.425 0.504687 0.394444
5 0.209375 0.05 0.209375 0.0805556 0.214062 0.0805556 0.215625 0.0833333 0.215625 0.0916667 0.226562 0.0916667 0.226562 0.0805556 0.228125 0.0777778 0.232812 0.0777778 0.232812 0.05
5 0.440625 0.694444 0.440625 0.725 0.445312 0.725 0.446875 0.727778 0.446875 0.736111 0.464063 0.736111 0.464063 0.694444
5 0.496875 0.338889 0.496875 0.380556 0.514063 0.380556 0.514063 0.338889
5 0.271875 0.75 0.271875 0.791667 0.289062 0.791667 0.289062 0.75
5 0.146875 0.838889 0.146875 0.869444 0.176563 0.869444 0.176563 0.838889
5 0.809375 0.616667 0.809375 0.658333 0.832812 0.658333 0.832812 0.616667
5 0.459375 0.494444 0.459375 0.525 0.476562 0.525 0.476562 0.494444
5 0.403125 0.894444 0.403125 0.936111 0.426562 0.936111 0.426562 0.894444
5 0.465625 0.0833333 0.465625 0.125 0.489062 0.125 0.489062 0.0833333
5 0.509375 0.183333 0.509375 0.225 0.526563 0.225 0.526563 0.183333
5 0.153125 0.883333 0.153125 0.9 0.157813 0.9 0.160938 0.905556 0.167187 0.905556 0.16875 0.902778 0.176563 0.902778 0.176563 0.883333
5 0.353125 0.561111 0.353125 0.591667 0.370313 0.591667 0.370313 0.561111
5 0.640625 0.138889 0.640625 0.169444 0.664062 0.169444 0.664062 0.138889
