1 0.151562 0.00555556 0.151562 0.0166667 0.15 0.0194444 0.15 0.0222222 0.14375 0.0333333 0.142188 0.0333333 0.140625 0.0361111 0.139062 0.0361111 0.139062 0.0388889 0.15 0.0583333 0.15 0.119444 0.148438 0.122222 0.148438 0.141667 0.146875 0.144444 0.146875 0.161111 0.145313 0.163889 0.145313 0.197222 0.14375 0.2 0.14375 0.313889 0.142188 0.316667 0.142188 0.355556 0.140625 0.358333 0.140625 0.386111 0.139062 0.388889 0.139062 0.447222 0.1375 0.45 0.1375 0.577778 0.135937 0.580556 0.135937 0.655556 0.134375 0.658333 0.134375 0.661111 0.135937 0.663889 0.135937 0.713889 0.134375 0.716667 0.134375 0.761111 0.132812 0.763889 0.132812 0.830556 0.13125 0.833333 0.13125 0.838889 0.132812 0.841667 0.132812 0.858333 0.13125 0.861111 0.13125 0.922222 0.129688 0.925 0.129688 0.927778 0.126563 0.933333 0.125 0.933333 0.123438 0.936111 0.115625 0.936111 0.115625 0.952778 0.121875 0.952778 0.123438 0.955556 0.125 0.955556 0.13125 0.966667 0.13125 0.980556 0.145313 0.980556 0.145313 0.969444 0.146875 0.966667 0.148438 0.966667 0.15 0.963889 0.153125 0.963889 0.154687 0.961111 0.159375 0.961111 0.160938 0.958333 0.16875 0.958333 0.170312 0.955556 0.359375 0.955556 0.360938 0.958333 0.36875 0.958333 0.370313 0.961111 0.371875 0.961111 0.373437 0.958333 0.417188 0.958333 0.41875 0.955556 0.448438 0.955556 0.45 0.952778 0.571875 0.952778 0.573438 0.955556 0.585938 0.955556 0.5875 0.952778 0.595312 0.952778 0.596875 0.955556 0.609375 0.955556 0.610937 0.952778 0.773438 0.952778 0.775 0.95 0.78125 0.95 0.782812 0.952778 0.784375 0.95 0.79375 0.95 0.795313 0.952778 0.8125 0.952778 0.814062 0.955556 0.817187 0.955556 0.81875 0.958333 0.821875 0.958333 0.823438 0.961111 0.825 0.961111 0.83125 0.972222 0.83125 0.980556 0.840625 0.980556 0.840625 0.966667 0.842188 0.963889 0.842188 0.961111 0.84375 0.958333 0.84375 0.955556 0.846875 0.95 0.848437 0.95 0.853125 0.941667 0.857813 0.941667 0.857813 0.927778 0.851562 0.927778 0.848437 0.922222 0.846875 0.922222 0.84375 0.916667 0.84375 0.913889 0.842188 0.911111 0.842188 0.747222 0.84375 0.744444 0.84375 0.663889 0.845312 0.661111 0.845312 0.572222 0.846875 0.569444 0.846875 0.533333 0.845312 0.530556 0.845312 0.469444 0.846875 0.466667 0.846875 0.441667 0.845312 0.438889 0.845312 0.433333 0.846875 0.430556 0.846875 0.425 0.845312 0.422222 0.845312 0.394444 0.846875 0.391667 0.846875 0.352778 0.845312 0.35 0.845312 0.347222 0.846875 0.344444 0.846875 0.272222 0.845312 0.269444 0.845312 0.225 0.84375 0.222222 0.84375 0.166667 0.845312 0.163889 0.845312 0.155556 0.84375 0.152778 0.84375 0.0972222 0.845312 0.0944444 0.845312 0.0722222 0.846875 0.0694444 0.846875 0.0666667 0.851562 0.0583333 0.857813 0.0583333 0.857813 0.0388889 0.853125 0.0388889 0.851562 0.0361111 0.85 0.0361111 0.84375 0.025 0.84375 0.0222222 0.842188 0.0194444 0.842188 0.0166667 0.840625 0.0138889 0.840625 0.00555556 0.8375 0.00555556 0.8375 0.0166667 0.829687 0.0305556 0.828125 0.0305556 0.826563 0.0333333 0.81875 0.0333333 0.817187 0.0361111 0.679688 0.0361111 0.678125 0.0333333 0.43125 0.0333333 0.429688 0.0305556 0.310937 0.0305556 0.309375 0.0277778 0.307813 0.0277778 0.30625 0.0305556 0.298438 0.0305556 0.296875 0.0277778 0.29375 0.0277778 0.292188 0.0305556 0.273438 0.0305556 0.271875 0.0277778 0.26875 0.0277778 0.267188 0.0305556 0.25 0.0305556 0.248437 0.0277778 0.217187 0.0277778 0.215625 0.0305556 0.175 0.0305556 0.171875 0.025 0.170312 0.025 0.165625 0.0166667 0.165625 0.00555556
2 0.490625 0.394444 0.490625 0.422222 0.489062 0.425 0.489062 0.444444 0.484375 0.452778 0.460938 0.452778 0.459375 0.455556 0.453125 0.455556 0.453125 0.477778 0.460938 0.477778 0.4625 0.480556 0.485938 0.480556 0.490625 0.488889 0.490625 0.516667 0.489062 0.519444 0.489062 0.530556 0.490625 0.533333 0.490625 0.547222 0.5 0.547222 0.5 0.536111 0.501562 0.533333 0.501562 0.530556 0.503125 0.527778 0.503125 0.5 0.501562 0.497222 0.501562 0.494444 0.503125 0.491667 0.503125 0.488889 0.504687 0.486111 0.504687 0.483333 0.50625 0.480556 0.507812 0.480556 0.509375 0.477778 0.510938 0.477778 0.5125 0.480556 0.51875 0.480556 0.520312 0.483333 0.539062 0.483333 0.539062 0.455556 0.53125 0.455556 0.529688 0.452778 0.509375 0.452778 0.50625 0.447222 0.50625 0.436111 0.504687 0.433333 0.504687 0.394444
5 0.496875 0.816667 0.496875 0.858333 0.514063 0.858333 0.514063 0.816667
5 0.709375 0.127778 0.709375 0.169444 0.725 0.169444 0.725 0.158333 0.726562 0.155556 0.732813 0.155556 0.732813 0.127778
5 0.809375 0.294444 0.809375 0.325 0.832812 0.325 0.832812 0.294444
5 0.640625 0.561111 0.640625 0.591667 0.664062 0.591667 0.664062 0.561111
5 0.740625 0.338889 0.740625 0.380556 0.75625 0.380556 0.75625 0.372222 0.759375 0.366667 0.764063 0.366667 0.764063 0.338889
5 0.615625 0.183333 0.615625 0.225 0.639063 0.225 0.639063 0.183333
5 0.596875 0.183333 0.596875 0.213889 0.614062 0.213889 0.614062 0.183333
5 0.321875 0.205556 0.321875 0.236111 0.345313 0.236111 0.345313 0.205556
