1 0.24375 0.00277778 0.246875 0.00277778 0.246875 0 0.24375 0 0.24375 0.00277778 0.21875 0.0222222 0.217187 0.025 0.207813 0.025 0.20625 0.0277778 0.179688 0.0277778 0.178125 0.0305556 0.176563 0.0277778 0.175 0.0277778 0.173438 0.025 0.171875 0.025 0.170312 0.0222222 0.16875 0.0222222 0.165625 0.0166667 0.165625 0.0138889 0.164062 0.0111111 0.164062 0.00833333 0.1625 0.00555556 0.1625 0 0.154687 0 0.154687 0.00277778 0.153125 0.00555556 0.153125 0.0138889 0.151562 0.0166667 0.151562 0.0194444 0.145313 0.0305556 0.14375 0.0305556 0.140625 0.0361111 0.139062 0.0361111 0.145313 0.0472222 0.145313 0.05 0.15 0.0583333 0.15 0.0777778 0.151562 0.0805556 0.151562 0.0833333 0.15 0.0861111 0.15 0.133333 0.148438 0.136111 0.148438 0.158333 0.146875 0.161111 0.146875 0.186111 0.145313 0.188889 0.145313 0.227778 0.14375 0.230556 0.14375 0.338889 0.142188 0.341667 0.142188 0.366667 0.140625 0.369444 0.140625 0.386111 0.139062 0.388889 0.139062 0.502778 0.1375 0.505556 0.1375 0.627778 0.135937 0.630556 0.135937 0.719444 0.134375 0.722222 0.134375 0.783333 0.132812 0.786111 0.132812 0.872222 0.13125 0.875 0.13125 0.922222 0.129688 0.925 0.129688 0.927778 0.126563 0.933333 0.125 0.933333 0.123438 0.936111 0.115625 0.936111 0.115625 0.952778 0.121875 0.952778 0.123438 0.955556 0.125 0.955556 0.126563 0.958333 0.128125 0.958333 0.129688 0.961111 0.129688 0.963889 0.13125 0.966667 0.13125 0.969444 0.132812 0.972222 0.132812 0.975 0.134375 0.977778 0.135937 0.977778 0.139062 0.983333 0.139062 0.991667 0.139062 0.980556 0.148438 0.963889 0.15 0.963889 0.151562 0.961111 0.154687 0.961111 0.15625 0.958333 0.159375 0.958333 0.160938 0.955556 0.2625 0.955556 0.264062 0.952778 0.265625 0.952778 0.267188 0.955556 0.335938 0.955556 0.3375 0.952778 0.345313 0.952778 0.346875 0.955556 0.3625 0.955556 0.364062 0.958333 0.426562 0.958333 0.428125 0.955556 0.479688 0.955556 0.48125 0.952778 0.6 0.952778 0.601562 0.955556 0.609375 0.955556 0.610937 0.952778 0.771875 0.952778 0.773438 0.95 0.796875 0.95 0.798437 0.952778 0.8125 0.952778 0.814062 0.955556 0.817187 0.955556 0.81875 0.958333 0.821875 0.958333 0.823438 0.961111 0.825 0.961111 0.83125 0.972222 0.834375 0.972222 0.835938 0.975 0.839063 0.975 0.842188 0.969444 0.842188 0.961111 0.84375 0.958333 0.84375 0.955556 0.848437 0.947222 0.85 0.947222 0.853125 0.941667 0.857813 0.941667 0.857813 0.927778 0.851562 0.927778 0.85 0.925 0.848437 0.925 0.84375 0.916667 0.84375 0.905556 0.842188 0.902778 0.842188 0.822222 0.84375 0.819444 0.84375 0.75 0.845312 0.747222 0.845312 0.713889 0.846875 0.711111 0.846875 0.486111 0.845312 0.483333 0.845312 0.480556 0.846875 0.477778 0.846875 0.419444 0.845312 0.416667 0.845312 0.155556 0.84375 0.152778 0.84375 0.122222 0.845312 0.119444 0.845312 0.0722222 0.846875 0.0694444 0.846875 0.0666667 0.85 0.0611111 0.851562 0.0611111 0.853125 0.0583333 0.857813 0.0583333 0.857813 0.0388889 0.851562 0.0388889 0.84375 0.025 0.84375 0.0222222 0.842188 0.0194444 0.842188 0.0166667 0.840625 0.0138889 0.840625 0.00833333 0.839063 0.00833333 0.8375 0.0111111 0.8375 0.0138889 0.832812 0.0222222 0.832812 0.025 0.829687 0.0305556 0.828125 0.0305556 0.826563 0.0333333 0.817187 0.0333333 0.815625 0.0361111 0.720312 0.0361111 0.71875 0.0333333 0.698438 0.0333333 0.696875 0.0361111 0.684375 0.0361111 0.682813 0.0333333 0.514063 0.0333333 0.5125 0.0305556 0.465625 0.0305556 0.464063 0.0333333 0.439063 0.0333333 0.4375 0.0305556 0.385938 0.0305556 0.384375 0.0277778 0.379687 0.0277778 0.378125 0.0305556 0.376563 0.0277778 0.326562 0.0277778 0.325 0.025 0.3 0.025 0.298438 0.0222222 0.21875 0.0222222
2 0.492188 0.394444 0.492188 0.408333 0.490625 0.411111 0.490625 0.436111 0.489062 0.438889 0.489062 0.447222 0.4875 0.45 0.485938 0.45 0.484375 0.452778 0.4625 0.452778 0.460938 0.455556 0.453125 0.455556 0.453125 0.475 0.459375 0.475 0.460938 0.477778 0.485938 0.477778 0.489062 0.483333 0.489062 0.486111 0.490625 0.488889 0.490625 0.519444 0.489062 0.522222 0.489062 0.527778 0.490625 0.530556 0.490625 0.536111 0.492188 0.538889 0.492188 0.547222 0.498437 0.547222 0.498437 0.538889 0.501562 0.533333 0.501562 0.530556 0.503125 0.527778 0.503125 0.497222 0.501562 0.494444 0.503125 0.491667 0.503125 0.488889 0.504687 0.486111 0.504687 0.483333 0.50625 0.480556 0.507812 0.480556 0.509375 0.477778 0.514063 0.477778 0.515625 0.480556 0.520312 0.480556 0.521875 0.483333 0.539062 0.483333 0.539062 0.455556 0.53125 0.455556 0.529688 0.452778 0.509375 0.452778 0.50625 0.447222 0.50625 0.425 0.504687 0.422222 0.504687 0.394444
5 0.446875 0.694444 0.446875 0.736111 0.464063 0.736111 0.464063 0.694444
5 0.234375 0.05 0.234375 0.0916667 0.251563 0.0916667 0.251563 0.05
5 0.496875 0.338889 0.496875 0.380556 0.514063 0.380556 0.514063 0.338889
5 0.809375 0.616667 0.809375 0.658333 0.832812 0.658333 0.832812 0.616667
5 0.459375 0.494444 0.459375 0.525 0.476562 0.525 0.476562 0.494444
5 0.240625 0.705556 0.240625 0.713889 0.239063 0.716667 0.234375 0.716667 0.234375 0.747222 0.257812 0.747222 0.257812 0.705556
5 0.534375 0.569444 0.534375 0.572222 0.539062 0.572222 0.539062 0.569444
5 0.635938 0.127778 0.635938 0.136111 0.632812 0.141667 0.628125 0.141667 0.628125 0.169444 0.651563 0.169444 0.651563 0.127778
5 0.729688 0.336111 0.721875 0.336111 0.721875 0.347222 0.73125 0.347222 0.73125 0.338889 0.729688 0.336111 0.739062 0.313889 0.745313 0.313889 0.745313 0.305556 0.739062 0.305556 0.739062 0.313889
5 0.503125 0.05 0.503125 0.0916667 0.51875 0.0916667 0.51875 0.0833333 0.521875 0.0777778 0.526563 0.0777778 0.526563 0.0611111 0.521875 0.0611111 0.520312 0.0583333 0.520312 0.05
5 0.571875 0.116667 0.571875 0.158333 0.595312 0.158333 0.595312 0.116667
5 0.378125 0.538889 0.378125 0.569444 0.401563 0.569444 0.401563 0.538889
5 0.453125 0.294444 0.453125 0.336111 0.470313 0.336111 0.470313 0.294444
5 0.509375 0.194444 0.509375 0.225 0.526563 0.225 0.526563 0.194444
