1 0.151562 0.00555556 0.151562 0.0166667 0.15 0.0194444 0.15 0.0222222 0.14375 0.0333333 0.142188 0.0333333 0.140625 0.0361111 0.139062 0.0361111 0.139062 0.0388889 0.15 0.0583333 0.15 0.125 0.148438 0.127778 0.148438 0.147222 0.146875 0.15 0.146875 0.166667 0.145313 0.169444 0.145313 0.202778 0.14375 0.205556 0.14375 0.313889 0.142188 0.316667 0.142188 0.355556 0.140625 0.358333 0.140625 0.383333 0.139062 0.386111 0.139062 0.441667 0.1375 0.444444 0.1375 0.608333 0.135937 0.611111 0.135937 0.705556 0.134375 0.708333 0.134375 0.75 0.132812 0.752778 0.132812 0.794444 0.13125 0.797222 0.13125 0.922222 0.129688 0.925 0.129688 0.927778 0.126563 0.933333 0.125 0.933333 0.123438 0.936111 0.115625 0.936111 0.115625 0.952778 0.121875 0.952778 0.123438 0.955556 0.125 0.955556 0.126563 0.958333 0.128125 0.958333 0.129688 0.961111 0.129688 0.963889 0.13125 0.966667 0.13125 0.969444 0.132812 0.972222 0.132812 0.975 0.134375 0.977778 0.135937 0.977778 0.1375 0.980556 0.139062 0.980556 0.146875 0.966667 0.148438 0.966667 0.15 0.963889 0.153125 0.963889 0.154687 0.961111 0.157813 0.961111 0.159375 0.958333 0.164062 0.958333 0.165625 0.955556 0.198437 0.955556 0.2 0.952778 0.204688 0.952778 0.20625 0.955556 0.360938 0.955556 0.3625 0.958333 0.425 0.958333 0.426562 0.955556 0.45 0.955556 0.451562 0.952778 0.54375 0.952778 0.545313 0.955556 0.554688 0.955556 0.55625 0.952778 0.573438 0.952778 0.575 0.955556 0.585938 0.955556 0.5875 0.952778 0.59375 0.952778 0.595312 0.955556 0.610937 0.955556 0.6125 0.952778 0.775 0.952778 0.776563 0.95 0.778125 0.95 0.779688 0.952778 0.784375 0.952778 0.785937 0.95 0.792188 0.95 0.79375 0.952778 0.810938 0.952778 0.8125 0.955556 0.817187 0.955556 0.81875 0.958333 0.820312 0.958333 0.821875 0.961111 0.825 0.961111 0.83125 0.972222 0.840625 0.972222 0.840625 0.966667 0.842188 0.963889 0.842188 0.958333 0.848437 0.947222 0.85 0.947222 0.853125 0.941667 0.857813 0.941667 0.857813 0.927778 0.851562 0.927778 0.85 0.925 0.848437 0.925 0.84375 0.916667 0.84375 0.913889 0.842188 0.911111 0.842188 0.747222 0.84375 0.744444 0.84375 0.65 0.845312 0.647222 0.845312 0.563889 0.846875 0.561111 0.846875 0.552778 0.845312 0.55 0.845312 0.452778 0.846875 0.45 0.846875 0.444444 0.845312 0.441667 0.845312 0.288889 0.84375 0.286111 0.84375 0.0833333 0.845312 0.0805556 0.845312 0.0694444 0.851562 0.0583333 0.857813 0.0583333 0.857813 0.0388889 0.851562 0.0388889 0.846875 0.0305556 0.845312 0.0305556 0.84375 0.0277778 0.84375 0.025 0.842188 0.0222222 0.842188 0.0194444 0.840625 0.0166667 0.840625 0.00555556 0.8375 0.00555556 0.8375 0.0138889 0.832812 0.0222222 0.832812 0.025 0.83125 0.0277778 0.829687 0.0277778 0.828125 0.0305556 0.826563 0.0305556 0.825 0.0333333 0.817187 0.0333333 0.815625 0.0361111 0.745313 0.0361111 0.74375 0.0333333 0.492188 0.0333333 0.490625 0.0305556 0.484375 0.0305556 0.482812 0.0333333 0.4375 0.0333333 0.435937 0.0305556 0.410937 0.0305556 0.409375 0.0277778 0.407813 0.0277778 0.40625 0.0305556 0.360938 0.0305556 0.359375 0.0277778 0.345313 0.0277778 0.34375 0.0305556 0.326562 0.0305556 0.325 0.0277778 0.292188 0.0277778 0.290625 0.0305556 0.273438 0.0305556 0.271875 0.0277778 0.267188 0.0277778 0.265625 0.0305556 0.264062 0.0277778 0.246875 0.0277778 0.245312 0.025 0.24375 0.0277778 0.217187 0.0277778 0.215625 0.0305556 0.175 0.0305556 0.171875 0.025 0.170312 0.025 0.165625 0.0166667 0.165625 0.00555556
2 0.490625 0.394444 0.490625 0.422222 0.489062 0.425 0.489062 0.444444 0.484375 0.452778 0.460938 0.452778 0.459375 0.455556 0.453125 0.455556 0.453125 0.477778 0.464063 0.477778 0.465625 0.480556 0.48125 0.480556 0.482812 0.477778 0.484375 0.480556 0.485938 0.480556 0.490625 0.488889 0.490625 0.519444 0.489062 0.522222 0.489062 0.527778 0.490625 0.530556 0.490625 0.547222 0.5 0.547222 0.5 0.538889 0.501562 0.536111 0.501562 0.533333 0.503125 0.530556 0.503125 0.488889 0.507812 0.480556 0.517187 0.480556 0.51875 0.483333 0.539062 0.483333 0.539062 0.455556 0.529688 0.455556 0.528125 0.452778 0.509375 0.452778 0.50625 0.447222 0.50625 0.438889 0.504687 0.436111 0.504687 0.394444
5 0.496875 0.816667 0.496875 0.858333 0.514063 0.858333 0.514063 0.816667
5 0.621875 0.0611111 0.621875 0.102778 0.645312 0.102778 0.645312 0.0722222 0.640625 0.0722222 0.639063 0.0694444 0.639063 0.0611111
5 0.571875 0.594444 0.571875 0.636111 0.589063 0.636111 0.589063 0.594444
5 0.346875 0.483333 0.346875 0.513889 0.364062 0.513889 0.364062 0.497222 0.357812 0.497222 0.35625 0.494444 0.35625 0.483333
5 0.609375 0.283333 0.609375 0.325 0.632812 0.325 0.632812 0.283333
5 0.303125 0.338889 0.303125 0.380556 0.326562 0.380556 0.326562 0.338889
5 0.634375 0.461111 0.634375 0.491667 0.657812 0.491667 0.657812 0.461111
5 0.521875 0.0944444 0.521875 0.125 0.526563 0.125 0.528125 0.127778 0.528125 0.136111 0.545313 0.136111 0.545313 0.0944444
5 0.690625 0.416667 0.690625 0.458333 0.707812 0.458333 0.707812 0.416667
