1 0.153125 0 0.153125 0.00833333 0.151562 0.0111111 0.151562 0.0166667 0.15 0.0194444 0.15 0.0222222 0.145313 0.0305556 0.14375 0.0305556 0.140625 0.0361111 0.139062 0.0361111 0.139062 0.0388889 0.140625 0.0388889 0.145313 0.0472222 0.145313 0.05 0.15 0.0583333 0.15 0.127778 0.148438 0.130556 0.148438 0.155556 0.146875 0.158333 0.146875 0.177778 0.145313 0.180556 0.145313 0.241667 0.14375 0.244444 0.14375 0.327778 0.142188 0.330556 0.142188 0.358333 0.140625 0.361111 0.140625 0.388889 0.139062 0.391667 0.139062 0.455556 0.1375 0.458333 0.1375 0.461111 0.139062 0.463889 0.139062 0.491667 0.1375 0.494444 0.1375 0.608333 0.135937 0.611111 0.135937 0.722222 0.134375 0.725 0.134375 0.769444 0.132812 0.772222 0.132812 0.811111 0.13125 0.813889 0.13125 0.836111 0.132812 0.838889 0.132812 0.863889 0.13125 0.866667 0.13125 0.922222 0.129688 0.925 0.129688 0.927778 0.126563 0.933333 0.125 0.933333 0.123438 0.936111 0.115625 0.936111 0.115625 0.952778 0.123438 0.952778 0.125 0.955556 0.126563 0.955556 0.13125 0.963889 0.13125 0.966667 0.132812 0.969444 0.132812 0.980556 0.14375 0.980556 0.14375 0.972222 0.148438 0.963889 0.15 0.963889 0.151562 0.961111 0.15625 0.961111 0.157813 0.958333 0.160938 0.958333 0.1625 0.955556 0.235938 0.955556 0.2375 0.952778 0.275 0.952778 0.276563 0.955556 0.335938 0.955556 0.3375 0.952778 0.35 0.952778 0.351562 0.955556 0.364062 0.955556 0.365625 0.958333 0.428125 0.958333 0.429688 0.955556 0.448438 0.955556 0.45 0.952778 0.598437 0.952778 0.6 0.955556 0.609375 0.955556 0.610937 0.952778 0.765625 0.952778 0.767187 0.95 0.803125 0.95 0.804688 0.952778 0.815625 0.952778 0.817187 0.955556 0.81875 0.955556 0.820312 0.958333 0.821875 0.958333 0.823438 0.961111 0.825 0.961111 0.83125 0.972222 0.83125 0.980556 0.840625 0.980556 0.840625 0.972222 0.842188 0.969444 0.842188 0.961111 0.84375 0.958333 0.84375 0.955556 0.848437 0.947222 0.85 0.947222 0.853125 0.941667 0.857813 0.941667 0.857813 0.927778 0.853125 0.927778 0.851562 0.925 0.85 0.925 0.84375 0.913889 0.84375 0.8 0.842188 0.797222 0.842188 0.783333 0.84375 0.780556 0.84375 0.708333 0.845312 0.705556 0.845312 0.666667 0.846875 0.663889 0.846875 0.577778 0.848437 0.575 0.848437 0.55 0.846875 0.547222 0.846875 0.419444 0.845312 0.416667 0.845312 0.411111 0.846875 0.408333 0.846875 0.402778 0.845312 0.4 0.845312 0.241667 0.84375 0.238889 0.84375 0.0972222 0.845312 0.0944444 0.845312 0.0722222 0.846875 0.0694444 0.846875 0.0666667 0.851562 0.0583333 0.857813 0.0583333 0.857813 0.0388889 0.851562 0.0388889 0.84375 0.025 0.84375 0.0194444 0.842188 0.0166667 0.842188 0.0111111 0.840625 0.00833333 0.840625 0 0.839063 0 0.839063 0.00555556 0.834375 0.0138889 0.834375 0.0166667 0.826563 0.0305556 0.825 0.0305556 0.823438 0.0333333 0.817187 0.0333333 0.815625 0.0361111 0.804688 0.0361111 0.803125 0.0333333 0.801562 0.0361111 0.773438 0.0361111 0.771875 0.0333333 0.439063 0.0333333 0.4375 0.0305556 0.360938 0.0305556 0.359375 0.0277778 0.18125 0.0277778 0.179688 0.0305556 0.178125 0.0305556 0.176563 0.0277778 0.175 0.0277778 0.173438 0.025 0.171875 0.025 0.165625 0.0138889 0.165625 0.00555556 0.164062 0.00277778 0.164062 0
2 0.490625 0.394444 0.490625 0.422222 0.489062 0.425 0.489062 0.447222 0.4875 0.45 0.485938 0.45 0.484375 0.452778 0.4625 0.452778 0.460938 0.455556 0.453125 0.455556 0.453125 0.477778 0.459375 0.477778 0.460938 0.480556 0.46875 0.480556 0.470313 0.477778 0.482812 0.477778 0.484375 0.480556 0.485938 0.480556 0.490625 0.488889 0.490625 0.513889 0.489062 0.516667 0.489062 0.525 0.490625 0.527778 0.490625 0.533333 0.492188 0.536111 0.492188 0.547222 0.498437 0.547222 0.498437 0.538889 0.503125 0.530556 0.503125 0.497222 0.501562 0.494444 0.503125 0.491667 0.503125 0.488889 0.504687 0.486111 0.504687 0.483333 0.507812 0.477778 0.515625 0.477778 0.517187 0.480556 0.520312 0.480556 0.521875 0.483333 0.539062 0.483333 0.539062 0.455556 0.53125 0.455556 0.529688 0.452778 0.509375 0.452778 0.50625 0.447222 0.50625 0.427778 0.504687 0.425 0.504687 0.394444
5 0.753125 0.783333 0.753125 0.813889 0.757812 0.813889 0.759375 0.816667 0.759375 0.825 0.776563 0.825 0.776563 0.783333
5 0.334375 0.872222 0.334375 0.913889 0.357812 0.913889 0.357812 0.886111 0.351562 0.886111 0.348437 0.880556 0.348437 0.872222
5 0.203125 0.613889 0.203125 0.625 0.207813 0.625 0.207813 0.613889
5 0.721875 0.538889 0.721875 0.547222 0.720312 0.55 0.715625 0.55 0.715625 0.580556 0.739062 0.580556 0.739062 0.538889
5 0.284375 0.738889 0.284375 0.780556 0.307813 0.780556 0.307813 0.752778 0.301562 0.752778 0.3 0.75 0.3 0.738889
5 0.459375 0.494444 0.459375 0.536111 0.476562 0.536111 0.476562 0.494444
5 0.790625 0.872222 0.790625 0.902778 0.814062 0.902778 0.814062 0.872222
5 0.765625 0.627778 0.765625 0.658333 0.770312 0.658333 0.771875 0.661111 0.771875 0.669444 0.78125 0.669444 0.78125 0.661111 0.782812 0.658333 0.789062 0.658333 0.789062 0.627778
5 0.809375 0.55 0.809375 0.580556 0.832812 0.580556 0.832812 0.55
5 0.578125 0.505556 0.578125 0.530556 0.582812 0.530556 0.585938 0.536111 0.585938 0.547222 0.601562 0.547222 0.601562 0.505556
5 0.259375 0.483333 0.259375 0.525 0.282813 0.525 0.282813 0.483333
5 0.532812 0.538889 0.532812 0.552778 0.53125 0.555556 0.521875 0.555556 0.521875 0.580556 0.545313 0.580556 0.545313 0.555556 0.5375 0.555556 0.534375 0.55 0.534375 0.538889
5 0.646875 0.75 0.646875 0.780556 0.670313 0.780556 0.670313 0.75
