1 0.153125 0.00555556 0.153125 0.0138889 0.151562 0.0166667 0.151562 0.0194444 0.15 0.0222222 0.15 0.025 0.146875 0.0305556 0.145313 0.0305556 0.14375 0.0333333 0.142188 0.0333333 0.140625 0.0361111 0.140625 0.0388889 0.14375 0.0444444 0.14375 0.0472222 0.15 0.0583333 0.15 0.127778 0.148438 0.130556 0.148438 0.152778 0.146875 0.155556 0.146875 0.177778 0.145313 0.180556 0.145313 0.222222 0.14375 0.225 0.14375 0.330556 0.142188 0.333333 0.142188 0.358333 0.140625 0.361111 0.140625 0.383333 0.139062 0.386111 0.139062 0.491667 0.1375 0.494444 0.1375 0.602778 0.135937 0.605556 0.135937 0.719444 0.134375 0.722222 0.134375 0.769444 0.132812 0.772222 0.132812 0.866667 0.13125 0.869444 0.13125 0.919444 0.129688 0.922222 0.129688 0.927778 0.126563 0.933333 0.125 0.933333 0.123438 0.936111 0.115625 0.936111 0.115625 0.952778 0.123438 0.952778 0.125 0.955556 0.126563 0.955556 0.13125 0.963889 0.13125 0.966667 0.132812 0.969444 0.132812 0.980556 0.14375 0.980556 0.14375 0.972222 0.148438 0.963889 0.151562 0.963889 0.153125 0.961111 0.15625 0.961111 0.157813 0.958333 0.160938 0.958333 0.1625 0.955556 0.189063 0.955556 0.190625 0.952778 0.196875 0.952778 0.198437 0.955556 0.25 0.955556 0.251563 0.952778 0.28125 0.952778 0.282813 0.955556 0.284375 0.955556 0.285937 0.952778 0.29375 0.952778 0.295312 0.955556 0.3 0.955556 0.301562 0.952778 0.303125 0.955556 0.359375 0.955556 0.360938 0.958333 0.382812 0.958333 0.384375 0.961111 0.395312 0.961111 0.396875 0.958333 0.43125 0.958333 0.432813 0.955556 0.457812 0.955556 0.459375 0.952778 0.576563 0.952778 0.578125 0.955556 0.585938 0.955556 0.5875 0.952778 0.592188 0.952778 0.59375 0.955556 0.610937 0.955556 0.6125 0.952778 0.771875 0.952778 0.773438 0.95 0.801562 0.95 0.803125 0.952778 0.814062 0.952778 0.815625 0.955556 0.81875 0.955556 0.820312 0.958333 0.821875 0.958333 0.823438 0.961111 0.825 0.961111 0.83125 0.972222 0.83125 0.980556 0.840625 0.980556 0.840625 0.972222 0.842188 0.969444 0.842188 0.961111 0.84375 0.958333 0.84375 0.955556 0.846875 0.95 0.848437 0.95 0.853125 0.941667 0.857813 0.941667 0.857813 0.927778 0.853125 0.927778 0.851562 0.925 0.85 0.925 0.848437 0.922222 0.846875 0.922222 0.84375 0.916667 0.84375 0.905556 0.842188 0.902778 0.842188 0.747222 0.84375 0.744444 0.84375 0.661111 0.845312 0.658333 0.845312 0.577778 0.846875 0.575 0.846875 0.516667 0.845312 0.513889 0.845312 0.461111 0.846875 0.458333 0.846875 0.441667 0.845312 0.438889 0.845312 0.247222 0.84375 0.244444 0.84375 0.163889 0.845312 0.161111 0.845312 0.158333 0.84375 0.155556 0.84375 0.0944444 0.845312 0.0916667 0.845312 0.0722222 0.846875 0.0694444 0.846875 0.0666667 0.853125 0.0555556 0.857813 0.0555556 0.857813 0.0416667 0.853125 0.0416667 0.84375 0.025 0.84375 0.0222222 0.842188 0.0194444 0.842188 0.0166667 0.840625 0.0138889 0.840625 0.00555556 0.835938 0.00555556 0.835938 0.0138889 0.832812 0.0194444 0.832812 0.0222222 0.828125 0.0305556 0.826563 0.0305556 0.825 0.0333333 0.817187 0.0333333 0.815625 0.0361111 0.804688 0.0361111 0.803125 0.0333333 0.801562 0.0361111 0.770312 0.0361111 0.76875 0.0333333 0.645312 0.0333333 0.64375 0.0305556 0.601562 0.0305556 0.6 0.0333333 0.439063 0.0333333 0.4375 0.0305556 0.359375 0.0305556 0.357812 0.0277778 0.354688 0.0277778 0.353125 0.0305556 0.351562 0.0277778 0.323438 0.0277778 0.321875 0.025 0.304688 0.025 0.303125 0.0277778 0.301562 0.0277778 0.3 0.025 0.29375 0.025 0.292188 0.0277778 0.2625 0.0277778 0.260938 0.025 0.207813 0.025 0.20625 0.0277778 0.179688 0.0277778 0.178125 0.0305556 0.176563 0.0277778 0.175 0.0277778 0.173438 0.025 0.171875 0.025 0.170312 0.0222222 0.16875 0.0222222 0.165625 0.0166667 0.165625 0.00555556
2 0.490625 0.394444 0.490625 0.430556 0.489062 0.433333 0.489062 0.444444 0.484375 0.452778 0.464063 0.452778 0.4625 0.455556 0.453125 0.455556 0.453125 0.477778 0.467187 0.477778 0.46875 0.480556 0.48125 0.480556 0.482812 0.477778 0.484375 0.477778 0.490625 0.488889 0.490625 0.519444 0.489062 0.522222 0.489062 0.527778 0.490625 0.530556 0.490625 0.547222 0.5 0.547222 0.5 0.536111 0.503125 0.530556 0.503125 0.497222 0.501562 0.494444 0.503125 0.491667 0.503125 0.488889 0.509375 0.477778 0.514063 0.477778 0.515625 0.480556 0.51875 0.480556 0.520312 0.483333 0.539062 0.483333 0.539062 0.455556 0.53125 0.455556 0.529688 0.452778 0.509375 0.452778 0.50625 0.447222 0.50625 0.427778 0.504687 0.425 0.504687 0.394444
5 0.184375 0.361111 0.184375 0.402778 0.207813 0.402778 0.207813 0.361111
5 0.271875 0.794444 0.271875 0.836111 0.285937 0.836111 0.285937 0.827778 0.290625 0.819444 0.295312 0.819444 0.295312 0.794444
5 0.459375 0.483333 0.459375 0.491667 0.457812 0.494444 0.453125 0.494444 0.453125 0.508333 0.457812 0.508333 0.460938 0.513889 0.460938 0.525 0.476562 0.525 0.476562 0.483333
5 0.478125 0.861111 0.478125 0.902778 0.495313 0.902778 0.495313 0.894444 0.496875 0.891667 0.501562 0.891667 0.501562 0.861111
5 0.734375 0.494444 0.734375 0.536111 0.757812 0.536111 0.757812 0.494444
5 0.534375 0.538889 0.534375 0.55 0.532812 0.552778 0.532812 0.555556 0.53125 0.558333 0.521875 0.558333 0.521875 0.580556 0.545313 0.580556 0.545313 0.558333 0.5375 0.558333 0.534375 0.552778
5 0.790625 0.872222 0.790625 0.902778 0.814062 0.902778 0.814062 0.872222
5 0.378125 0.861111 0.378125 0.891667 0.385938 0.891667 0.385938 0.875 0.3875 0.872222 0.3875 0.861111
5 0.521875 0.816667 0.521875 0.847222 0.545313 0.847222 0.545313 0.816667
5 0.617188 0.05 0.617188 0.0611111 0.614062 0.0666667 0.609375 0.0666667 0.609375 0.0916667 0.632812 0.0916667 0.632812 0.05
5 0.278125 0.205556 0.278125 0.247222 0.292188 0.247222 0.292188 0.236111 0.295312 0.230556 0.301562 0.230556 0.301562 0.205556
5 0.665625 0.561111 0.665625 0.591667 0.689062 0.591667 0.689062 0.561111
5 0.715625 0.361111 0.715625 0.402778 0.73125 0.402778 0.73125 0.391667 0.732813 0.388889 0.739062 0.388889 0.739062 0.361111
5 0.259375 0.372222 0.259375 0.402778 0.282813 0.402778 0.282813 0.372222
