1 0.151562 0.00555556 0.151562 0.0194444 0.148438 0.025 0.148438 0.0277778 0.146875 0.0305556 0.145313 0.0305556 0.14375 0.0333333 0.142188 0.0333333 0.140625 0.0361111 0.139062 0.0361111 0.139062 0.0388889 0.15 0.0583333 0.15 0.125 0.148438 0.127778 0.148438 0.147222 0.146875 0.15 0.146875 0.166667 0.145313 0.169444 0.145313 0.2 0.14375 0.202778 0.14375 0.325 0.142188 0.327778 0.142188 0.358333 0.140625 0.361111 0.140625 0.383333 0.139062 0.386111 0.139062 0.45 0.1375 0.452778 0.1375 0.463889 0.139062 0.466667 0.139062 0.475 0.1375 0.477778 0.1375 0.597222 0.135937 0.6 0.135937 0.727778 0.134375 0.730556 0.134375 0.763889 0.132812 0.766667 0.132812 0.858333 0.13125 0.861111 0.13125 0.925 0.125 0.936111 0.121875 0.936111 0.120312 0.938889 0.115625 0.938889 0.115625 0.952778 0.120312 0.952778 0.121875 0.955556 0.125 0.955556 0.13125 0.966667 0.13125 0.972222 0.132812 0.975 0.132812 0.977778 0.134375 0.980556 0.1375 0.980556 0.139062 0.983333 0.139062 0.991667 0.139062 0.980556 0.146875 0.966667 0.148438 0.966667 0.15 0.963889 0.153125 0.963889 0.154687 0.961111 0.159375 0.961111 0.160938 0.958333 0.164062 0.958333 0.165625 0.955556 0.185937 0.955556 0.1875 0.952778 0.203125 0.952778 0.204688 0.955556 0.364062 0.955556 0.365625 0.958333 0.423438 0.958333 0.425 0.955556 0.457812 0.955556 0.459375 0.952778 0.542188 0.952778 0.54375 0.955556 0.560938 0.955556 0.5625 0.952778 0.565625 0.952778 0.567187 0.955556 0.585938 0.955556 0.5875 0.952778 0.596875 0.952778 0.598437 0.955556 0.609375 0.955556 0.610937 0.952778 0.785937 0.952778 0.7875 0.95 0.790625 0.95 0.792188 0.952778 0.809375 0.952778 0.810938 0.955556 0.817187 0.955556 0.81875 0.958333 0.820312 0.958333 0.821875 0.961111 0.823438 0.961111 0.825 0.963889 0.826563 0.963889 0.83125 0.972222 0.840625 0.972222 0.840625 0.966667 0.842188 0.963889 0.842188 0.958333 0.848437 0.947222 0.85 0.947222 0.853125 0.941667 0.857813 0.941667 0.857813 0.927778 0.851562 0.927778 0.85 0.925 0.848437 0.925 0.84375 0.916667 0.84375 0.913889 0.842188 0.911111 0.842188 0.733333 0.84375 0.730556 0.84375 0.655556 0.845312 0.652778 0.845312 0.563889 0.846875 0.561111 0.846875 0.552778 0.845312 0.55 0.845312 0.458333 0.846875 0.455556 0.846875 0.441667 0.845312 0.438889 0.845312 0.152778 0.84375 0.15 0.84375 0.0972222 0.845312 0.0944444 0.845312 0.0722222 0.846875 0.0694444 0.846875 0.0666667 0.851562 0.0583333 0.857813 0.0583333 0.857813 0.0388889 0.851562 0.0388889 0.842188 0.0222222 0.842188 0.0194444 0.840625 0.0166667 0.840625 0.00555556 0.835938 0.00555556 0.835938 0.0166667 0.828125 0.0305556 0.826563 0.0305556 0.825 0.0333333 0.817187 0.0333333 0.815625 0.0361111 0.740625 0.0361111 0.739062 0.0333333 0.7375 0.0361111 0.734375 0.0361111 0.732813 0.0333333 0.495313 0.0333333 0.49375 0.0305556 0.484375 0.0305556 0.482812 0.0333333 0.439063 0.0333333 0.4375 0.0305556 0.428125 0.0305556 0.426562 0.0277778 0.395312 0.0277778 0.39375 0.025 0.384375 0.025 0.382812 0.0277778 0.3625 0.0277778 0.360938 0.025 0.357812 0.025 0.35625 0.0277778 0.28125 0.0277778 0.279687 0.0305556 0.276563 0.0305556 0.275 0.0277778 0.217187 0.0277778 0.215625 0.0305556 0.175 0.0305556 0.171875 0.025 0.170312 0.025 0.164062 0.0138889 0.164062 0.00555556
2 0.490625 0.394444 0.490625 0.422222 0.489062 0.425 0.489062 0.444444 0.484375 0.452778 0.4625 0.452778 0.460938 0.455556 0.453125 0.455556 0.453125 0.477778 0.460938 0.477778 0.4625 0.480556 0.48125 0.480556 0.482812 0.477778 0.484375 0.480556 0.485938 0.480556 0.489062 0.486111 0.489062 0.488889 0.490625 0.491667 0.490625 0.516667 0.489062 0.519444 0.489062 0.527778 0.490625 0.530556 0.490625 0.547222 0.5 0.547222 0.5 0.538889 0.501562 0.536111 0.501562 0.533333 0.503125 0.530556 0.503125 0.502778 0.501562 0.5 0.501562 0.494444 0.503125 0.491667 0.503125 0.488889 0.509375 0.477778 0.510938 0.477778 0.5125 0.480556 0.51875 0.480556 0.520312 0.483333 0.539062 0.483333 0.539062 0.455556 0.529688 0.455556 0.528125 0.452778 0.507812 0.452778 0.50625 0.45 0.50625 0.436111 0.504687 0.433333 0.504687 0.394444
5 0.359375 0.0611111 0.359375 0.102778 0.382812 0.102778 0.382812 0.075 0.376563 0.075 0.375 0.0722222 0.375 0.0611111
5 0.496875 0.816667 0.496875 0.858333 0.514063 0.858333 0.514063 0.816667
5 0.646875 0.0611111 0.646875 0.102778 0.670313 0.102778 0.670313 0.0611111
5 0.721875 0.494444 0.721875 0.536111 0.745313 0.536111 0.745313 0.508333 0.740625 0.508333 0.7375 0.502778 0.7375 0.494444
5 0.584375 0.205556 0.584375 0.236111 0.607813 0.236111 0.607813 0.205556
5 0.765625 0.15 0.765625 0.191667 0.779688 0.191667 0.779688 0.180556 0.782812 0.175 0.789062 0.175 0.789062 0.15
5 0.365625 0.680556 0.365625 0.691667 0.370313 0.691667 0.370313 0.680556
5 0.790625 0.183333 0.790625 0.225 0.814062 0.225 0.814062 0.183333
5 0.742188 0.238889 0.742188 0.247222 0.739062 0.252778 0.734375 0.252778 0.734375 0.280556 0.757812 0.280556 0.757812 0.238889
