1 0.153125 0 0.153125 0.0111111 0.151562 0.0138889 0.151562 0.0166667 0.15 0.0194444 0.15 0.0222222 0.145313 0.0305556 0.14375 0.0305556 0.140625 0.0361111 0.139062 0.0361111 0.139062 0.0388889 0.15 0.0583333 0.15 0.127778 0.148438 0.130556 0.148438 0.155556 0.146875 0.158333 0.146875 0.177778 0.145313 0.180556 0.145313 0.213889 0.14375 0.216667 0.14375 0.327778 0.142188 0.330556 0.142188 0.361111 0.140625 0.363889 0.140625 0.388889 0.139062 0.391667 0.139062 0.480556 0.1375 0.483333 0.1375 0.627778 0.135937 0.630556 0.135937 0.711111 0.134375 0.713889 0.134375 0.763889 0.132812 0.766667 0.132812 0.802778 0.13125 0.805556 0.13125 0.808333 0.132812 0.811111 0.132812 0.819444 0.13125 0.822222 0.13125 0.919444 0.129688 0.922222 0.129688 0.927778 0.126563 0.933333 0.125 0.933333 0.123438 0.936111 0.115625 0.936111 0.115625 0.952778 0.123438 0.952778 0.125 0.955556 0.126563 0.955556 0.129688 0.961111 0.129688 0.963889 0.13125 0.966667 0.13125 0.969444 0.132812 0.972222 0.132812 0.980556 0.145313 0.980556 0.145313 0.969444 0.148438 0.963889 0.151562 0.963889 0.153125 0.961111 0.157813 0.961111 0.159375 0.958333 0.1625 0.958333 0.164062 0.955556 0.198437 0.955556 0.2 0.952778 0.203125 0.952778 0.204688 0.955556 0.239063 0.955556 0.240625 0.952778 0.278125 0.952778 0.279687 0.955556 0.285937 0.955556 0.2875 0.952778 0.292188 0.952778 0.29375 0.955556 0.334375 0.955556 0.335938 0.952778 0.346875 0.952778 0.348437 0.955556 0.3625 0.955556 0.364062 0.958333 0.370313 0.958333 0.371875 0.961111 0.373437 0.961111 0.375 0.958333 0.38125 0.958333 0.382812 0.961111 0.392188 0.961111 0.39375 0.958333 0.429688 0.958333 0.43125 0.955556 0.448438 0.955556 0.45 0.952778 0.6 0.952778 0.601562 0.955556 0.609375 0.955556 0.610937 0.952778 0.765625 0.952778 0.767187 0.95 0.804688 0.95 0.80625 0.952778 0.817187 0.952778 0.81875 0.955556 0.820312 0.955556 0.821875 0.958333 0.823438 0.958333 0.825 0.961111 0.826563 0.961111 0.83125 0.969444 0.83125 0.980556 0.842188 0.980556 0.842188 0.961111 0.84375 0.958333 0.84375 0.955556 0.85 0.944444 0.851562 0.944444 0.853125 0.941667 0.857813 0.941667 0.857813 0.927778 0.853125 0.927778 0.851562 0.925 0.85 0.925 0.848437 0.922222 0.846875 0.922222 0.845312 0.919444 0.845312 0.916667 0.84375 0.913889 0.84375 0.797222 0.842188 0.794444 0.842188 0.780556 0.84375 0.777778 0.84375 0.7 0.845312 0.697222 0.845312 0.666667 0.846875 0.663889 0.846875 0.577778 0.848437 0.575 0.848437 0.55 0.846875 0.547222 0.846875 0.422222 0.845312 0.419444 0.845312 0.197222 0.84375 0.194444 0.84375 0.1 0.845312 0.0972222 0.845312 0.0722222 0.846875 0.0694444 0.846875 0.0666667 0.851562 0.0583333 0.857813 0.0583333 0.857813 0.0416667 0.853125 0.0416667 0.84375 0.025 0.84375 0.0222222 0.840625 0.0166667 0.840625 0.00833333 0.839063 0.00833333 0.826563 0.0305556 0.825 0.0305556 0.823438 0.0333333 0.814062 0.0333333 0.8125 0.0361111 0.804688 0.0361111 0.803125 0.0333333 0.801562 0.0361111 0.771875 0.0361111 0.770312 0.0333333 0.434375 0.0333333 0.432813 0.0305556 0.3625 0.0305556 0.360938 0.0277778 0.204688 0.0277778 0.203125 0.0305556 0.190625 0.0305556 0.189063 0.0277778 0.175 0.0277778 0.173438 0.025 0.171875 0.025 0.165625 0.0138889 0.165625 0
2 0.490625 0.394444 0.490625 0.427778 0.489062 0.430556 0.489062 0.447222 0.4875 0.45 0.485938 0.45 0.484375 0.452778 0.4625 0.452778 0.460938 0.455556 0.453125 0.455556 0.453125 0.477778 0.459375 0.477778 0.460938 0.480556 0.467187 0.480556 0.46875 0.477778 0.484375 0.477778 0.485938 0.480556 0.4875 0.480556 0.489062 0.483333 0.489062 0.486111 0.490625 0.488889 0.490625 0.533333 0.49375 0.538889 0.49375 0.547222 0.498437 0.547222 0.498437 0.538889 0.503125 0.530556 0.503125 0.488889 0.504687 0.486111 0.504687 0.483333 0.507812 0.477778 0.514063 0.477778 0.515625 0.480556 0.51875 0.480556 0.520312 0.483333 0.539062 0.483333 0.539062 0.455556 0.529688 0.455556 0.528125 0.452778 0.507812 0.452778 0.50625 0.45 0.50625 0.425 0.504687 0.422222 0.504687 0.394444
5 0.753125 0.783333 0.753125 0.825 0.776563 0.825 0.776563 0.783333
5 0.284375 0.727778 0.284375 0.769444 0.307813 0.769444 0.307813 0.727778
5 0.721875 0.538889 0.721875 0.547222 0.720312 0.55 0.715625 0.55 0.715625 0.580556 0.739062 0.580556 0.739062 0.538889
5 0.790625 0.872222 0.790625 0.902778 0.814062 0.902778 0.814062 0.872222
5 0.459375 0.494444 0.459375 0.536111 0.476562 0.536111 0.476562 0.494444
5 0.765625 0.627778 0.765625 0.655556 0.770312 0.655556 0.773438 0.661111 0.773438 0.669444 0.782812 0.669444 0.782812 0.661111 0.784375 0.658333 0.789062 0.658333 0.789062 0.627778
5 0.653125 0.716667 0.653125 0.758333 0.676562 0.758333 0.676562 0.730556 0.670313 0.730556 0.66875 0.727778 0.66875 0.716667
5 0.809375 0.55 0.809375 0.580556 0.832812 0.580556 0.832812 0.55
5 0.246875 0.416667 0.246875 0.458333 0.270312 0.458333 0.270312 0.416667
5 0.309375 0.872222 0.309375 0.913889 0.332812 0.913889 0.332812 0.872222
5 0.585938 0.494444 0.585938 0.502778 0.582812 0.508333 0.578125 0.508333 0.578125 0.536111 0.601562 0.536111 0.601562 0.494444
5 0.521875 0.558333 0.521875 0.580556 0.545313 0.580556 0.545313 0.558333 0.535937 0.558333 0.534375 0.561111 0.532812 0.561111 0.53125 0.558333
5 0.246875 0.594444 0.246875 0.625 0.253125 0.625 0.253125 0.594444
