1 0.153125 0.00555556 0.153125 0.0166667 0.151562 0.0194444 0.151562 0.0222222 0.146875 0.0305556 0.145313 0.0305556 0.14375 0.0333333 0.142188 0.0333333 0.140625 0.0361111 0.139062 0.0361111 0.139062 0.0388889 0.140625 0.0388889 0.14375 0.0444444 0.14375 0.0472222 0.15 0.0583333 0.15 0.0666667 0.151562 0.0694444 0.151562 0.0944444 0.15 0.0972222 0.15 0.136111 0.148438 0.138889 0.148438 0.163889 0.146875 0.166667 0.146875 0.191667 0.145313 0.194444 0.145313 0.238889 0.14375 0.241667 0.14375 0.347222 0.142188 0.35 0.142188 0.375 0.140625 0.377778 0.140625 0.405556 0.139062 0.408333 0.139062 0.455556 0.1375 0.458333 0.1375 0.461111 0.139062 0.463889 0.139062 0.497222 0.1375 0.5 0.1375 0.652778 0.135937 0.655556 0.135937 0.741667 0.134375 0.744444 0.134375 0.786111 0.132812 0.788889 0.132812 0.827778 0.13125 0.830556 0.13125 0.919444 0.129688 0.922222 0.129688 0.927778 0.128125 0.930556 0.121875 0.930556 0.121875 0.958333 0.128125 0.958333 0.13125 0.963889 0.13125 0.966667 0.132812 0.969444 0.132812 0.972222 0.135937 0.977778 0.1375 0.977778 0.139062 0.980556 0.142188 0.975 0.142188 0.972222 0.146875 0.963889 0.148438 0.963889 0.15 0.961111 0.15625 0.961111 0.157813 0.958333 0.160938 0.958333 0.1625 0.955556 0.321875 0.955556 0.323438 0.952778 0.351562 0.952778 0.353125 0.955556 0.365625 0.955556 0.367188 0.958333 0.39375 0.958333 0.395312 0.955556 0.409375 0.955556 0.410937 0.958333 0.423438 0.958333 0.425 0.955556 0.446875 0.955556 0.448438 0.952778 0.515625 0.952778 0.517187 0.955556 0.551562 0.955556 0.553125 0.952778 0.579687 0.952778 0.58125 0.955556 0.582812 0.955556 0.584375 0.952778 0.6 0.952778 0.601562 0.955556 0.609375 0.955556 0.610937 0.952778 0.767187 0.952778 0.76875 0.95 0.798437 0.95 0.8 0.952778 0.817187 0.952778 0.81875 0.955556 0.821875 0.955556 0.823438 0.958333 0.825 0.958333 0.832812 0.972222 0.835938 0.972222 0.8375 0.975 0.839063 0.975 0.842188 0.969444 0.842188 0.961111 0.84375 0.958333 0.84375 0.955556 0.85 0.944444 0.851562 0.944444 0.853125 0.941667 0.857813 0.941667 0.857813 0.925 0.85 0.925 0.848437 0.922222 0.846875 0.922222 0.84375 0.916667 0.84375 0.908333 0.842188 0.905556 0.842188 0.769444 0.84375 0.766667 0.84375 0.705556 0.845312 0.702778 0.845312 0.613889 0.846875 0.611111 0.846875 0.402778 0.845312 0.4 0.845312 0.241667 0.84375 0.238889 0.84375 0.0833333 0.845312 0.0805556 0.845312 0.0722222 0.846875 0.0694444 0.846875 0.0666667 0.851562 0.0583333 0.857813 0.0583333 0.857813 0.0416667 0.853125 0.0416667 0.851562 0.0388889 0.85 0.0388889 0.842188 0.025 0.842188 0.0222222 0.840625 0.0194444 0.835938 0.0194444 0.834375 0.0222222 0.832812 0.0222222 0.829687 0.0277778 0.828125 0.0277778 0.825 0.0333333 0.820312 0.0333333 0.81875 0.0361111 0.740625 0.0361111 0.739062 0.0333333 0.429688 0.0333333 0.428125 0.0305556 0.39375 0.0305556 0.392188 0.0333333 0.389062 0.0333333 0.3875 0.0305556 0.360938 0.0305556 0.359375 0.0277778 0.342187 0.0277778 0.340625 0.0305556 0.3375 0.0305556 0.335938 0.0277778 0.314063 0.0277778 0.3125 0.025 0.29375 0.025 0.292188 0.0277778 0.217187 0.0277778 0.215625 0.0305556 0.176563 0.0305556 0.175 0.0277778 0.173438 0.0277778 0.171875 0.025 0.170312 0.025 0.165625 0.0166667 0.165625 0.00555556
2 0.490625 0.394444 0.490625 0.427778 0.489062 0.430556 0.489062 0.444444 0.484375 0.452778 0.4625 0.452778 0.460938 0.455556 0.453125 0.455556 0.453125 0.475 0.460938 0.475 0.4625 0.477778 0.484375 0.477778 0.485938 0.480556 0.4875 0.480556 0.489062 0.483333 0.489062 0.486111 0.490625 0.488889 0.490625 0.533333 0.492188 0.536111 0.492188 0.547222 0.5 0.547222 0.5 0.536111 0.503125 0.530556 0.503125 0.488889 0.509375 0.477778 0.514063 0.477778 0.515625 0.480556 0.520312 0.480556 0.521875 0.483333 0.539062 0.483333 0.539062 0.455556 0.53125 0.455556 0.529688 0.452778 0.507812 0.452778 0.50625 0.45 0.50625 0.413889 0.504687 0.411111 0.504687 0.394444
5 0.459375 0.494444 0.459375 0.525 0.476562 0.525 0.476562 0.494444
5 0.696875 0.683333 0.696875 0.725 0.714063 0.725 0.714063 0.683333
5 0.734375 0.894444 0.734375 0.925 0.757812 0.925 0.757812 0.894444
5 0.146875 0.838889 0.146875 0.869444 0.176563 0.869444 0.176563 0.838889
5 0.784375 0.894444 0.784375 0.925 0.807813 0.925 0.807813 0.894444
5 0.396875 0.35 0.396875 0.391667 0.414062 0.391667 0.414062 0.35
5 0.471875 0.85 0.471875 0.891667 0.495313 0.891667 0.495313 0.85
5 0.790625 0.472222 0.790625 0.502778 0.814062 0.502778 0.814062 0.472222
5 0.284375 0.116667 0.284375 0.147222 0.307813 0.147222 0.307813 0.116667
5 0.153125 0.883333 0.153125 0.9 0.157813 0.9 0.159375 0.902778 0.160938 0.902778 0.1625 0.905556 0.165625 0.905556 0.167187 0.902778 0.176563 0.902778 0.176563 0.9 0.171875 0.9 0.170312 0.897222 0.170312 0.883333
5 0.365625 0.161111 0.365625 0.202778 0.382812 0.202778 0.382812 0.161111
5 0.715625 0.172222 0.715625 0.202778 0.739062 0.202778 0.739062 0.172222
