1 0.153125 0.00555556 0.153125 0.0138889 0.151562 0.0166667 0.151562 0.0194444 0.15 0.0222222 0.15 0.025 0.146875 0.0305556 0.145313 0.0305556 0.14375 0.0333333 0.142188 0.0333333 0.140625 0.0361111 0.140625 0.0388889 0.14375 0.0444444 0.14375 0.0472222 0.15 0.0583333 0.15 0.133333 0.148438 0.136111 0.148438 0.161111 0.146875 0.163889 0.146875 0.186111 0.145313 0.188889 0.145313 0.244444 0.14375 0.247222 0.14375 0.344444 0.142188 0.347222 0.142188 0.375 0.140625 0.377778 0.140625 0.402778 0.139062 0.405556 0.139062 0.455556 0.1375 0.458333 0.139062 0.461111 0.139062 0.480556 0.1375 0.483333 0.139062 0.486111 0.139062 0.494444 0.1375 0.497222 0.1375 0.641667 0.135937 0.644444 0.135937 0.738889 0.134375 0.741667 0.134375 0.791667 0.132812 0.794444 0.132812 0.822222 0.13125 0.825 0.13125 0.919444 0.129688 0.922222 0.129688 0.927778 0.128125 0.930556 0.121875 0.930556 0.121875 0.958333 0.128125 0.958333 0.13125 0.963889 0.13125 0.966667 0.132812 0.969444 0.132812 0.980556 0.14375 0.980556 0.14375 0.972222 0.148438 0.963889 0.15 0.963889 0.151562 0.961111 0.15625 0.961111 0.157813 0.958333 0.160938 0.958333 0.1625 0.955556 0.170312 0.955556 0.171875 0.952778 0.173438 0.952778 0.175 0.955556 0.248437 0.955556 0.25 0.952778 0.254687 0.952778 0.25625 0.955556 0.260938 0.955556 0.2625 0.952778 0.28125 0.952778 0.282813 0.955556 0.284375 0.952778 0.30625 0.952778 0.307813 0.955556 0.315625 0.955556 0.317187 0.952778 0.353125 0.952778 0.354688 0.955556 0.365625 0.955556 0.367188 0.958333 0.429688 0.958333 0.43125 0.955556 0.445312 0.955556 0.446875 0.952778 0.514063 0.952778 0.515625 0.955556 0.55625 0.955556 0.557813 0.952778 0.575 0.952778 0.576563 0.955556 0.584375 0.955556 0.585938 0.952778 0.6 0.952778 0.601562 0.955556 0.607813 0.955556 0.609375 0.952778 0.775 0.952778 0.776563 0.95 0.79375 0.95 0.795313 0.952778 0.810938 0.952778 0.8125 0.955556 0.817187 0.955556 0.81875 0.958333 0.820312 0.958333 0.821875 0.961111 0.823438 0.961111 0.825 0.963889 0.826563 0.963889 0.829687 0.969444 0.829687 0.980556 0.840625 0.980556 0.840625 0.969444 0.842188 0.966667 0.842188 0.961111 0.84375 0.958333 0.84375 0.955556 0.848437 0.947222 0.85 0.947222 0.851562 0.944444 0.857813 0.944444 0.857813 0.927778 0.851562 0.927778 0.85 0.925 0.848437 0.925 0.84375 0.916667 0.84375 0.908333 0.842188 0.905556 0.842188 0.791667 0.84375 0.788889 0.84375 0.747222 0.845312 0.744444 0.845312 0.711111 0.846875 0.708333 0.846875 0.505556 0.845312 0.502778 0.845312 0.475 0.846875 0.472222 0.846875 0.422222 0.845312 0.419444 0.845312 0.197222 0.84375 0.194444 0.84375 0.188889 0.845312 0.186111 0.845312 0.141667 0.84375 0.138889 0.84375 0.102778 0.845312 0.1 0.845312 0.0722222 0.848437 0.0666667 0.848437 0.0638889 0.85 0.0611111 0.851562 0.0611111 0.853125 0.0583333 0.857813 0.0583333 0.857813 0.0388889 0.853125 0.0388889 0.851562 0.0361111 0.85 0.0361111 0.84375 0.025 0.84375 0.0222222 0.842188 0.0194444 0.842188 0.0166667 0.840625 0.0138889 0.840625 0.00555556 0.8375 0.00555556 0.8375 0.0138889 0.828125 0.0305556 0.826563 0.0305556 0.825 0.0333333 0.817187 0.0333333 0.815625 0.0361111 0.757812 0.0361111 0.75625 0.0333333 0.429688 0.0333333 0.428125 0.0305556 0.315625 0.0305556 0.314063 0.0277778 0.276563 0.0277778 0.275 0.025 0.246875 0.025 0.245312 0.0222222 0.215625 0.0222222 0.214062 0.025 0.204688 0.025 0.203125 0.0277778 0.179688 0.0277778 0.178125 0.0305556 0.176563 0.0277778 0.175 0.0277778 0.173438 0.025 0.171875 0.025 0.16875 0.0194444 0.167187 0.0194444 0.165625 0.0166667 0.165625 0.00555556
2 0.492188 0.394444 0.492188 0.402778 0.490625 0.405556 0.490625 0.436111 0.489062 0.438889 0.489062 0.447222 0.4875 0.45 0.485938 0.45 0.484375 0.452778 0.464063 0.452778 0.4625 0.455556 0.453125 0.455556 0.453125 0.475 0.459375 0.475 0.460938 0.477778 0.484375 0.477778 0.485938 0.480556 0.4875 0.480556 0.489062 0.483333 0.489062 0.486111 0.490625 0.488889 0.490625 0.519444 0.489062 0.522222 0.489062 0.527778 0.490625 0.530556 0.490625 0.536111 0.492188 0.538889 0.492188 0.547222 0.5 0.547222 0.5 0.536111 0.501562 0.533333 0.501562 0.530556 0.503125 0.527778 0.503125 0.5 0.501562 0.497222 0.501562 0.494444 0.503125 0.491667 0.503125 0.488889 0.504687 0.486111 0.504687 0.483333 0.507812 0.477778 0.515625 0.477778 0.517187 0.480556 0.51875 0.480556 0.520312 0.483333 0.539062 0.483333 0.539062 0.455556 0.53125 0.455556 0.529688 0.452778 0.509375 0.452778 0.50625 0.447222 0.50625 0.411111 0.504687 0.408333 0.504687 0.394444
5 0.809375 0.616667 0.809375 0.658333 0.832812 0.658333 0.832812 0.616667
5 0.459375 0.494444 0.459375 0.525 0.476562 0.525 0.476562 0.494444
5 0.209375 0.05 0.209375 0.0805556 0.214062 0.0805556 0.215625 0.0833333 0.215625 0.0916667 0.225 0.0916667 0.225 0.0833333 0.228125 0.0777778 0.232812 0.0777778 0.232812 0.05
5 0.334375 0.627778 0.334375 0.658333 0.351562 0.658333 0.351562 0.627778
5 0.496875 0.338889 0.496875 0.369444 0.520312 0.369444 0.520312 0.338889
5 0.146875 0.838889 0.146875 0.869444 0.176563 0.869444 0.176563 0.838889
5 0.440625 0.827778 0.440625 0.869444 0.45625 0.869444 0.45625 0.858333 0.457812 0.855556 0.464063 0.855556 0.464063 0.827778
5 0.634375 0.561111 0.634375 0.588889 0.639063 0.588889 0.642187 0.594444 0.642187 0.602778 0.648438 0.602778 0.648438 0.594444 0.653125 0.586111 0.657812 0.586111 0.657812 0.561111
5 0.621875 0.161111 0.621875 0.202778 0.635938 0.202778 0.635938 0.194444 0.640625 0.186111 0.645312 0.186111 0.645312 0.161111
5 0.534375 0.569444 0.534375 0.572222 0.539062 0.572222 0.539062 0.569444
5 0.446875 0.727778 0.446875 0.758333 0.470313 0.758333 0.470313 0.727778
5 0.503125 0.816667 0.503125 0.858333 0.520312 0.858333 0.520312 0.816667
5 0.578125 0.161111 0.578125 0.191667 0.595312 0.191667 0.595312 0.161111
5 0.153125 0.883333 0.153125 0.897222 0.157813 0.897222 0.159375 0.9 0.160938 0.9 0.164062 0.905556 0.165625 0.905556 0.167187 0.902778 0.176563 0.902778 0.176563 0.9 0.171875 0.9 0.170312 0.897222 0.170312 0.894444 0.16875 0.891667 0.16875 0.883333
