1 0.151562 0.00555556 0.151562 0.0166667 0.15 0.0194444 0.15 0.0222222 0.145313 0.0305556 0.14375 0.0305556 0.140625 0.0361111 0.139062 0.0361111 0.139062 0.0388889 0.140625 0.0388889 0.14375 0.0444444 0.14375 0.0472222 0.15 0.0583333 0.15 0.122222 0.148438 0.125 0.148438 0.144444 0.146875 0.147222 0.146875 0.166667 0.145313 0.169444 0.145313 0.213889 0.14375 0.216667 0.14375 0.311111 0.142188 0.313889 0.142188 0.341667 0.140625 0.344444 0.140625 0.366667 0.139062 0.369444 0.139062 0.494444 0.1375 0.497222 0.1375 0.611111 0.135937 0.613889 0.135937 0.719444 0.134375 0.722222 0.134375 0.772222 0.132812 0.775 0.132812 0.875 0.13125 0.877778 0.13125 0.922222 0.129688 0.925 0.129688 0.927778 0.126563 0.933333 0.125 0.933333 0.123438 0.936111 0.115625 0.936111 0.115625 0.952778 0.123438 0.952778 0.125 0.955556 0.126563 0.955556 0.13125 0.963889 0.13125 0.966667 0.132812 0.969444 0.132812 0.972222 0.134375 0.975 0.134375 0.977778 0.1375 0.977778 0.139062 0.980556 0.148438 0.963889 0.151562 0.963889 0.153125 0.961111 0.15625 0.961111 0.157813 0.958333 0.160938 0.958333 0.1625 0.955556 0.196875 0.955556 0.198437 0.952778 0.217187 0.952778 0.21875 0.955556 0.282813 0.955556 0.284375 0.958333 0.285937 0.958333 0.2875 0.955556 0.301562 0.955556 0.303125 0.952778 0.307813 0.952778 0.309375 0.95 0.310937 0.95 0.3125 0.952778 0.325 0.952778 0.326562 0.955556 0.329688 0.955556 0.33125 0.952778 0.342187 0.952778 0.34375 0.955556 0.364062 0.955556 0.365625 0.958333 0.429688 0.958333 0.43125 0.955556 0.446875 0.955556 0.448438 0.952778 0.596875 0.952778 0.598437 0.955556 0.609375 0.955556 0.610937 0.952778 0.775 0.952778 0.776563 0.95 0.78125 0.95 0.782812 0.952778 0.784375 0.95 0.804688 0.95 0.80625 0.952778 0.815625 0.952778 0.817187 0.955556 0.820312 0.955556 0.821875 0.958333 0.823438 0.958333 0.829687 0.969444 0.83125 0.969444 0.832812 0.972222 0.835938 0.972222 0.8375 0.975 0.839063 0.975 0.840625 0.972222 0.840625 0.969444 0.842188 0.966667 0.842188 0.961111 0.84375 0.958333 0.84375 0.955556 0.851562 0.941667 0.857813 0.941667 0.857813 0.927778 0.853125 0.927778 0.851562 0.925 0.85 0.925 0.848437 0.922222 0.846875 0.922222 0.84375 0.916667 0.84375 0.902778 0.842188 0.9 0.842188 0.752778 0.84375 0.75 0.84375 0.661111 0.845312 0.658333 0.845312 0.569444 0.846875 0.566667 0.846875 0.530556 0.845312 0.527778 0.845312 0.452778 0.846875 0.45 0.846875 0.438889 0.845312 0.436111 0.845312 0.433333 0.846875 0.430556 0.846875 0.427778 0.845312 0.425 0.845312 0.272222 0.84375 0.269444 0.84375 0.0916667 0.845312 0.0888889 0.845312 0.0694444 0.851562 0.0583333 0.857813 0.0583333 0.857813 0.0388889 0.851562 0.0388889 0.84375 0.025 0.84375 0.0222222 0.842188 0.0194444 0.842188 0.00555556 0.834375 0.00555556 0.834375 0.0166667 0.832812 0.0194444 0.832812 0.0222222 0.828125 0.0305556 0.826563 0.0305556 0.825 0.0333333 0.815625 0.0333333 0.814062 0.0361111 0.76875 0.0361111 0.767187 0.0333333 0.49375 0.0333333 0.492188 0.0305556 0.482812 0.0305556 0.48125 0.0333333 0.439063 0.0333333 0.4375 0.0305556 0.360938 0.0305556 0.359375 0.0277778 0.235938 0.0277778 0.234375 0.025 0.232812 0.025 0.23125 0.0277778 0.189063 0.0277778 0.1875 0.025 0.179688 0.025 0.178125 0.0277778 0.176563 0.025 0.171875 0.025 0.16875 0.0194444 0.167187 0.0194444 0.165625 0.0166667 0.165625 0.00555556
2 0.490625 0.394444 0.490625 0.422222 0.489062 0.425 0.489062 0.444444 0.484375 0.452778 0.453125 0.452778 0.453125 0.477778 0.473437 0.477778 0.475 0.480556 0.478125 0.480556 0.479688 0.477778 0.484375 0.477778 0.485938 0.480556 0.4875 0.480556 0.489062 0.483333 0.489062 0.486111 0.490625 0.488889 0.490625 0.519444 0.489062 0.522222 0.489062 0.527778 0.490625 0.530556 0.490625 0.547222 0.5 0.547222 0.5 0.538889 0.501562 0.536111 0.501562 0.533333 0.503125 0.530556 0.503125 0.488889 0.509375 0.477778 0.514063 0.477778 0.515625 0.480556 0.51875 0.480556 0.520312 0.483333 0.539062 0.483333 0.539062 0.455556 0.532812 0.455556 0.53125 0.452778 0.509375 0.452778 0.50625 0.447222 0.50625 0.425 0.504687 0.422222 0.504687 0.394444
5 0.384375 0.65 0.384375 0.691667 0.396875 0.691667 0.396875 0.683333 0.398438 0.680556 0.398438 0.677778 0.401563 0.672222 0.407813 0.672222 0.407813 0.65
5 0.159375 0.372222 0.159375 0.413889 0.173438 0.413889 0.173438 0.405556 0.178125 0.397222 0.182812 0.397222 0.182812 0.372222
5 0.509375 0.694444 0.509375 0.725 0.532812 0.725 0.532812 0.694444
5 0.259375 0.827778 0.259375 0.869444 0.273438 0.869444 0.273438 0.861111 0.275 0.858333 0.275 0.855556 0.276563 0.852778 0.282813 0.852778 0.282813 0.827778
5 0.296875 0.894444 0.296875 0.936111 0.3125 0.936111 0.3125 0.927778 0.315625 0.922222 0.320312 0.922222 0.320312 0.894444
5 0.371875 0.883333 0.371875 0.913889 0.389062 0.913889 0.389062 0.883333
5 0.796875 0.883333 0.796875 0.925 0.820312 0.925 0.820312 0.894444 0.815625 0.894444 0.814062 0.891667 0.814062 0.883333
5 0.615625 0.861111 0.615625 0.886111 0.621875 0.886111 0.623438 0.888889 0.623438 0.891667 0.625 0.894444 0.625 0.902778 0.639063 0.902778 0.639063 0.861111
5 0.390625 0.727778 0.390625 0.758333 0.414062 0.758333 0.414062 0.727778
5 0.271875 0.172222 0.271875 0.213889 0.295312 0.213889 0.295312 0.172222
5 0.640625 0.616667 0.640625 0.658333 0.657812 0.658333 0.657812 0.616667
