1 0.153125 0.00555556 0.153125 0.0166667 0.151562 0.0194444 0.151562 0.0222222 0.145313 0.0333333 0.14375 0.0333333 0.142188 0.0361111 0.140625 0.0361111 0.140625 0.0388889 0.15 0.0555556 0.15 0.0638889 0.151562 0.0666667 0.151562 0.1 0.15 0.102778 0.15 0.130556 0.148438 0.133333 0.148438 0.163889 0.146875 0.166667 0.146875 0.183333 0.145313 0.186111 0.145313 0.230556 0.14375 0.233333 0.14375 0.344444 0.142188 0.347222 0.142188 0.375 0.140625 0.377778 0.140625 0.391667 0.139062 0.394444 0.139062 0.4 0.140625 0.402778 0.139062 0.405556 0.139062 0.497222 0.1375 0.5 0.1375 0.652778 0.135937 0.655556 0.135937 0.727778 0.134375 0.730556 0.134375 0.791667 0.132812 0.794444 0.132812 0.847222 0.13125 0.85 0.13125 0.919444 0.129688 0.922222 0.129688 0.927778 0.126563 0.933333 0.121875 0.933333 0.121875 0.958333 0.126563 0.958333 0.13125 0.966667 0.13125 0.969444 0.132812 0.972222 0.132812 0.975 0.134375 0.977778 0.135937 0.977778 0.1375 0.980556 0.139062 0.980556 0.148438 0.963889 0.15 0.963889 0.151562 0.961111 0.15625 0.961111 0.157813 0.958333 0.1625 0.958333 0.164062 0.955556 0.2875 0.955556 0.289062 0.952778 0.290625 0.952778 0.292188 0.955556 0.326562 0.955556 0.328125 0.952778 0.329688 0.952778 0.33125 0.955556 0.332812 0.955556 0.334375 0.952778 0.346875 0.952778 0.348437 0.955556 0.364062 0.955556 0.365625 0.958333 0.428125 0.958333 0.429688 0.955556 0.445312 0.955556 0.446875 0.952778 0.596875 0.952778 0.598437 0.955556 0.609375 0.955556 0.610937 0.952778 0.770312 0.952778 0.771875 0.95 0.79375 0.95 0.795313 0.952778 0.8125 0.952778 0.814062 0.955556 0.817187 0.955556 0.81875 0.958333 0.820312 0.958333 0.821875 0.961111 0.823438 0.961111 0.825 0.963889 0.826563 0.963889 0.83125 0.972222 0.8375 0.972222 0.839063 0.975 0.840625 0.972222 0.840625 0.969444 0.842188 0.966667 0.842188 0.961111 0.84375 0.958333 0.84375 0.955556 0.846875 0.95 0.848437 0.95 0.851562 0.944444 0.857813 0.944444 0.857813 0.927778 0.851562 0.927778 0.85 0.925 0.848437 0.925 0.84375 0.916667 0.84375 0.911111 0.842188 0.908333 0.842188 0.841667 0.84375 0.838889 0.84375 0.719444 0.845312 0.716667 0.845312 0.605556 0.846875 0.602778 0.846875 0.511111 0.845312 0.508333 0.845312 0.477778 0.846875 0.475 0.846875 0.419444 0.845312 0.416667 0.845312 0.197222 0.84375 0.194444 0.84375 0.191667 0.845312 0.188889 0.845312 0.144444 0.84375 0.141667 0.84375 0.122222 0.845312 0.119444 0.845312 0.075 0.846875 0.0722222 0.846875 0.0694444 0.848437 0.0666667 0.848437 0.0638889 0.85 0.0611111 0.851562 0.0611111 0.853125 0.0583333 0.857813 0.0583333 0.857813 0.0388889 0.851562 0.0388889 0.84375 0.025 0.84375 0.0222222 0.842188 0.0194444 0.842188 0.0166667 0.840625 0.0138889 0.840625 0.00555556 0.835938 0.00555556 0.835938 0.0138889 0.834375 0.0166667 0.834375 0.0194444 0.826563 0.0333333 0.820312 0.0333333 0.81875 0.0361111 0.76875 0.0361111 0.767187 0.0333333 0.485938 0.0333333 0.484375 0.0305556 0.482812 0.0333333 0.434375 0.0333333 0.432813 0.0305556 0.403125 0.0305556 0.401563 0.0277778 0.342187 0.0277778 0.340625 0.0305556 0.3375 0.0305556 0.335938 0.0277778 0.329688 0.0277778 0.328125 0.0305556 0.326562 0.0277778 0.248437 0.0277778 0.246875 0.025 0.245312 0.025 0.24375 0.0277778 0.239063 0.0277778 0.2375 0.025 0.21875 0.025 0.217187 0.0277778 0.175 0.0277778 0.173438 0.025 0.170312 0.025 0.16875 0.0222222 0.167187 0.0222222 0.164062 0.0166667 0.164062 0.00555556
5 0.153125 0.827778 0.153125 0.869444 0.16875 0.869444 0.16875 0.861111 0.171875 0.855556 0.176563 0.855556 0.176563 0.827778
2 0.492188 0.394444 0.492188 0.408333 0.490625 0.411111 0.490625 0.438889 0.489062 0.441667 0.489062 0.447222 0.4875 0.45 0.485938 0.45 0.484375 0.452778 0.4625 0.452778 0.460938 0.455556 0.453125 0.455556 0.453125 0.475 0.460938 0.475 0.4625 0.477778 0.485938 0.477778 0.490625 0.486111 0.490625 0.519444 0.489062 0.522222 0.489062 0.525 0.490625 0.527778 0.490625 0.533333 0.492188 0.536111 0.492188 0.547222 0.498437 0.547222 0.498437 0.538889 0.501562 0.533333 0.501562 0.530556 0.503125 0.527778 0.503125 0.488889 0.504687 0.486111 0.504687 0.483333 0.50625 0.480556 0.507812 0.480556 0.509375 0.477778 0.515625 0.477778 0.517187 0.480556 0.520312 0.480556 0.521875 0.483333 0.539062 0.483333 0.539062 0.455556 0.53125 0.455556 0.529688 0.452778 0.509375 0.452778 0.50625 0.447222 0.50625 0.394444
5 0.584375 0.738889 0.584375 0.769444 0.607813 0.769444 0.607813 0.738889
5 0.459375 0.494444 0.459375 0.525 0.476562 0.525 0.476562 0.494444
5 0.159375 0.0833333 0.159375 0.111111 0.164062 0.111111 0.167187 0.116667 0.167187 0.125 0.182812 0.125 0.182812 0.0833333
5 0.209375 0.305556 0.209375 0.347222 0.232812 0.347222 0.232812 0.305556
5 0.453125 0.0722222 0.453125 0.102778 0.476562 0.102778 0.476562 0.0722222
5 0.346875 0.0722222 0.346875 0.102778 0.370313 0.102778 0.370313 0.0722222
5 0.234375 0.138889 0.234375 0.166667 0.240625 0.166667 0.242188 0.169444 0.242188 0.180556 0.257812 0.180556 0.257812 0.138889
5 0.778125 0.794444 0.778125 0.836111 0.801562 0.836111 0.801562 0.808333 0.796875 0.808333 0.79375 0.802778 0.79375 0.794444
5 0.296875 0.261111 0.296875 0.291667 0.301562 0.291667 0.303125 0.294444 0.303125 0.302778 0.314063 0.302778 0.314063 0.294444 0.315625 0.291667 0.320312 0.291667 0.320312 0.261111
5 0.409375 0.316667 0.409375 0.358333 0.432813 0.358333 0.432813 0.330556 0.426562 0.330556 0.425 0.327778 0.425 0.316667
5 0.303125 0.361111 0.303125 0.402778 0.317187 0.402778 0.317187 0.391667 0.320312 0.386111 0.326562 0.386111 0.326562 0.361111
