1 0.153125 0.00555556 0.153125 0.0166667 0.15 0.0222222 0.15 0.025 0.146875 0.0305556 0.145313 0.0305556 0.142188 0.0361111 0.140625 0.0361111 0.140625 0.0388889 0.14375 0.0444444 0.14375 0.0472222 0.15 0.0583333 0.15 0.133333 0.148438 0.136111 0.148438 0.161111 0.146875 0.163889 0.146875 0.186111 0.145313 0.188889 0.145313 0.213889 0.14375 0.216667 0.14375 0.308333 0.142188 0.311111 0.142188 0.361111 0.140625 0.363889 0.140625 0.386111 0.139062 0.388889 0.139062 0.433333 0.1375 0.436111 0.1375 0.638889 0.135937 0.641667 0.135937 0.716667 0.134375 0.719444 0.134375 0.777778 0.132812 0.780556 0.132812 0.866667 0.13125 0.869444 0.13125 0.919444 0.129688 0.922222 0.129688 0.927778 0.126563 0.933333 0.125 0.933333 0.123438 0.936111 0.115625 0.936111 0.115625 0.952778 0.123438 0.952778 0.125 0.955556 0.126563 0.955556 0.13125 0.963889 0.13125 0.966667 0.132812 0.969444 0.132812 0.980556 0.14375 0.980556 0.14375 0.972222 0.148438 0.963889 0.151562 0.963889 0.153125 0.961111 0.15625 0.961111 0.157813 0.958333 0.160938 0.958333 0.1625 0.955556 0.1875 0.955556 0.189063 0.952778 0.19375 0.952778 0.195312 0.955556 0.196875 0.952778 0.20625 0.952778 0.207813 0.955556 0.245312 0.955556 0.246875 0.952778 0.254687 0.952778 0.25625 0.955556 0.334375 0.955556 0.335938 0.952778 0.345313 0.952778 0.346875 0.955556 0.365625 0.955556 0.367188 0.958333 0.398438 0.958333 0.4 0.955556 0.404687 0.955556 0.40625 0.958333 0.425 0.958333 0.426562 0.955556 0.440625 0.955556 0.442187 0.952778 0.6 0.952778 0.601562 0.955556 0.609375 0.955556 0.610937 0.952778 0.771875 0.952778 0.773438 0.95 0.795313 0.95 0.796875 0.952778 0.814062 0.952778 0.815625 0.955556 0.81875 0.955556 0.820312 0.958333 0.821875 0.958333 0.823438 0.961111 0.825 0.961111 0.829687 0.969444 0.829687 0.980556 0.840625 0.980556 0.840625 0.969444 0.842188 0.966667 0.842188 0.958333 0.848437 0.947222 0.85 0.947222 0.851562 0.944444 0.857813 0.944444 0.857813 0.927778 0.851562 0.927778 0.85 0.925 0.848437 0.925 0.84375 0.916667 0.84375 0.911111 0.842188 0.908333 0.842188 0.769444 0.84375 0.766667 0.84375 0.733333 0.845312 0.730556 0.845312 0.7 0.846875 0.697222 0.846875 0.505556 0.845312 0.502778 0.845312 0.475 0.846875 0.472222 0.846875 0.425 0.845312 0.422222 0.845312 0.247222 0.84375 0.244444 0.84375 0.0972222 0.845312 0.0944444 0.845312 0.0722222 0.848437 0.0666667 0.848437 0.0638889 0.851562 0.0583333 0.857813 0.0583333 0.857813 0.0388889 0.853125 0.0388889 0.851562 0.0361111 0.85 0.0361111 0.84375 0.025 0.84375 0.0222222 0.840625 0.0166667 0.840625 0.00555556 0.8375 0.00555556 0.8375 0.0138889 0.83125 0.025 0.83125 0.0277778 0.829687 0.0305556 0.828125 0.0305556 0.826563 0.0333333 0.81875 0.0333333 0.817187 0.0361111 0.757812 0.0361111 0.75625 0.0333333 0.4375 0.0333333 0.435937 0.0305556 0.3625 0.0305556 0.360938 0.0277778 0.34375 0.0277778 0.342187 0.0305556 0.339063 0.0305556 0.3375 0.0277778 0.175 0.0277778 0.173438 0.025 0.171875 0.025 0.170312 0.0222222 0.16875 0.0222222 0.165625 0.0166667 0.165625 0.00555556
2 0.490625 0.394444 0.490625 0.438889 0.489062 0.441667 0.489062 0.447222 0.4875 0.45 0.485938 0.45 0.484375 0.452778 0.460938 0.452778 0.459375 0.455556 0.453125 0.455556 0.453125 0.475 0.464063 0.475 0.465625 0.477778 0.470313 0.477778 0.471875 0.475 0.475 0.475 0.476562 0.472222 0.478125 0.472222 0.479688 0.475 0.484375 0.475 0.490625 0.486111 0.490625 0.494444 0.492188 0.497222 0.492188 0.508333 0.490625 0.511111 0.490625 0.547222 0.5 0.547222 0.5 0.538889 0.503125 0.533333 0.503125 0.527778 0.504687 0.525 0.504687 0.511111 0.503125 0.508333 0.503125 0.491667 0.504687 0.488889 0.504687 0.486111 0.507812 0.480556 0.51875 0.480556 0.520312 0.483333 0.539062 0.483333 0.539062 0.455556 0.53125 0.455556 0.529688 0.452778 0.509375 0.452778 0.50625 0.447222 0.50625 0.411111 0.504687 0.408333 0.504687 0.394444
5 0.178125 0.25 0.178125 0.280556 0.182812 0.280556 0.184375 0.283333 0.184375 0.291667 0.201562 0.291667 0.201562 0.25
5 0.709375 0.794444 0.709375 0.836111 0.732813 0.836111 0.732813 0.811111 0.726562 0.811111 0.725 0.808333 0.725 0.805556 0.723437 0.802778 0.723437 0.794444
5 0.809375 0.616667 0.809375 0.658333 0.832812 0.658333 0.832812 0.616667
5 0.578125 0.727778 0.578125 0.769444 0.601562 0.769444 0.601562 0.727778
5 0.396875 0.872222 0.396875 0.913889 0.420312 0.913889 0.420312 0.872222
5 0.496875 0.0944444 0.496875 0.136111 0.514063 0.136111 0.514063 0.0944444
5 0.446875 0.638889 0.446875 0.680556 0.460938 0.680556 0.460938 0.666667 0.4625 0.663889 0.464063 0.663889 0.465625 0.661111 0.470313 0.661111 0.470313 0.638889
5 0.534375 0.583333 0.534375 0.625 0.551562 0.625 0.551562 0.583333
5 0.721875 0.35 0.721875 0.380556 0.745313 0.380556 0.745313 0.35
5 0.770312 0.55 0.765625 0.55 0.765625 0.558333 0.770312 0.558333 0.770312 0.55 0.784375 0.536111 0.789062 0.536111 0.789062 0.527778 0.784375 0.527778 0.784375 0.536111
5 0.453125 0.272222 0.453125 0.313889 0.470313 0.313889 0.470313 0.272222
5 0.465625 0.183333 0.465625 0.213889 0.489062 0.213889 0.489062 0.183333
5 0.465625 0.472222 0.465625 0.513889 0.482812 0.513889 0.482812 0.505556 0.484375 0.502778 0.489062 0.502778 0.489062 0.472222
