1 0.151562 0.00555556 0.151562 0.0166667 0.15 0.0194444 0.15 0.0222222 0.145313 0.0305556 0.14375 0.0305556 0.142188 0.0333333 0.140625 0.0333333 0.139062 0.0361111 0.139062 0.0388889 0.15 0.0583333 0.15 0.125 0.148438 0.127778 0.148438 0.15 0.146875 0.152778 0.146875 0.172222 0.145313 0.175 0.145313 0.202778 0.14375 0.205556 0.14375 0.322222 0.142188 0.325 0.142188 0.352778 0.140625 0.355556 0.140625 0.383333 0.139062 0.386111 0.139062 0.444444 0.1375 0.447222 0.1375 0.461111 0.139062 0.463889 0.139062 0.494444 0.1375 0.497222 0.1375 0.563889 0.135937 0.566667 0.135937 0.711111 0.134375 0.713889 0.134375 0.747222 0.132812 0.75 0.132812 0.8 0.13125 0.802778 0.13125 0.922222 0.129688 0.925 0.129688 0.927778 0.125 0.936111 0.121875 0.936111 0.120312 0.938889 0.115625 0.938889 0.115625 0.952778 0.121875 0.952778 0.123438 0.955556 0.126563 0.955556 0.129688 0.961111 0.129688 0.963889 0.13125 0.966667 0.13125 0.969444 0.132812 0.972222 0.132812 0.975 0.134375 0.977778 0.135937 0.977778 0.1375 0.980556 0.139062 0.980556 0.146875 0.966667 0.148438 0.966667 0.15 0.963889 0.153125 0.963889 0.154687 0.961111 0.157813 0.961111 0.159375 0.958333 0.1625 0.958333 0.164062 0.955556 0.198437 0.955556 0.2 0.952778 0.204688 0.952778 0.20625 0.955556 0.360938 0.955556 0.3625 0.958333 0.420312 0.958333 0.421875 0.955556 0.445312 0.955556 0.446875 0.952778 0.571875 0.952778 0.573438 0.955556 0.585938 0.955556 0.5875 0.952778 0.596875 0.952778 0.598437 0.955556 0.610937 0.955556 0.6125 0.952778 0.784375 0.952778 0.785937 0.95 0.792188 0.95 0.79375 0.952778 0.8125 0.952778 0.814062 0.955556 0.81875 0.955556 0.820312 0.958333 0.821875 0.958333 0.823438 0.961111 0.825 0.961111 0.83125 0.972222 0.840625 0.972222 0.840625 0.966667 0.842188 0.963889 0.842188 0.958333 0.85 0.944444 0.851562 0.944444 0.853125 0.941667 0.857813 0.941667 0.857813 0.927778 0.853125 0.927778 0.851562 0.925 0.85 0.925 0.848437 0.922222 0.846875 0.922222 0.84375 0.916667 0.84375 0.913889 0.842188 0.911111 0.842188 0.747222 0.84375 0.744444 0.84375 0.658333 0.845312 0.655556 0.845312 0.566667 0.846875 0.563889 0.846875 0.533333 0.845312 0.530556 0.845312 0.480556 0.846875 0.477778 0.846875 0.419444 0.845312 0.416667 0.845312 0.288889 0.84375 0.286111 0.84375 0.0805556 0.845312 0.0777778 0.845312 0.0694444 0.851562 0.0583333 0.857813 0.0583333 0.857813 0.0388889 0.851562 0.0388889 0.842188 0.0222222 0.842188 0.0194444 0.840625 0.0166667 0.840625 0.00555556 0.8375 0.00555556 0.8375 0.0138889 0.832812 0.0222222 0.832812 0.025 0.83125 0.0277778 0.829687 0.0277778 0.828125 0.0305556 0.826563 0.0305556 0.825 0.0333333 0.814062 0.0333333 0.8125 0.0361111 0.80625 0.0361111 0.804688 0.0333333 0.8 0.0333333 0.798437 0.0361111 0.792188 0.0361111 0.790625 0.0333333 0.7875 0.0333333 0.785937 0.0361111 0.7625 0.0361111 0.760938 0.0333333 0.439063 0.0333333 0.4375 0.0305556 0.41875 0.0305556 0.417188 0.0277778 0.40625 0.0277778 0.404687 0.025 0.345313 0.025 0.34375 0.0277778 0.217187 0.0277778 0.215625 0.0305556 0.175 0.0305556 0.171875 0.025 0.170312 0.025 0.164062 0.0138889 0.164062 0.00555556
5 0.371875 0.05 0.371875 0.0916667 0.385938 0.0916667 0.385938 0.0805556 0.390625 0.0722222 0.395312 0.0722222 0.395312 0.05
2 0.490625 0.394444 0.490625 0.422222 0.489062 0.425 0.489062 0.444444 0.484375 0.452778 0.460938 0.452778 0.459375 0.455556 0.453125 0.455556 0.453125 0.477778 0.464063 0.477778 0.465625 0.480556 0.48125 0.480556 0.482812 0.477778 0.484375 0.480556 0.485938 0.480556 0.490625 0.488889 0.490625 0.516667 0.489062 0.519444 0.489062 0.530556 0.490625 0.533333 0.490625 0.547222 0.5 0.547222 0.5 0.538889 0.501562 0.536111 0.501562 0.533333 0.503125 0.530556 0.503125 0.497222 0.501562 0.494444 0.503125 0.491667 0.503125 0.488889 0.509375 0.477778 0.510938 0.480556 0.51875 0.480556 0.520312 0.483333 0.539062 0.483333 0.539062 0.455556 0.529688 0.455556 0.528125 0.452778 0.509375 0.452778 0.50625 0.447222 0.50625 0.438889 0.504687 0.436111 0.504687 0.394444
5 0.353125 0.661111 0.353125 0.669444 0.359375 0.669444 0.359375 0.661111
5 0.496875 0.816667 0.496875 0.858333 0.514063 0.858333 0.514063 0.816667
5 0.584375 0.205556 0.584375 0.247222 0.601562 0.247222 0.601562 0.205556
5 0.703125 0.216667 0.703125 0.258333 0.726562 0.258333 0.726562 0.216667
5 0.653125 0.105556 0.653125 0.147222 0.66875 0.147222 0.66875 0.138889 0.671875 0.133333 0.676562 0.133333 0.676562 0.105556
5 0.778125 0.472222 0.778125 0.502778 0.801562 0.502778 0.801562 0.472222
5 0.715625 0.0722222 0.715625 0.102778 0.739062 0.102778 0.739062 0.0722222
