1 0.153125 0.00555556 0.153125 0.0138889 0.151562 0.0166667 0.151562 0.0194444 0.15 0.0222222 0.15 0.025 0.146875 0.0305556 0.145313 0.0305556 0.14375 0.0333333 0.142188 0.0333333 0.140625 0.0361111 0.140625 0.0388889 0.14375 0.0444444 0.14375 0.0472222 0.15 0.0583333 0.15 0.136111 0.148438 0.138889 0.148438 0.155556 0.146875 0.158333 0.146875 0.175 0.145313 0.177778 0.145313 0.205556 0.14375 0.208333 0.14375 0.35 0.142188 0.352778 0.142188 0.377778 0.140625 0.380556 0.140625 0.405556 0.139062 0.408333 0.139062 0.497222 0.1375 0.5 0.1375 0.641667 0.135937 0.644444 0.135937 0.719444 0.134375 0.722222 0.134375 0.791667 0.132812 0.794444 0.132812 0.866667 0.13125 0.869444 0.13125 0.922222 0.129688 0.925 0.129688 0.927778 0.126563 0.933333 0.125 0.933333 0.123438 0.936111 0.115625 0.936111 0.115625 0.952778 0.123438 0.952778 0.125 0.955556 0.126563 0.955556 0.129688 0.961111 0.129688 0.963889 0.132812 0.969444 0.132812 0.975 0.134375 0.977778 0.135937 0.977778 0.139062 0.983333 0.139062 0.991667 0.139062 0.980556 0.148438 0.963889 0.151562 0.963889 0.153125 0.961111 0.15625 0.961111 0.157813 0.958333 0.160938 0.958333 0.1625 0.955556 0.189063 0.955556 0.190625 0.952778 0.215625 0.952778 0.217187 0.955556 0.24375 0.955556 0.245312 0.952778 0.303125 0.952778 0.304688 0.955556 0.325 0.955556 0.326562 0.952778 0.329688 0.952778 0.33125 0.955556 0.3375 0.955556 0.339063 0.952778 0.340625 0.952778 0.342187 0.955556 0.364062 0.955556 0.365625 0.958333 0.392188 0.958333 0.39375 0.955556 0.445312 0.955556 0.446875 0.952778 0.6 0.952778 0.601562 0.955556 0.609375 0.955556 0.610937 0.952778 0.771875 0.952778 0.773438 0.95 0.79375 0.95 0.795313 0.952778 0.810938 0.952778 0.8125 0.955556 0.817187 0.955556 0.81875 0.958333 0.820312 0.958333 0.821875 0.961111 0.825 0.961111 0.829687 0.969444 0.83125 0.969444 0.832812 0.972222 0.840625 0.972222 0.840625 0.969444 0.842188 0.966667 0.842188 0.958333 0.85 0.944444 0.851562 0.944444 0.853125 0.941667 0.857813 0.941667 0.857813 0.927778 0.851562 0.927778 0.85 0.925 0.848437 0.925 0.84375 0.916667 0.84375 0.911111 0.842188 0.908333 0.842188 0.766667 0.84375 0.763889 0.84375 0.722222 0.845312 0.719444 0.845312 0.7 0.846875 0.697222 0.846875 0.513889 0.845312 0.511111 0.845312 0.475 0.846875 0.472222 0.846875 0.419444 0.845312 0.416667 0.845312 0.241667 0.84375 0.238889 0.84375 0.0833333 0.845312 0.0805556 0.845312 0.0694444 0.851562 0.0583333 0.857813 0.0583333 0.857813 0.0416667 0.853125 0.0416667 0.84375 0.025 0.84375 0.0222222 0.840625 0.0166667 0.840625 0.00555556 0.8375 0.00555556 0.8375 0.0138889 0.828125 0.0305556 0.826563 0.0305556 0.825 0.0333333 0.814062 0.0333333 0.8125 0.0361111 0.779688 0.0361111 0.778125 0.0333333 0.5 0.0333333 0.498437 0.0305556 0.45625 0.0305556 0.454688 0.0333333 0.440625 0.0333333 0.439063 0.0305556 0.423438 0.0305556 0.421875 0.0277778 0.275 0.0277778 0.273438 0.025 0.217187 0.025 0.215625 0.0277778 0.195312 0.0277778 0.19375 0.0305556 0.176563 0.0305556 0.175 0.0277778 0.173438 0.0277778 0.171875 0.025 0.170312 0.025 0.165625 0.0166667 0.165625 0.00555556
5 0.446875 0.694444 0.446875 0.736111 0.464063 0.736111 0.464063 0.694444
2 0.490625 0.394444 0.490625 0.433333 0.489062 0.436111 0.489062 0.444444 0.484375 0.452778 0.464063 0.452778 0.4625 0.455556 0.453125 0.455556 0.453125 0.477778 0.475 0.477778 0.476562 0.480556 0.48125 0.480556 0.482812 0.483333 0.484375 0.483333 0.489062 0.491667 0.489062 0.502778 0.490625 0.505556 0.490625 0.519444 0.489062 0.522222 0.489062 0.530556 0.490625 0.533333 0.490625 0.547222 0.501562 0.547222 0.501562 0.533333 0.503125 0.530556 0.503125 0.488889 0.509375 0.477778 0.515625 0.477778 0.517187 0.480556 0.520312 0.480556 0.521875 0.483333 0.539062 0.483333 0.539062 0.455556 0.53125 0.455556 0.529688 0.452778 0.509375 0.452778 0.50625 0.447222 0.50625 0.413889 0.504687 0.411111 0.504687 0.394444
5 0.809375 0.616667 0.809375 0.658333 0.832812 0.658333 0.832812 0.616667
5 0.234375 0.716667 0.234375 0.747222 0.257812 0.747222 0.257812 0.716667
5 0.434375 0.283333 0.434375 0.313889 0.457812 0.313889 0.457812 0.283333
5 0.465625 0.483333 0.465625 0.525 0.482812 0.525 0.482812 0.483333
5 0.360938 0.805556 0.360938 0.813889 0.357812 0.819444 0.353125 0.819444 0.353125 0.847222 0.376563 0.847222 0.376563 0.816667 0.371875 0.816667 0.370313 0.813889 0.370313 0.805556
5 0.421875 0.483333 0.421875 0.513889 0.439063 0.513889 0.439063 0.483333
5 0.534375 0.569444 0.534375 0.572222 0.539062 0.572222 0.539062 0.569444
5 0.278125 0.45 0.278125 0.491667 0.301562 0.491667 0.301562 0.45
5 0.665625 0.0722222 0.665625 0.102778 0.689062 0.102778 0.689062 0.0722222
5 0.415625 0.0833333 0.415625 0.113889 0.432813 0.113889 0.432813 0.0833333
5 0.692187 0.105556 0.692187 0.113889 0.690625 0.116667 0.684375 0.116667 0.684375 0.147222 0.701563 0.147222 0.701563 0.105556
5 0.165625 0.161111 0.165625 0.191667 0.189063 0.191667 0.189063 0.161111
