1 0.151562 0.00555556 0.151562 0.0166667 0.15 0.0194444 0.15 0.0222222 0.145313 0.0305556 0.14375 0.0305556 0.140625 0.0361111 0.139062 0.0361111 0.139062 0.0388889 0.140625 0.0388889 0.14375 0.0444444 0.14375 0.0472222 0.15 0.0583333 0.15 0.125 0.148438 0.127778 0.148438 0.144444 0.146875 0.147222 0.146875 0.180556 0.145313 0.183333 0.145313 0.225 0.14375 0.227778 0.14375 0.333333 0.142188 0.336111 0.142188 0.363889 0.140625 0.366667 0.140625 0.388889 0.139062 0.391667 0.139062 0.494444 0.1375 0.497222 0.1375 0.605556 0.135937 0.608333 0.135937 0.722222 0.134375 0.725 0.134375 0.772222 0.132812 0.775 0.132812 0.833333 0.13125 0.836111 0.13125 0.919444 0.129688 0.922222 0.129688 0.927778 0.126563 0.933333 0.125 0.933333 0.123438 0.936111 0.115625 0.936111 0.115625 0.952778 0.121875 0.952778 0.123438 0.955556 0.126563 0.955556 0.129688 0.961111 0.129688 0.963889 0.132812 0.969444 0.132812 0.975 0.134375 0.977778 0.135937 0.977778 0.139062 0.983333 0.139062 0.991667 0.139062 0.980556 0.148438 0.963889 0.151562 0.963889 0.153125 0.961111 0.15625 0.961111 0.157813 0.958333 0.1625 0.958333 0.164062 0.955556 0.276563 0.955556 0.278125 0.958333 0.29375 0.958333 0.295312 0.955556 0.3 0.955556 0.301562 0.952778 0.30625 0.952778 0.307813 0.95 0.310937 0.95 0.3125 0.952778 0.317187 0.952778 0.31875 0.955556 0.360938 0.955556 0.3625 0.958333 0.426562 0.958333 0.428125 0.955556 0.453125 0.955556 0.454688 0.952778 0.596875 0.952778 0.598437 0.955556 0.609375 0.955556 0.610937 0.952778 0.7625 0.952778 0.764063 0.95 0.796875 0.95 0.798437 0.952778 0.8125 0.952778 0.814062 0.955556 0.817187 0.955556 0.81875 0.958333 0.821875 0.958333 0.823438 0.961111 0.825 0.961111 0.83125 0.972222 0.832812 0.972222 0.834375 0.975 0.839063 0.975 0.840625 0.972222 0.840625 0.969444 0.842188 0.966667 0.842188 0.958333 0.85 0.944444 0.851562 0.944444 0.853125 0.941667 0.857813 0.941667 0.857813 0.927778 0.853125 0.927778 0.851562 0.925 0.85 0.925 0.848437 0.922222 0.846875 0.922222 0.84375 0.916667 0.84375 0.9 0.842188 0.897222 0.842188 0.766667 0.84375 0.763889 0.84375 0.691667 0.845312 0.688889 0.845312 0.65 0.846875 0.647222 0.846875 0.575 0.848437 0.572222 0.848437 0.547222 0.846875 0.544444 0.846875 0.494444 0.845312 0.491667 0.845312 0.463889 0.846875 0.461111 0.846875 0.427778 0.845312 0.425 0.845312 0.238889 0.84375 0.236111 0.84375 0.102778 0.845312 0.1 0.845312 0.0722222 0.846875 0.0694444 0.846875 0.0666667 0.851562 0.0583333 0.857813 0.0583333 0.857813 0.0416667 0.853125 0.0416667 0.84375 0.025 0.84375 0.0222222 0.842188 0.0194444 0.842188 0.0166667 0.840625 0.0138889 0.840625 0.00555556 0.834375 0.00555556 0.834375 0.0166667 0.83125 0.0222222 0.83125 0.025 0.828125 0.0305556 0.826563 0.0305556 0.825 0.0333333 0.817187 0.0333333 0.815625 0.0361111 0.773438 0.0361111 0.771875 0.0333333 0.435937 0.0333333 0.434375 0.0305556 0.339063 0.0305556 0.3375 0.0277778 0.234375 0.0277778 0.232812 0.025 0.23125 0.0277778 0.2125 0.0277778 0.210938 0.0305556 0.1875 0.0305556 0.185937 0.0277778 0.184375 0.0277778 0.182812 0.0305556 0.176563 0.0305556 0.175 0.0277778 0.173438 0.0277778 0.170312 0.0222222 0.16875 0.0222222 0.167187 0.0194444 0.167187 0.0166667 0.165625 0.0138889 0.165625 0.00555556
5 0.482812 0.611111 0.479688 0.616667 0.479688 0.625 0.482812 0.625 0.482812 0.611111 0.478125 0.594444 0.478125 0.583333 0.471875 0.583333 0.471875 0.594444 0.478125 0.594444
2 0.490625 0.394444 0.490625 0.425 0.489062 0.427778 0.489062 0.444444 0.484375 0.452778 0.460938 0.452778 0.459375 0.455556 0.453125 0.455556 0.453125 0.477778 0.459375 0.477778 0.460938 0.480556 0.46875 0.480556 0.470313 0.477778 0.484375 0.477778 0.485938 0.480556 0.4875 0.480556 0.489062 0.483333 0.489062 0.486111 0.490625 0.488889 0.490625 0.511111 0.489062 0.513889 0.489062 0.527778 0.490625 0.530556 0.490625 0.533333 0.492188 0.536111 0.492188 0.547222 0.5 0.547222 0.5 0.538889 0.501562 0.536111 0.501562 0.533333 0.503125 0.530556 0.503125 0.527778 0.504687 0.525 0.504687 0.516667 0.503125 0.513889 0.503125 0.488889 0.509375 0.477778 0.5125 0.477778 0.514063 0.480556 0.51875 0.480556 0.520312 0.483333 0.539062 0.483333 0.539062 0.455556 0.53125 0.455556 0.529688 0.452778 0.509375 0.452778 0.50625 0.447222 0.50625 0.427778 0.504687 0.425 0.504687 0.394444
5 0.296875 0.894444 0.296875 0.936111 0.310937 0.936111 0.310937 0.927778 0.315625 0.919444 0.320312 0.919444 0.320312 0.894444
5 0.590625 0.761111 0.590625 0.802778 0.614062 0.802778 0.614062 0.761111
5 0.259375 0.616667 0.259375 0.627778 0.276563 0.627778 0.276563 0.616667
5 0.234375 0.838889 0.234375 0.869444 0.251563 0.869444 0.251563 0.838889
5 0.321875 0.283333 0.321875 0.325 0.345313 0.325 0.345313 0.294444 0.339063 0.294444 0.3375 0.291667 0.3375 0.283333
5 0.809375 0.538889 0.809375 0.580556 0.826563 0.580556 0.826563 0.569444 0.828125 0.566667 0.832812 0.566667 0.832812 0.538889
5 0.459375 0.494444 0.459375 0.536111 0.476562 0.536111 0.476562 0.494444
5 0.309375 0.527778 0.309375 0.558333 0.332812 0.558333 0.332812 0.527778
5 0.784375 0.561111 0.784375 0.602778 0.807813 0.602778 0.807813 0.561111
5 0.365625 0.738889 0.365625 0.780556 0.382812 0.780556 0.382812 0.738889
5 0.290625 0.727778 0.290625 0.758333 0.307813 0.758333 0.307813 0.727778
5 0.246875 0.172222 0.246875 0.202778 0.270312 0.202778 0.270312 0.172222
