1 0.154687 0 0.154687 0.00555556 0.153125 0.00833333 0.153125 0.0138889 0.151562 0.0166667 0.151562 0.0194444 0.145313 0.0305556 0.14375 0.0305556 0.140625 0.0361111 0.140625 0.0388889 0.14375 0.0444444 0.14375 0.0472222 0.15 0.0583333 0.15 0.0694444 0.151562 0.0722222 0.151562 0.0888889 0.15 0.0916667 0.15 0.147222 0.148438 0.15 0.148438 0.172222 0.146875 0.175 0.146875 0.202778 0.145313 0.205556 0.145313 0.233333 0.14375 0.236111 0.14375 0.355556 0.142188 0.358333 0.142188 0.383333 0.140625 0.386111 0.140625 0.411111 0.139062 0.413889 0.139062 0.502778 0.1375 0.505556 0.1375 0.677778 0.135937 0.680556 0.135937 0.741667 0.134375 0.744444 0.134375 0.827778 0.132812 0.830556 0.132812 0.875 0.13125 0.877778 0.13125 0.922222 0.129688 0.925 0.129688 0.927778 0.126563 0.933333 0.125 0.933333 0.123438 0.936111 0.115625 0.936111 0.115625 0.95 0.121875 0.95 0.123438 0.952778 0.125 0.952778 0.13125 0.963889 0.13125 0.966667 0.132812 0.969444 0.132812 0.980556 0.145313 0.980556 0.145313 0.969444 0.148438 0.963889 0.15 0.963889 0.151562 0.961111 0.154687 0.961111 0.15625 0.958333 0.159375 0.958333 0.160938 0.955556 0.19375 0.955556 0.195312 0.952778 0.20625 0.952778 0.207813 0.955556 0.2375 0.955556 0.239063 0.952778 0.357812 0.952778 0.359375 0.955556 0.367188 0.955556 0.36875 0.958333 0.390625 0.958333 0.392188 0.955556 0.414062 0.955556 0.415625 0.958333 0.417188 0.958333 0.41875 0.955556 0.442187 0.955556 0.44375 0.952778 0.53125 0.952778 0.532812 0.955556 0.551562 0.955556 0.553125 0.952778 0.565625 0.952778 0.567187 0.955556 0.573438 0.955556 0.575 0.958333 0.582812 0.958333 0.584375 0.955556 0.592188 0.955556 0.59375 0.952778 0.596875 0.952778 0.598437 0.955556 0.609375 0.955556 0.610937 0.952778 0.770312 0.952778 0.771875 0.95 0.79375 0.95 0.795313 0.952778 0.8125 0.952778 0.814062 0.955556 0.81875 0.955556 0.820312 0.958333 0.821875 0.958333 0.823438 0.961111 0.825 0.961111 0.826563 0.963889 0.828125 0.963889 0.829687 0.966667 0.829687 0.969444 0.83125 0.972222 0.83125 0.980556 0.842188 0.980556 0.842188 0.961111 0.851562 0.944444 0.857813 0.944444 0.857813 0.927778 0.853125 0.927778 0.851562 0.925 0.85 0.925 0.84375 0.913889 0.84375 0.897222 0.842188 0.894444 0.842188 0.827778 0.84375 0.825 0.84375 0.755556 0.845312 0.752778 0.845312 0.630556 0.846875 0.627778 0.846875 0.622222 0.845312 0.619444 0.845312 0.616667 0.846875 0.613889 0.846875 0.402778 0.845312 0.4 0.845312 0.147222 0.84375 0.144444 0.84375 0.125 0.845312 0.122222 0.845312 0.0805556 0.846875 0.0777778 0.846875 0.0694444 0.851562 0.0611111 0.857813 0.0611111 0.857813 0.0388889 0.851562 0.0388889 0.845312 0.0277778 0.845312 0.025 0.84375 0.0222222 0.84375 0.0194444 0.842188 0.0166667 0.842188 0.0111111 0.840625 0.00833333 0.840625 0 0.839063 0 0.839063 0.00555556 0.8375 0.00833333 0.8375 0.0111111 0.834375 0.0166667 0.834375 0.0194444 0.828125 0.0305556 0.826563 0.0305556 0.825 0.0333333 0.81875 0.0333333 0.817187 0.0361111 0.775 0.0361111 0.773438 0.0333333 0.495313 0.0333333 0.49375 0.0305556 0.48125 0.0305556 0.479688 0.0333333 0.440625 0.0333333 0.439063 0.0305556 0.423438 0.0305556 0.421875 0.0277778 0.395312 0.0277778 0.39375 0.0305556 0.371875 0.0305556 0.370313 0.0277778 0.36875 0.0305556 0.364062 0.0305556 0.3625 0.0277778 0.273438 0.0277778 0.271875 0.025 0.26875 0.025 0.267188 0.0277778 0.2625 0.0277778 0.260938 0.025 0.21875 0.025 0.217187 0.0277778 0.175 0.0277778 0.173438 0.025 0.171875 0.025 0.170312 0.0222222 0.16875 0.0222222 0.165625 0.0166667 0.165625 0.0111111 0.164062 0.00833333 0.164062 0
5 0.415625 0.761111 0.415625 0.802778 0.439063 0.802778 0.439063 0.761111
5 0.578125 0.894444 0.578125 0.936111 0.601562 0.936111 0.601562 0.894444
5 0.678125 0.861111 0.678125 0.902778 0.701563 0.902778 0.701563 0.861111
5 0.371875 0.694444 0.371875 0.725 0.395312 0.725 0.395312 0.694444
5 0.209375 0.805556 0.209375 0.847222 0.223438 0.847222 0.223438 0.838889 0.225 0.836111 0.225 0.833333 0.226562 0.830556 0.232812 0.830556 0.232812 0.805556
2 0.492188 0.394444 0.492188 0.413889 0.490625 0.416667 0.490625 0.441667 0.489062 0.444444 0.489062 0.447222 0.4875 0.45 0.485938 0.45 0.484375 0.452778 0.459375 0.452778 0.457812 0.455556 0.453125 0.455556 0.453125 0.475 0.460938 0.475 0.4625 0.477778 0.485938 0.477778 0.490625 0.486111 0.490625 0.536111 0.503125 0.536111 0.503125 0.488889 0.504687 0.486111 0.504687 0.483333 0.50625 0.480556 0.507812 0.480556 0.509375 0.477778 0.515625 0.477778 0.517187 0.480556 0.521875 0.480556 0.523438 0.483333 0.539062 0.483333 0.539062 0.455556 0.532812 0.455556 0.53125 0.452778 0.509375 0.452778 0.50625 0.447222 0.50625 0.394444
5 0.546875 0.894444 0.546875 0.936111 0.564062 0.936111 0.564062 0.894444
5 0.171875 0.25 0.171875 0.291667 0.195312 0.291667 0.195312 0.25
5 0.409375 0.594444 0.409375 0.636111 0.423438 0.636111 0.423438 0.625 0.426562 0.619444 0.432813 0.619444 0.432813 0.594444
5 0.734375 0.816667 0.734375 0.858333 0.757812 0.858333 0.757812 0.847222 0.745313 0.847222 0.742188 0.841667 0.742188 0.830556 0.74375 0.827778 0.748438 0.827778 0.75 0.830556 0.751562 0.830556 0.753125 0.833333 0.757812 0.833333 0.757812 0.816667
5 0.615625 0.0833333 0.615625 0.125 0.632812 0.125 0.632812 0.0833333
5 0.965625 0.416667 0.965625 0.458333 0.979688 0.458333 0.979688 0.447222 0.982813 0.441667 0.989062 0.441667 0.989062 0.416667
5 0.409375 0.816667 0.409375 0.847222 0.432813 0.847222 0.432813 0.816667
