1 0.151562 0.00555556 0.151562 0.0194444 0.145313 0.0305556 0.14375 0.0305556 0.140625 0.0361111 0.139062 0.0361111 0.139062 0.0388889 0.140625 0.0416667 0.142188 0.0416667 0.14375 0.0444444 0.14375 0.0472222 0.15 0.0583333 0.15 0.122222 0.148438 0.125 0.148438 0.147222 0.146875 0.15 0.146875 0.175 0.145313 0.177778 0.145313 0.213889 0.14375 0.216667 0.14375 0.325 0.142188 0.327778 0.142188 0.358333 0.140625 0.361111 0.140625 0.386111 0.139062 0.388889 0.139062 0.452778 0.1375 0.455556 0.1375 0.458333 0.139062 0.461111 0.139062 0.494444 0.1375 0.497222 0.1375 0.627778 0.135937 0.630556 0.135937 0.725 0.134375 0.727778 0.134375 0.766667 0.132812 0.769444 0.132812 0.858333 0.13125 0.861111 0.13125 0.919444 0.129688 0.922222 0.129688 0.927778 0.126563 0.933333 0.125 0.933333 0.123438 0.936111 0.115625 0.936111 0.115625 0.952778 0.123438 0.952778 0.125 0.955556 0.126563 0.955556 0.13125 0.963889 0.13125 0.969444 0.132812 0.972222 0.132812 0.980556 0.14375 0.980556 0.14375 0.972222 0.148438 0.963889 0.15 0.963889 0.151562 0.961111 0.15625 0.961111 0.157813 0.958333 0.160938 0.958333 0.1625 0.955556 0.1875 0.955556 0.189063 0.952778 0.198437 0.952778 0.2 0.955556 0.2375 0.955556 0.239063 0.952778 0.304688 0.952778 0.30625 0.955556 0.357812 0.955556 0.359375 0.958333 0.370313 0.958333 0.371875 0.961111 0.39375 0.961111 0.395312 0.958333 0.428125 0.958333 0.429688 0.955556 0.45 0.955556 0.451562 0.952778 0.575 0.952778 0.576563 0.955556 0.585938 0.955556 0.5875 0.952778 0.595312 0.952778 0.596875 0.955556 0.610937 0.955556 0.6125 0.952778 0.771875 0.952778 0.773438 0.95 0.801562 0.95 0.803125 0.952778 0.815625 0.952778 0.817187 0.955556 0.820312 0.955556 0.821875 0.958333 0.823438 0.958333 0.825 0.961111 0.826563 0.961111 0.83125 0.969444 0.83125 0.980556 0.840625 0.980556 0.840625 0.972222 0.842188 0.969444 0.842188 0.961111 0.84375 0.958333 0.84375 0.955556 0.848437 0.947222 0.85 0.947222 0.853125 0.941667 0.857813 0.941667 0.857813 0.925 0.851562 0.925 0.85 0.922222 0.848437 0.922222 0.84375 0.913889 0.84375 0.894444 0.842188 0.891667 0.842188 0.888889 0.84375 0.886111 0.84375 0.883333 0.842188 0.880556 0.842188 0.747222 0.84375 0.744444 0.84375 0.669444 0.845312 0.666667 0.845312 0.586111 0.846875 0.583333 0.846875 0.575 0.845312 0.572222 0.846875 0.569444 0.846875 0.533333 0.845312 0.530556 0.845312 0.472222 0.846875 0.469444 0.846875 0.425 0.845312 0.422222 0.845312 0.244444 0.84375 0.241667 0.84375 0.0972222 0.845312 0.0944444 0.845312 0.0722222 0.846875 0.0694444 0.846875 0.0666667 0.851562 0.0583333 0.857813 0.0583333 0.857813 0.0388889 0.851562 0.0388889 0.84375 0.025 0.84375 0.0222222 0.840625 0.0166667 0.840625 0.00555556 0.835938 0.00555556 0.835938 0.0138889 0.832812 0.0194444 0.832812 0.0222222 0.828125 0.0305556 0.825 0.0305556 0.823438 0.0333333 0.815625 0.0333333 0.814062 0.0361111 0.771875 0.0361111 0.770312 0.0333333 0.645312 0.0333333 0.64375 0.0305556 0.596875 0.0305556 0.595312 0.0333333 0.585938 0.0333333 0.584375 0.0305556 0.582812 0.0305556 0.58125 0.0333333 0.49375 0.0333333 0.492188 0.0305556 0.479688 0.0305556 0.478125 0.0333333 0.439063 0.0333333 0.4375 0.0305556 0.360938 0.0305556 0.359375 0.0277778 0.273438 0.0277778 0.271875 0.025 0.26875 0.025 0.267188 0.0277778 0.2625 0.0277778 0.260938 0.025 0.215625 0.025 0.214062 0.0277778 0.175 0.0277778 0.173438 0.025 0.171875 0.025 0.170312 0.0222222 0.16875 0.0222222 0.165625 0.0166667 0.165625 0.00555556
5 0.196875 0.338889 0.196875 0.369444 0.220313 0.369444 0.220313 0.338889
2 0.490625 0.394444 0.490625 0.425 0.489062 0.427778 0.489062 0.447222 0.4875 0.45 0.485938 0.45 0.484375 0.452778 0.460938 0.452778 0.459375 0.455556 0.453125 0.455556 0.453125 0.477778 0.460938 0.477778 0.4625 0.480556 0.467187 0.480556 0.46875 0.477778 0.484375 0.477778 0.485938 0.480556 0.4875 0.480556 0.489062 0.483333 0.489062 0.486111 0.490625 0.488889 0.490625 0.533333 0.492188 0.536111 0.492188 0.547222 0.498437 0.547222 0.498437 0.538889 0.503125 0.530556 0.503125 0.502778 0.501562 0.5 0.501562 0.491667 0.503125 0.488889 0.503125 0.486111 0.507812 0.477778 0.515625 0.477778 0.517187 0.480556 0.520312 0.480556 0.521875 0.483333 0.539062 0.483333 0.539062 0.455556 0.53125 0.455556 0.529688 0.452778 0.509375 0.452778 0.50625 0.447222 0.50625 0.433333 0.504687 0.430556 0.504687 0.394444
5 0.384375 0.861111 0.384375 0.902778 0.401563 0.902778 0.401563 0.888889 0.396875 0.888889 0.395312 0.886111 0.39375 0.886111 0.392188 0.883333 0.392188 0.877778 0.395312 0.872222 0.401563 0.872222 0.401563 0.861111
5 0.478125 0.861111 0.478125 0.902778 0.495313 0.902778 0.495313 0.891667 0.496875 0.888889 0.501562 0.888889 0.501562 0.875 0.496875 0.875 0.49375 0.869444 0.49375 0.861111
5 0.640625 0.583333 0.640625 0.613889 0.664062 0.613889 0.664062 0.583333
5 0.790625 0.872222 0.790625 0.902778 0.814062 0.902778 0.814062 0.872222
5 0.453125 0.494444 0.453125 0.522222 0.457812 0.522222 0.460938 0.527778 0.460938 0.536111 0.46875 0.536111 0.46875 0.527778 0.471875 0.522222 0.476562 0.522222 0.476562 0.494444
5 0.534375 0.538889 0.534375 0.55 0.529688 0.558333 0.521875 0.558333 0.521875 0.580556 0.545313 0.580556 0.545313 0.558333 0.5375 0.558333 0.534375 0.552778
5 0.759375 0.316667 0.759375 0.358333 0.776563 0.358333 0.776563 0.316667
5 0.278125 0.205556 0.278125 0.247222 0.292188 0.247222 0.292188 0.236111 0.295312 0.230556 0.301562 0.230556 0.301562 0.205556
5 0.271875 0.783333 0.271875 0.813889 0.295312 0.813889 0.295312 0.783333
5 0.617188 0.05 0.617188 0.0611111 0.614062 0.0666667 0.609375 0.0666667 0.609375 0.0916667 0.632812 0.0916667 0.632812 0.05
5 0.553125 0.805556 0.553125 0.847222 0.570312 0.847222 0.570312 0.805556
5 0.740625 0.516667 0.740625 0.558333 0.75625 0.558333 0.75625 0.547222 0.757812 0.544444 0.764063 0.544444 0.764063 0.516667
5 0.259375 0.372222 0.259375 0.402778 0.282813 0.402778 0.282813 0.372222
