0 0.904167 0.840741 0.902604 0.844444 0.902083 0.845370 0.901042 0.846296 0.899479 0.847222 0.897917 0.847222 0.895833 0.849074 0.895833 0.860185 0.896354 0.862963 0.897396 0.866667 0.898438 0.868519 0.899479 0.870370 0.901042 0.872222 0.902083 0.873148 0.903646 0.874074 0.906250 0.875000 0.908333 0.875000 0.910937 0.874074 0.913021 0.873148 0.914062 0.872222 0.914583 0.871296 0.915104 0.869444 0.915625 0.865741 0.916146 0.859259 0.916146 0.857407 0.915625 0.852778 0.914583 0.850000 0.914062 0.847222 0.911979 0.844444 0.910417 0.843519 0.907813 0.841667 0.904167 0.840741
0 0.687500 0.763889 0.684896 0.764815 0.683854 0.766667 0.683854 0.767593 0.682292 0.770370 0.681771 0.772222 0.681771 0.782407 0.682292 0.786111 0.684375 0.789815 0.684375 0.790741 0.685937 0.793519 0.688542 0.796296 0.690625 0.797222 0.695833 0.797222 0.696875 0.796296 0.697917 0.795370 0.699479 0.793519 0.700521 0.791667 0.701562 0.788889 0.702083 0.786111 0.702083 0.781481 0.701562 0.777778 0.701042 0.775000 0.700521 0.773148 0.699479 0.771296 0.699479 0.770370 0.698958 0.769444 0.696875 0.766667 0.695833 0.765741 0.694792 0.764815 0.693229 0.763889 0.687500 0.763889
0 0.896875 0.706481 0.894271 0.707407 0.893229 0.708333 0.891667 0.711111 0.890104 0.716667 0.890104 0.721296 0.890625 0.725000 0.891667 0.729630 0.893750 0.733333 0.896875 0.736111 0.898438 0.737037 0.901042 0.737963 0.903646 0.737037 0.906250 0.736111 0.908333 0.734259 0.908854 0.732407 0.909375 0.730556 0.909896 0.726852 0.909896 0.719444 0.909375 0.715741 0.907813 0.711111 0.907292 0.710185 0.906250 0.709259 0.904687 0.708333 0.903125 0.707407 0.901042 0.706481 0.896875 0.706481
0 0.564063 0.441667 0.562500 0.443519 0.560417 0.444444 0.559375 0.447222 0.558333 0.451852 0.558333 0.461111 0.559375 0.465741 0.560937 0.468519 0.561979 0.469444 0.563021 0.470370 0.565104 0.471296 0.567708 0.471296 0.569271 0.470370 0.572396 0.467593 0.573438 0.465741 0.573438 0.460185 0.575521 0.456481 0.575521 0.452778 0.575000 0.450926 0.573958 0.449074 0.573438 0.446296 0.572917 0.445370 0.571875 0.444444 0.570833 0.443519 0.568229 0.441667 0.564063 0.441667
0 0.590625 0.421296 0.590104 0.424074 0.589063 0.425926 0.588542 0.427778 0.588542 0.429630 0.588542 0.437963 0.588542 0.439815 0.589063 0.441667 0.590625 0.444444 0.592187 0.445370 0.593750 0.446296 0.599479 0.447222 0.600521 0.447222 0.601562 0.446296 0.603646 0.442593 0.604688 0.439815 0.605208 0.437963 0.605729 0.435185 0.605729 0.428704 0.605208 0.426852 0.603125 0.423148 0.602083 0.422222 0.601042 0.421296 0.599479 0.420370 0.590625 0.421296
0 0.733333 0.415741 0.730729 0.417593 0.728646 0.420370 0.728125 0.421296 0.728125 0.422222 0.727083 0.424074 0.726562 0.425926 0.726042 0.429630 0.726042 0.433333 0.726562 0.437963 0.727083 0.439815 0.728125 0.441667 0.729167 0.442593 0.731250 0.443519 0.735938 0.444444 0.738021 0.444444 0.739583 0.443519 0.741667 0.441667 0.742708 0.438889 0.743229 0.437037 0.743750 0.435185 0.744271 0.432407 0.744271 0.425000 0.743750 0.423148 0.740625 0.417593 0.739062 0.416667 0.737500 0.415741 0.733333 0.415741
0 0.438542 0.295370 0.435417 0.296296 0.431250 0.300000 0.430729 0.306481 0.431250 0.312037 0.431771 0.314815 0.433333 0.318519 0.434896 0.321296 0.435937 0.322222 0.437500 0.323148 0.439063 0.324074 0.442708 0.323148 0.443750 0.322222 0.445833 0.318519 0.446354 0.316667 0.446875 0.314815 0.446875 0.310185 0.447396 0.309259 0.447396 0.305556 0.446875 0.302778 0.445833 0.299074 0.444792 0.298148 0.443750 0.297222 0.442188 0.296296 0.439583 0.295370 0.438542 0.295370
0 0.420312 0.264815 0.419271 0.265741 0.418229 0.266667 0.416146 0.270370 0.414583 0.275926 0.414583 0.284259 0.415104 0.286111 0.415625 0.287963 0.418750 0.293519 0.421875 0.295370 0.422917 0.295370 0.426563 0.294444 0.428125 0.293519 0.429167 0.292593 0.429688 0.289815 0.430729 0.287037 0.431250 0.281481 0.431250 0.278704 0.430208 0.275000 0.429688 0.272222 0.427083 0.267593 0.425521 0.265741 0.423438 0.264815 0.420312 0.264815
0 0.546354 0.192593 0.544792 0.194444 0.543750 0.196296 0.542708 0.199074 0.542188 0.200926 0.541667 0.204630 0.541667 0.211111 0.542188 0.214815 0.542708 0.216667 0.544271 0.219444 0.545312 0.220370 0.546354 0.221296 0.551042 0.221296 0.552604 0.220370 0.553646 0.219444 0.555729 0.215741 0.556771 0.212963 0.557292 0.209259 0.557292 0.200926 0.556771 0.199074 0.553125 0.192593 0.550521 0.191667 0.546354 0.192593
0 0.299479 0.099074 0.297917 0.100926 0.296354 0.101852 0.295833 0.103704 0.295312 0.105556 0.295312 0.113889 0.295833 0.118519 0.296875 0.122222 0.297917 0.123148 0.299479 0.124074 0.306250 0.124074 0.307292 0.123148 0.309375 0.119444 0.309896 0.115741 0.309896 0.108333 0.309375 0.105556 0.306771 0.100926 0.305729 0.100000 0.304688 0.099074 0.299479 0.099074
2 0.267708 0.412037 0.266667 0.412963 0.265625 0.414815 0.264583 0.420370 0.264062 0.425000 0.264583 0.435185 0.263542 0.450926 0.263542 0.456481 0.264062 0.460185 0.265625 0.465741 0.267708 0.469444 0.269271 0.470370 0.271875 0.465741 0.272396 0.462963 0.272396 0.456481 0.272917 0.450926 0.273958 0.445370 0.274479 0.438889 0.275000 0.432407 0.275000 0.425000 0.274479 0.421296 0.272917 0.415741 0.272396 0.413889 0.271875 0.412963 0.270833 0.412037 0.267708 0.412037
1 0.291667 0.042593 0.292708 0.043519 0.293229 0.044444 0.293750 0.046296 0.294271 0.049074 0.294271 0.052778 0.294792 0.054630 0.295312 0.056481 0.297396 0.060185 0.298438 0.061111 0.301042 0.062963 0.303646 0.063889 0.309896 0.064815 0.314583 0.064815 0.336979 0.064815 0.345833 0.063889 0.350521 0.063889 0.359375 0.063889 0.366146 0.063889 0.374479 0.063889 0.377604 0.063889 0.389062 0.063889 0.391146 0.063889 0.401562 0.063889 0.407813 0.063889 0.408333 0.064815 0.414583 0.063889 0.419271 0.063889 0.430208 0.063889 0.436458 0.064815 0.441146 0.064815 0.451042 0.064815 0.456250 0.063889 0.460417 0.063889 0.486458 0.063889 0.488542 0.063889 0.498958 0.063889 0.503646 0.063889 0.514583 0.064815 0.528125 0.063889 0.529687 0.063889 0.532813 0.085185 0.532292 0.091667 0.533854 0.087963 0.533333 0.087037 0.532813 0.085185 0.529687 0.063889 0.553646 0.064815 0.584375 0.062963 0.585938 0.062963 0.597396 0.062963 0.599479 0.062963 0.625521 0.062963 0.627083 0.062963 0.630729 0.064815 0.635938 0.064815 0.652604 0.062963 0.676562 0.063889 0.680729 0.062963 0.682813 0.062963 0.698438 0.064815 0.701042 0.064815 0.709375 0.062963 0.717187 0.064815 0.726562 0.065741 0.729167 0.065741 0.734375 0.063889 0.742188 0.064815 0.746875 0.064815 0.747396 0.063889 0.752604 0.063889 0.767708 0.065741 0.776563 0.064815 0.781250 0.064815 0.803646 0.066667 0.801042 0.084259 0.798958 0.084259 0.800000 0.086111 0.801042 0.084259 0.803646 0.066667 0.807813 0.065741 0.864062 0.066667 0.865104 0.065741 0.866667 0.063889 0.868229 0.061111 0.868229 0.060185 0.870313 0.057407 0.871354 0.055556 0.873437 0.050926 0.874479 0.050000 0.875521 0.049074 0.876563 0.049074 0.877604 0.050000 0.878125 0.050926 0.878125 0.051852 0.879167 0.053704 0.879687 0.055556 0.880208 0.059259 0.881771 0.062037 0.883333 0.062963 0.884375 0.067593 0.885417 0.069444 0.886458 0.070370 0.888542 0.071296 0.891146 0.071296 0.892708 0.072222 0.893750 0.073148 0.894792 0.074074 0.894792 0.077778 0.893750 0.080556 0.892188 0.081481 0.889583 0.086111 0.889062 0.088889 0.887500 0.091667 0.886979 0.091667 0.885417 0.094444 0.884896 0.105556 0.884896 0.107407 0.885938 0.113889 0.885938 0.125926 0.886458 0.130556 0.887500 0.134259 0.889062 0.149074 0.889062 0.156481 0.890104 0.159259 0.890625 0.162963 0.891146 0.176852 0.892708 0.185185 0.893229 0.194444 0.893229 0.198148 0.892708 0.199074 0.892708 0.202778 0.893750 0.205556 0.894271 0.209259 0.893750 0.212037 0.894792 0.214815 0.895312 0.216667 0.894792 0.220370 0.896875 0.227778 0.896875 0.231481 0.896354 0.232407 0.896354 0.235185 0.897396 0.241667 0.897396 0.251852 0.897917 0.262037 0.899479 0.273148 0.900000 0.279630 0.889583 0.282407 0.886458 0.281481 0.885938 0.283333 0.881771 0.284259 0.881250 0.281481 0.880208 0.280556 0.879167 0.280556 0.878125 0.278704 0.877083 0.275000 0.877083 0.260185 0.876563 0.247222 0.876042 0.240741 0.875521 0.237963 0.875000 0.234259 0.873958 0.232407 0.873437 0.230556 0.873437 0.228704 0.874479 0.222222 0.875000 0.213889 0.872396 0.205556 0.871875 0.203704 0.871875 0.200000 0.870833 0.195370 0.869271 0.192593 0.868229 0.190741 0.867708 0.189815 0.866146 0.188889 0.866146 0.187037 0.866667 0.185185 0.869792 0.183333 0.871354 0.180556 0.871875 0.178704 0.872396 0.176852 0.872396 0.171296 0.870313 0.166667 0.869792 0.165741 0.868229 0.164815 0.867188 0.161111 0.867188 0.156481 0.866146 0.153704 0.866667 0.149074 0.865625 0.147222 0.864583 0.147222 0.866146 0.145370 0.866146 0.139815 0.866667 0.137963 0.866667 0.134259 0.866146 0.129630 0.865104 0.126852 0.865104 0.123148 0.864062 0.119444 0.864062 0.109259 0.863542 0.107407 0.862500 0.105556 0.860417 0.105556 0.859896 0.106481 0.858333 0.106481 0.852604 0.106481 0.848958 0.106481 0.838021 0.105556 0.835938 0.104630 0.834896 0.103704 0.833333 0.100926 0.831250 0.100000 0.826042 0.099074 0.819792 0.099074 0.816146 0.097222 0.812500 0.097222 0.811979 0.098148 0.807813 0.097222 0.806771 0.097222 0.804688 0.100000 0.802083 0.100000 0.801562 0.100926 0.799479 0.100926 0.792188 0.100000 0.788542 0.100926 0.786979 0.102778 0.784896 0.102778 0.782813 0.100926 0.778125 0.100000 0.773438 0.100000 0.772396 0.101852 0.770833 0.099074 0.768229 0.098148 0.764062 0.097222 0.753125 0.096296 0.750000 0.096296 0.749479 0.097222 0.746354 0.097222 0.745833 0.096296 0.745313 0.086111 0.745833 0.083333 0.744792 0.081481 0.743229 0.082407 0.742188 0.084259 0.745313 0.086111 0.745833 0.096296 0.742708 0.096296 0.736979 0.097222 0.721354 0.096296 0.714583 0.098148 0.706250 0.098148 0.703125 0.096296 0.694271 0.097222 0.689583 0.099074 0.688021 0.099074 0.680208 0.097222 0.670833 0.097222 0.667708 0.097222 0.664583 0.099074 0.661979 0.098148 0.660937 0.098148 0.653646 0.099074 0.651563 0.097222 0.644271 0.098148 0.643229 0.098148 0.639583 0.097222 0.636979 0.099074 0.630208 0.098148 0.628646 0.098148 0.628125 0.099074 0.626563 0.099074 0.625000 0.097222 0.622917 0.096296 0.611979 0.097222 0.608854 0.099074 0.589583 0.099074 0.587500 0.099074 0.570312 0.098148 0.565104 0.100000 0.562500 0.100000 0.557813 0.100000 0.554688 0.098148 0.545833 0.097222 0.528125 0.097222 0.524479 0.098148 0.521875 0.100000 0.517708 0.100000 0.517188 0.099074 0.513021 0.099074 0.505729 0.099074 0.500521 0.099074 0.491667 0.099074 0.485938 0.100000 0.482812 0.100000 0.477604 0.098148 0.476562 0.098148 0.460417 0.098148 0.459375 0.098148 0.456771 0.100000 0.453125 0.100000 0.446875 0.100000 0.443750 0.100000 0.443229 0.099074 0.439583 0.100000 0.436979 0.100000 0.415625 0.100000 0.411979 0.100000 0.405729 0.100000 0.403646 0.100000 0.401562 0.098148 0.394271 0.099074 0.389062 0.098148 0.388021 0.099074 0.386979 0.100926 0.381771 0.100926 0.371875 0.099074 0.354687 0.100000 0.350521 0.099074 0.347917 0.099074 0.342187 0.100000 0.335417 0.098148 0.333333 0.098148 0.328646 0.100000 0.321354 0.099074 0.320312 0.099074 0.316146 0.100000 0.314063 0.098148 0.309896 0.098148 0.307812 0.096296 0.306250 0.096296 0.304688 0.099074 0.302083 0.099074 0.301042 0.098148 0.302083 0.097222 0.303125 0.095370 0.301042 0.091667 0.302083 0.087963 0.302083 0.086111 0.301042 0.084259 0.300000 0.083333 0.298438 0.084259 0.297917 0.087963 0.298958 0.090741 0.298958 0.092593 0.298438 0.093519 0.298438 0.095370 0.299479 0.098148 0.298438 0.100000 0.296875 0.100926 0.296354 0.104630 0.295312 0.107407 0.295312 0.116667 0.296875 0.119444 0.295833 0.122222 0.296354 0.124074 0.296875 0.124074 0.297917 0.125926 0.297917 0.131481 0.296354 0.136111 0.295833 0.138889 0.295833 0.144444 0.294792 0.148148 0.294792 0.155556 0.293750 0.160185 0.293750 0.177778 0.293229 0.184259 0.292708 0.188889 0.291667 0.190741 0.291146 0.192593 0.290625 0.201852 0.291146 0.205556 0.290104 0.209259 0.290104 0.211111 0.290625 0.212037 0.290625 0.213889 0.289583 0.216667 0.289583 0.222222 0.289062 0.226852 0.288021 0.230556 0.287500 0.234259 0.287500 0.244444 0.286979 0.255556 0.285938 0.258333 0.285417 0.262963 0.285417 0.273148 0.284375 0.276852 0.284375 0.282407 0.283333 0.286111 0.283333 0.296296 0.282292 0.299074 0.281771 0.301852 0.281771 0.305556 0.282292 0.306481 0.282292 0.310185 0.281250 0.315741 0.281250 0.321296 0.280729 0.327778 0.279687 0.331481 0.280208 0.335185 0.279167 0.340741 0.279687 0.350000 0.279687 0.354630 0.278646 0.358333 0.278125 0.362037 0.277604 0.370370 0.277604 0.376852 0.277083 0.380556 0.276042 0.383333 0.275521 0.387963 0.275521 0.392593 0.273958 0.399074 0.273438 0.402778 0.273438 0.408333 0.272917 0.413889 0.272396 0.415741 0.271875 0.416667 0.269792 0.419444 0.269271 0.419444 0.268229 0.421296 0.268750 0.425000 0.266667 0.426852 0.265625 0.428704 0.268229 0.431481 0.276042 0.431481 0.276042 0.433333 0.275521 0.435185 0.272396 0.432407 0.268750 0.432407 0.267188 0.435185 0.267708 0.437037 0.269792 0.438889 0.268229 0.440741 0.268229 0.450000 0.269792 0.452778 0.269271 0.454630 0.268229 0.455556 0.268750 0.457407 0.270313 0.458333 0.271354 0.460185 0.271875 0.462963 0.271875 0.466667 0.270833 0.468519 0.270313 0.473148 0.269792 0.475000 0.268229 0.478704 0.267708 0.481481 0.267708 0.488889 0.267188 0.494444 0.266146 0.497222 0.266146 0.507407 0.265104 0.513889 0.265104 0.525000 0.264583 0.533333 0.263542 0.535185 0.263542 0.547222 0.262500 0.550000 0.261979 0.556481 0.261979 0.558333 0.262500 0.559259 0.262500 0.561111 0.261979 0.562037 0.261979 0.564815 0.260417 0.569444 0.259896 0.577778 0.259896 0.587963 0.259375 0.591667 0.258854 0.595370 0.257812 0.598148 0.257812 0.606481 0.256771 0.611111 0.256250 0.618519 0.256250 0.625000 0.255729 0.631481 0.254688 0.635185 0.254688 0.649074 0.253125 0.656481 0.252604 0.660185 0.252083 0.663889 0.252604 0.667593 0.251563 0.673148 0.251042 0.679630 0.251563 0.684259 0.251042 0.686111 0.251042 0.687963 0.250000 0.690741 0.249479 0.705556 0.248438 0.709259 0.248958 0.712963 0.247917 0.715741 0.247396 0.719444 0.246875 0.734259 0.245833 0.738889 0.245312 0.746296 0.245312 0.758333 0.244792 0.764815 0.244271 0.769444 0.242708 0.776852 0.242708 0.788889 0.242188 0.797222 0.241146 0.801852 0.241146 0.809259 0.240104 0.814815 0.240104 0.823148 0.239063 0.828704 0.239063 0.839815 0.238021 0.847222 0.238021 0.850000 0.239583 0.852778 0.240625 0.853704 0.243750 0.854630 0.251563 0.854630 0.254688 0.856481 0.258333 0.857407 0.269792 0.857407 0.277083 0.858333 0.279167 0.860185 0.281771 0.858333 0.284375 0.858333 0.296354 0.858333 0.302083 0.860185 0.313542 0.860185 0.342708 0.860185 0.351562 0.862037 0.355208 0.861111 0.360938 0.861111 0.364583 0.861111 0.375000 0.862037 0.378125 0.863889 0.383333 0.862963 0.384375 0.862963 0.405729 0.863889 0.413021 0.865741 0.429167 0.866667 0.434375 0.866667 0.434896 0.865741 0.440104 0.865741 0.448958 0.865741 0.452604 0.865741 0.457813 0.867593 0.460938 0.867593 0.467187 0.866667 0.470313 0.868519 0.471354 0.868519 0.473958 0.867593 0.477083 0.869444 0.487500 0.868519 0.491146 0.870370 0.500000 0.869444 0.501563 0.869444 0.504167 0.871296 0.516667 0.871296 0.522396 0.873148 0.529687 0.874074 0.538542 0.875000 0.542188 0.875000 0.548438 0.875000 0.550521 0.875000 0.558333 0.875000 0.563021 0.874074 0.564063 0.874074 0.578646 0.875926 0.584375 0.875000 0.591667 0.875000 0.593229 0.875000 0.607812 0.875926 0.615104 0.877778 0.633333 0.877778 0.648958 0.878704 0.651563 0.880556 0.654687 0.880556 0.657813 0.878704 0.663021 0.880556 0.668229 0.880556 0.671354 0.878704 0.675000 0.878704 0.677083 0.881481 0.678125 0.882407 0.679167 0.882407 0.679688 0.881481 0.684375 0.879630 0.686458 0.879630 0.688542 0.882407 0.689583 0.883333 0.696875 0.883333 0.699479 0.885185 0.706771 0.883333 0.710938 0.883333 0.716667 0.885185 0.720313 0.885185 0.723437 0.883333 0.727083 0.886111 0.728646 0.886111 0.731250 0.885185 0.736458 0.886111 0.750000 0.885185 0.754167 0.887037 0.759896 0.887963 0.773958 0.888889 0.778125 0.888889 0.803125 0.888889 0.804167 0.888889 0.807292 0.887037 0.814063 0.887037 0.822396 0.887037 0.827604 0.887037 0.833333 0.887963 0.836979 0.889815 0.841667 0.888889 0.846354 0.889815 0.849479 0.888889 0.851042 0.887037 0.854688 0.887037 0.855208 0.887963 0.864583 0.889815 0.890625 0.889815 0.901563 0.889815 0.904167 0.887963 0.914583 0.887963 0.915625 0.886111 0.915104 0.884259 0.914062 0.883333 0.915104 0.881481 0.914062 0.877778 0.914062 0.875000 0.916146 0.872222 0.915625 0.868519 0.916667 0.862963 0.917188 0.857407 0.917188 0.854630 0.916667 0.849074 0.916146 0.844444 0.915104 0.842593 0.914583 0.840741 0.914583 0.837037 0.915625 0.834259 0.915625 0.832407 0.915104 0.827778 0.915625 0.825926 0.915625 0.824074 0.913542 0.819444 0.912500 0.816667 0.911979 0.802778 0.912500 0.796296 0.911979 0.790741 0.911458 0.785185 0.910417 0.782407 0.911979 0.780556 0.912500 0.778704 0.912500 0.769444 0.911979 0.765741 0.909375 0.761111 0.909375 0.760185 0.908333 0.758333 0.908333 0.750926 0.910417 0.748148 0.910937 0.745370 0.913542 0.740741 0.913542 0.737963 0.912500 0.735185 0.912500 0.732407 0.913542 0.730556 0.914583 0.730556 0.915625 0.728704 0.916146 0.726852 0.913542 0.723148 0.913542 0.720370 0.912500 0.717593 0.911979 0.713889 0.911979 0.709259 0.910417 0.706481 0.910417 0.699074 0.909375 0.697222 0.907813 0.696296 0.907292 0.695370 0.905729 0.690741 0.905208 0.688889 0.905729 0.687037 0.906771 0.685185 0.906250 0.679630 0.905208 0.675926 0.905208 0.670370 0.904687 0.664815 0.903125 0.661111 0.904167 0.654630 0.904167 0.639815 0.903125 0.633333 0.903125 0.625000 0.902604 0.619444 0.902083 0.612963 0.901563 0.611111 0.900000 0.608333 0.900000 0.603704 0.900521 0.602778 0.901042 0.596296 0.901042 0.587037 0.900521 0.583333 0.899479 0.580556 0.900000 0.575926 0.900000 0.574074 0.898958 0.572222 0.897917 0.567593 0.897396 0.560185 0.898438 0.556481 0.897917 0.549074 0.898958 0.547222 0.898958 0.543519 0.897396 0.540741 0.894792 0.540741 0.893750 0.542593 0.893750 0.537037 0.893229 0.536111 0.893229 0.527778 0.894271 0.525000 0.894271 0.522222 0.893750 0.518519 0.892708 0.515741 0.894271 0.510185 0.894271 0.506481 0.894792 0.505556 0.894792 0.501852 0.897396 0.501852 0.898958 0.500000 0.900521 0.497222 0.900000 0.493519 0.900521 0.492593 0.900521 0.489815 0.900000 0.488889 0.900000 0.486111 0.900521 0.484259 0.902604 0.480556 0.903646 0.477778 0.902083 0.474074 0.902083 0.472222 0.902604 0.468519 0.902083 0.462963 0.901042 0.461111 0.901042 0.460185 0.898438 0.458333 0.896354 0.457407 0.893750 0.457407 0.892188 0.456481 0.890104 0.454630 0.889583 0.452778 0.889583 0.450000 0.889583 0.444444 0.890104 0.442593 0.895312 0.442593 0.896875 0.440741 0.901042 0.440741 0.904167 0.439815 0.904687 0.437037 0.903125 0.433333 0.903125 0.431481 0.904167 0.429630 0.902604 0.425926 0.902083 0.425926 0.901042 0.424074 0.899479 0.417593 0.897917 0.414815 0.895312 0.414815 0.894271 0.416667 0.893750 0.418519 0.892188 0.416667 0.890625 0.416667 0.890104 0.411111 0.890625 0.409259 0.893229 0.411111 0.894792 0.410185 0.896354 0.407407 0.894271 0.406481 0.891667 0.404630 0.891667 0.403704 0.890625 0.401852 0.890104 0.400000 0.889583 0.398148 0.889583 0.393519 0.889062 0.390741 0.886979 0.387037 0.885417 0.386111 0.884896 0.384259 0.884375 0.379630 0.885417 0.377778 0.885417 0.376852 0.886458 0.375000 0.888021 0.374074 0.888542 0.371296 0.888021 0.370370 0.888021 0.368519 0.888542 0.367593 0.888542 0.365741 0.887500 0.363889 0.886979 0.363889 0.885938 0.362037 0.885938 0.361111 0.884375 0.358333 0.884375 0.355556 0.883854 0.353704 0.882812 0.351852 0.881250 0.350000 0.879167 0.350000 0.878646 0.349074 0.877083 0.348148 0.878646 0.348148 0.879167 0.347222 0.883333 0.346296 0.883333 0.345370 0.884375 0.343519 0.885417 0.342593 0.886979 0.342593 0.887500 0.337963 0.886458 0.337037 0.886979 0.332407 0.887500 0.332407 0.887500 0.329630 0.887500 0.327778 0.884896 0.323148 0.883854 0.323148 0.881771 0.320370 0.880208 0.317593 0.879687 0.315741 0.879687 0.309259 0.878646 0.307407 0.879167 0.302778 0.878125 0.300000 0.878646 0.297222 0.877083 0.293519 0.877083 0.291667 0.878125 0.289815 0.876563 0.287963 0.876042 0.286111 0.876563 0.283333 0.878125 0.285185 0.878125 0.286111 0.879167 0.287963 0.880729 0.287963 0.881771 0.287037 0.881771 0.284259 0.885938 0.283333 0.888021 0.284259 0.888542 0.283333 0.889583 0.282407 0.900000 0.279630 0.900000 0.287963 0.900521 0.296296 0.901042 0.301852 0.901563 0.307407 0.902083 0.312037 0.903125 0.315741 0.903125 0.323148 0.904167 0.326852 0.904167 0.334259 0.905208 0.337963 0.905729 0.344444 0.906250 0.350000 0.906771 0.359259 0.906771 0.372222 0.907813 0.375926 0.908333 0.383333 0.908854 0.387963 0.909896 0.390741 0.910417 0.396296 0.909896 0.401852 0.910937 0.406481 0.910417 0.413889 0.910417 0.418519 0.911458 0.420370 0.913021 0.421296 0.912500 0.426852 0.913021 0.429630 0.914583 0.432407 0.915104 0.434259 0.915104 0.439815 0.914062 0.444444 0.914062 0.447222 0.915104 0.460185 0.915104 0.476852 0.915625 0.484259 0.916667 0.487037 0.917188 0.495370 0.917188 0.505556 0.919792 0.525926 0.919792 0.537963 0.920833 0.541667 0.920833 0.551852 0.921875 0.556481 0.921354 0.562037 0.921875 0.567593 0.922396 0.573148 0.923438 0.575926 0.923438 0.581481 0.924479 0.584259 0.923958 0.594444 0.925521 0.604630 0.925521 0.612963 0.926562 0.615741 0.926042 0.628704 0.926042 0.630556 0.926562 0.640741 0.928125 0.646296 0.928646 0.651852 0.928125 0.656481 0.929167 0.662037 0.929167 0.665741 0.928646 0.666667 0.928646 0.670370 0.929688 0.675000 0.930208 0.681481 0.930729 0.692593 0.931250 0.698148 0.932292 0.701852 0.932292 0.703704 0.931771 0.715741 0.932292 0.719444 0.933333 0.723148 0.933854 0.726852 0.933854 0.731481 0.933333 0.746296 0.934375 0.750000 0.934375 0.758333 0.935417 0.763889 0.935417 0.773148 0.936458 0.776852 0.936458 0.781481 0.936979 0.782407 0.936979 0.786111 0.936458 0.787037 0.936458 0.790741 0.936979 0.791667 0.936458 0.795370 0.936458 0.797222 0.936979 0.804630 0.937500 0.810185 0.938542 0.812963 0.938021 0.816667 0.939583 0.827778 0.939063 0.831481 0.939583 0.843519 0.940104 0.850000 0.941146 0.854630 0.941667 0.858333 0.941146 0.863889 0.941146 0.877778 0.941146 0.884259 0.941667 0.886111 0.944271 0.890741 0.946354 0.891667 0.948438 0.892593 0.952604 0.892593 0.954688 0.894444 0.955208 0.896296 0.955208 0.897222 0.956771 0.900926 0.956771 0.903704 0.955208 0.906481 0.952604 0.908333 0.950521 0.908333 0.948438 0.909259 0.947396 0.911111 0.943750 0.912037 0.942708 0.912963 0.941667 0.924074 0.941667 0.925926 0.942187 0.935185 0.941146 0.937037 0.941146 0.937963 0.940625 0.938889 0.939583 0.939815 0.934375 0.939815 0.930208 0.938889 0.929167 0.937963 0.926562 0.934259 0.924479 0.933333 0.921875 0.933333 0.920833 0.932407 0.919792 0.930556 0.919792 0.929630 0.918229 0.926852 0.917708 0.924074 0.917708 0.918519 0.917188 0.916667 0.916146 0.914815 0.911979 0.911111 0.908333 0.911111 0.873958 0.911111 0.869271 0.909259 0.864062 0.911111 0.847396 0.911111 0.845313 0.909259 0.835938 0.910185 0.831771 0.910185 0.823438 0.910185 0.817187 0.910185 0.816667 0.909259 0.810417 0.909259 0.807813 0.911111 0.805208 0.911111 0.797917 0.909259 0.796354 0.909259 0.794792 0.911111 0.790625 0.911111 0.787500 0.909259 0.775521 0.908333 0.763542 0.908333 0.753125 0.907407 0.745833 0.905556 0.738021 0.904630 0.734896 0.904630 0.723958 0.905556 0.710417 0.903704 0.707292 0.904630 0.706250 0.904630 0.694271 0.902778 0.668750 0.902778 0.656771 0.901852 0.650521 0.900000 0.642188 0.899074 0.621354 0.898148 0.617708 0.899074 0.615625 0.899074 0.609375 0.897222 0.603125 0.896296 0.602083 0.896296 0.595833 0.897222 0.582292 0.895370 0.565625 0.894444 0.558854 0.895370 0.555729 0.895370 0.544271 0.894444 0.536979 0.892593 0.535417 0.892593 0.516667 0.893519 0.510417 0.891667 0.491146 0.890741 0.489583 0.890741 0.489063 0.891667 0.487500 0.891667 0.472917 0.890741 0.467708 0.888889 0.456250 0.887963 0.440625 0.887963 0.420833 0.887037 0.413021 0.885185 0.403646 0.886111 0.397396 0.885185 0.394271 0.887037 0.393229 0.886111 0.391667 0.885185 0.385937 0.884259 0.372396 0.884259 0.361458 0.883333 0.354687 0.881481 0.351562 0.881481 0.344792 0.882407 0.336458 0.882407 0.332813 0.882407 0.321354 0.882407 0.317188 0.880556 0.309896 0.879630 0.300521 0.878704 0.298958 0.878704 0.295833 0.879630 0.287500 0.877778 0.277083 0.876852 0.246354 0.876852 0.241146 0.875000 0.239063 0.875000 0.237500 0.875926 0.235417 0.879630 0.234375 0.882407 0.234375 0.886111 0.233854 0.889815 0.231250 0.895370 0.230208 0.897222 0.228646 0.898148 0.223438 0.900926 0.218750 0.901852 0.218229 0.902778 0.216667 0.902778 0.215104 0.900926 0.214062 0.898148 0.213542 0.890741 0.214062 0.886111 0.213542 0.879630 0.213021 0.876852 0.210417 0.872222 0.208854 0.871296 0.205208 0.870370 0.202604 0.868519 0.202083 0.866667 0.201563 0.863889 0.202083 0.858333 0.203125 0.857407 0.204167 0.856481 0.205729 0.855556 0.211458 0.853704 0.213021 0.852778 0.215104 0.849074 0.216146 0.846296 0.216146 0.834259 0.217708 0.831481 0.218229 0.825000 0.218229 0.820370 0.219271 0.817593 0.219271 0.808333 0.220312 0.802778 0.220312 0.792593 0.221354 0.789815 0.221875 0.786111 0.222396 0.771296 0.222917 0.765741 0.223958 0.762037 0.223958 0.755556 0.226042 0.739815 0.226562 0.733333 0.226562 0.726852 0.227604 0.720370 0.227604 0.711111 0.228646 0.706481 0.228646 0.700926 0.229167 0.695370 0.230208 0.692593 0.229687 0.682407 0.231250 0.677778 0.231250 0.667593 0.232292 0.664815 0.232813 0.661111 0.233854 0.650926 0.234375 0.644444 0.234375 0.637037 0.234896 0.627778 0.236458 0.621296 0.236979 0.616667 0.237500 0.601852 0.238021 0.598148 0.239063 0.595370 0.239583 0.588889 0.240104 0.582407 0.240625 0.566667 0.241146 0.561111 0.242708 0.551852 0.242708 0.546296 0.243750 0.541667 0.243750 0.534259 0.244792 0.526852 0.244792 0.517593 0.245833 0.512963 0.246354 0.500926 0.247396 0.496296 0.247917 0.486111 0.248958 0.481481 0.248958 0.475000 0.250000 0.471296 0.250000 0.465741 0.250521 0.462037 0.251042 0.458333 0.252604 0.452778 0.252083 0.444444 0.252604 0.434259 0.253125 0.427778 0.253646 0.420370 0.254688 0.414815 0.254167 0.412037 0.255208 0.408333 0.255729 0.400926 0.255729 0.392593 0.255729 0.389815 0.256771 0.387037 0.256771 0.385185 0.256250 0.384259 0.256250 0.382407 0.257292 0.378704 0.257812 0.373148 0.257292 0.369444 0.257812 0.362963 0.258854 0.360185 0.259375 0.354630 0.259896 0.341667 0.260417 0.335185 0.261458 0.331481 0.261458 0.324074 0.262500 0.319444 0.263021 0.313889 0.263021 0.306481 0.264062 0.302778 0.264062 0.297222 0.265104 0.291667 0.265625 0.279630 0.266146 0.274074 0.267188 0.269444 0.267708 0.262963 0.268229 0.256481 0.268229 0.241667 0.269271 0.230556 0.269792 0.224074 0.270833 0.220370 0.270833 0.218519 0.270313 0.213889 0.271354 0.207407 0.270833 0.202778 0.271875 0.199074 0.271875 0.195370 0.272917 0.192593 0.272917 0.187037 0.273438 0.181481 0.274479 0.179630 0.275000 0.175926 0.275000 0.170370 0.276562 0.160185 0.276562 0.150926 0.277083 0.142593 0.278125 0.132407 0.278646 0.126852 0.279687 0.123148 0.279167 0.118519 0.279687 0.112037 0.280729 0.106481 0.281250 0.100000 0.281250 0.096296 0.280729 0.092593 0.277604 0.087037 0.275521 0.082407 0.273438 0.075926 0.273438 0.074074 0.272396 0.072222 0.271875 0.070370 0.272396 0.067593 0.273438 0.067593 0.277083 0.064815 0.280729 0.063889 0.281771 0.062963 0.282813 0.062037 0.283333 0.061111 0.283333 0.060185 0.284375 0.058333 0.285938 0.052778 0.285938 0.050000 0.286458 0.047222 0.289062 0.042593 0.291667 0.042593
1 0.907813 0.881481 0.906250 0.883333 0.907292 0.884259 0.909375 0.883333 0.907813 0.881481
1 0.890625 0.432407 0.890625 0.436111 0.891667 0.436111 0.892708 0.435185 0.893750 0.432407 0.890625 0.432407
1 0.587500 0.422222 0.586979 0.425000 0.588542 0.425000 0.588542 0.421296 0.587500 0.422222
1 0.404167 0.378704 0.404167 0.381481 0.405208 0.379630 0.404167 0.378704
1 0.585417 0.344444 0.589063 0.345370 0.590625 0.346296 0.591667 0.347222 0.592187 0.348148 0.592708 0.350000 0.592187 0.358333 0.592187 0.360185 0.592187 0.371296 0.592708 0.379630 0.592708 0.391667 0.594792 0.394444 0.598437 0.394444 0.600521 0.398148 0.601562 0.399074 0.603125 0.399074 0.607812 0.398148 0.610417 0.399074 0.612500 0.401852 0.613542 0.401852 0.620313 0.401852 0.622917 0.407407 0.621354 0.411111 0.622396 0.412037 0.623437 0.413889 0.621875 0.416667 0.622396 0.420370 0.621354 0.423148 0.621354 0.425000 0.619792 0.427778 0.610417 0.427778 0.608333 0.426852 0.607292 0.425926 0.606771 0.425000 0.604688 0.420370 0.603646 0.419444 0.602604 0.418519 0.600521 0.418519 0.596875 0.415741 0.593750 0.415741 0.592187 0.414815 0.585417 0.413889 0.586458 0.407407 0.588542 0.407407 0.591146 0.410185 0.592187 0.409259 0.592708 0.407407 0.591667 0.403704 0.588542 0.407407 0.586458 0.407407 0.580729 0.407407 0.581771 0.409259 0.586458 0.407407 0.585417 0.413889 0.584375 0.414815 0.583854 0.417593 0.583333 0.418519 0.581250 0.421296 0.583854 0.425000 0.582812 0.427778 0.582812 0.429630 0.583333 0.430556 0.583333 0.432407 0.582812 0.433333 0.582812 0.436111 0.584896 0.439815 0.585938 0.439815 0.586979 0.440741 0.589063 0.444444 0.589583 0.447222 0.589583 0.449074 0.588021 0.452778 0.588021 0.456481 0.589583 0.459259 0.590104 0.462037 0.590104 0.463889 0.588542 0.466667 0.589063 0.471296 0.588542 0.473148 0.587500 0.475000 0.585938 0.475926 0.585417 0.477778 0.583854 0.478704 0.583333 0.477778 0.581250 0.477778 0.580729 0.475000 0.579688 0.473148 0.576562 0.472222 0.576562 0.470370 0.575000 0.467593 0.573438 0.466667 0.574479 0.462963 0.576562 0.462963 0.578646 0.464815 0.580729 0.465741 0.582292 0.463889 0.581250 0.461111 0.579688 0.461111 0.578125 0.458333 0.576562 0.460185 0.576562 0.462963 0.574479 0.462963 0.574479 0.457407 0.575521 0.455556 0.577083 0.454630 0.578646 0.451852 0.578125 0.445370 0.577083 0.443519 0.577083 0.440741 0.577604 0.439815 0.577604 0.437037 0.576562 0.435185 0.578125 0.432407 0.577604 0.430556 0.577083 0.430556 0.576562 0.429630 0.576042 0.426852 0.575000 0.425000 0.573958 0.423148 0.572917 0.421296 0.571875 0.420370 0.569792 0.420370 0.568229 0.419444 0.567187 0.417593 0.558854 0.418519 0.556771 0.418519 0.554167 0.415741 0.547917 0.416667 0.546875 0.416667 0.546875 0.411111 0.546354 0.404630 0.546875 0.403704 0.547396 0.402778 0.547917 0.407407 0.547917 0.410185 0.548958 0.412037 0.550521 0.412037 0.553125 0.410185 0.555208 0.407407 0.556771 0.405556 0.558333 0.402778 0.558854 0.400926 0.557292 0.398148 0.556250 0.398148 0.554688 0.400000 0.553125 0.400926 0.551562 0.401852 0.548438 0.401852 0.547396 0.402778 0.546875 0.403704 0.546875 0.398148 0.547917 0.398148 0.548958 0.396296 0.548958 0.393519 0.555208 0.392593 0.558333 0.392593 0.568750 0.393519 0.572396 0.392593 0.574479 0.391667 0.575000 0.390741 0.576042 0.389815 0.575000 0.387037 0.577083 0.385185 0.578125 0.383333 0.577604 0.381481 0.577604 0.379630 0.578646 0.377778 0.578646 0.375000 0.577604 0.373148 0.578125 0.371296 0.578646 0.368519 0.578646 0.365741 0.579688 0.362963 0.578646 0.359259 0.578646 0.357407 0.579167 0.355556 0.580208 0.353704 0.580729 0.351852 0.580208 0.350000 0.580208 0.348148 0.581250 0.346296 0.582292 0.345370 0.583854 0.344444 0.585417 0.344444
1 0.879167 0.335185 0.879167 0.336111 0.877604 0.337963 0.878125 0.339815 0.878646 0.341667 0.881250 0.341667 0.882292 0.340741 0.881771 0.337963 0.880729 0.336111 0.880729 0.335185 0.879167 0.335185
2 0.891667 0.403704 0.890104 0.404630 0.889062 0.405556 0.887500 0.408333 0.885938 0.413889 0.885417 0.416667 0.885417 0.430556 0.886458 0.437037 0.886458 0.443519 0.887500 0.449074 0.887500 0.457407 0.889062 0.468519 0.889062 0.475926 0.890104 0.480556 0.890104 0.485185 0.891146 0.489815 0.891146 0.491667 0.890625 0.492593 0.890625 0.494444 0.892708 0.501852 0.893750 0.504630 0.894792 0.507407 0.895833 0.509259 0.897917 0.509259 0.900521 0.508333 0.902604 0.504630 0.902604 0.497222 0.902083 0.480556 0.901563 0.468519 0.901042 0.459259 0.898958 0.455556 0.898438 0.450926 0.898438 0.449074 0.899479 0.445370 0.898438 0.436111 0.898438 0.426852 0.897917 0.413889 0.897396 0.410185 0.895833 0.405556 0.894792 0.403704 0.891667 0.403704
3 0.597396 0.400926 0.598437 0.401852 0.600521 0.402778 0.607812 0.403704 0.607812 0.404630 0.608854 0.406481 0.609896 0.407407 0.607812 0.409259 0.607292 0.412037 0.605729 0.414815 0.608854 0.414815 0.610417 0.416667 0.613021 0.417593 0.612500 0.421296 0.614062 0.421296 0.614583 0.420370 0.617188 0.421296 0.616667 0.423148 0.616146 0.425000 0.619271 0.424074 0.620313 0.422222 0.620833 0.419444 0.621354 0.418519 0.622917 0.417593 0.622396 0.403704 0.621354 0.403704 0.620313 0.401852 0.619271 0.400926 0.607812 0.400926 0.607292 0.400000 0.597396 0.400926
3 0.580729 0.346296 0.580208 0.348148 0.579688 0.355556 0.579167 0.365741 0.579167 0.391667 0.578646 0.394444 0.577604 0.396296 0.569792 0.396296 0.560417 0.395370 0.557813 0.393519 0.548958 0.394444 0.548958 0.395370 0.547917 0.397222 0.547396 0.400000 0.546875 0.402778 0.546875 0.415741 0.547917 0.417593 0.549479 0.418519 0.560937 0.418519 0.564063 0.420370 0.570312 0.420370 0.572917 0.418519 0.575521 0.418519 0.578125 0.423148 0.577604 0.427778 0.577604 0.429630 0.578125 0.430556 0.578125 0.433333 0.577083 0.447222 0.577083 0.450000 0.578125 0.452778 0.576562 0.455556 0.576562 0.457407 0.576562 0.463889 0.577083 0.474074 0.578125 0.475000 0.579167 0.475926 0.581250 0.475926 0.581771 0.476852 0.583333 0.476852 0.586979 0.475926 0.588021 0.475000 0.589063 0.471296 0.589583 0.450000 0.589583 0.426852 0.590625 0.423148 0.591146 0.417593 0.590625 0.412037 0.590625 0.410185 0.591146 0.406481 0.591146 0.403704 0.592187 0.399074 0.591667 0.396296 0.591667 0.388889 0.591146 0.387963 0.591667 0.380556 0.591146 0.375926 0.591667 0.348148 0.590104 0.346296 0.588542 0.345370 0.580729 0.346296
