0 0.887500 0.821296 0.886458 0.822222 0.884375 0.825926 0.883854 0.827778 0.884375 0.833333 0.883854 0.837037 0.883854 0.838889 0.884375 0.841667 0.884896 0.843519 0.886979 0.847222 0.888542 0.848148 0.889583 0.849074 0.890104 0.850000 0.890104 0.850926 0.893750 0.852778 0.895312 0.852778 0.898438 0.851852 0.898958 0.850000 0.901042 0.849074 0.902604 0.845370 0.904167 0.844444 0.904687 0.842593 0.904687 0.838889 0.903646 0.833333 0.901563 0.830556 0.901042 0.827778 0.900521 0.826852 0.898438 0.824074 0.897396 0.823148 0.896354 0.822222 0.894792 0.821296 0.887500 0.821296
0 0.341667 0.694444 0.340104 0.695370 0.338542 0.696296 0.337500 0.697222 0.335938 0.700000 0.334896 0.702778 0.334375 0.707407 0.334375 0.716667 0.334896 0.718519 0.335938 0.721296 0.336979 0.724074 0.339062 0.726852 0.340104 0.727778 0.341667 0.728704 0.345833 0.728704 0.348958 0.727778 0.352604 0.721296 0.353125 0.718519 0.353125 0.706481 0.352604 0.703704 0.352083 0.701852 0.350521 0.700000 0.350521 0.699074 0.348958 0.696296 0.347396 0.695370 0.345833 0.694444 0.341667 0.694444
0 0.834896 0.620370 0.833333 0.621296 0.829688 0.624074 0.826562 0.626852 0.826042 0.628704 0.825521 0.630556 0.825000 0.636111 0.825521 0.637963 0.827083 0.640741 0.827083 0.643519 0.827604 0.645370 0.828125 0.647222 0.829688 0.650000 0.830729 0.650926 0.835938 0.653704 0.839063 0.653704 0.841146 0.652778 0.842708 0.651852 0.844271 0.650000 0.845313 0.648148 0.845833 0.640741 0.845833 0.633333 0.845313 0.631481 0.844271 0.628704 0.841146 0.623148 0.839583 0.622222 0.838021 0.621296 0.834896 0.620370
0 0.560417 0.444444 0.558854 0.445370 0.557292 0.447222 0.555729 0.450000 0.555208 0.451852 0.554688 0.453704 0.554167 0.456481 0.554167 0.463889 0.554688 0.466667 0.555729 0.469444 0.558333 0.474074 0.559375 0.475000 0.560417 0.475926 0.562500 0.476852 0.565625 0.476852 0.567708 0.475926 0.569271 0.473148 0.569271 0.472222 0.571354 0.469444 0.571875 0.468519 0.572396 0.466667 0.571875 0.460185 0.572917 0.456481 0.571354 0.451852 0.568229 0.446296 0.567187 0.445370 0.565625 0.444444 0.560417 0.444444
0 0.259375 0.395370 0.256250 0.398148 0.255208 0.400000 0.254688 0.400000 0.254167 0.400926 0.254167 0.401852 0.253125 0.403704 0.252604 0.407407 0.252604 0.412037 0.253646 0.416667 0.254167 0.418519 0.255208 0.421296 0.258333 0.425926 0.260417 0.426852 0.263021 0.427778 0.266146 0.427778 0.267708 0.426852 0.268750 0.425926 0.271875 0.420370 0.272396 0.418519 0.272917 0.414815 0.272917 0.411111 0.272396 0.408333 0.271875 0.406481 0.270313 0.402778 0.268750 0.400000 0.267188 0.398148 0.266146 0.397222 0.265104 0.396296 0.263542 0.395370 0.259375 0.395370
0 0.714583 0.378704 0.713021 0.379630 0.710938 0.381481 0.709896 0.382407 0.709375 0.383333 0.709375 0.384259 0.708333 0.386111 0.707812 0.387963 0.707292 0.391667 0.707292 0.397222 0.707812 0.400000 0.709375 0.402778 0.709896 0.405556 0.711979 0.409259 0.713021 0.410185 0.714583 0.411111 0.719792 0.411111 0.721875 0.408333 0.723437 0.405556 0.723437 0.404630 0.725521 0.401852 0.726562 0.398148 0.726562 0.390741 0.726042 0.387963 0.725521 0.386111 0.724479 0.384259 0.724479 0.383333 0.723958 0.382407 0.722917 0.381481 0.720833 0.379630 0.718229 0.378704 0.714583 0.378704
0 0.431771 0.162037 0.428646 0.164815 0.426563 0.167593 0.426042 0.169444 0.425521 0.171296 0.425521 0.179630 0.426042 0.184259 0.427083 0.188889 0.428646 0.191667 0.429688 0.192593 0.431250 0.193519 0.435417 0.194444 0.437500 0.193519 0.439063 0.192593 0.441146 0.188889 0.441667 0.186111 0.442188 0.183333 0.442188 0.175000 0.441146 0.173148 0.441146 0.171296 0.440104 0.168519 0.438021 0.164815 0.436979 0.163889 0.435937 0.162963 0.433854 0.162963 0.433333 0.162037 0.431771 0.162037
0 0.268229 0.150926 0.266667 0.151852 0.265625 0.152778 0.264583 0.154630 0.264062 0.156481 0.263542 0.158333 0.263542 0.172222 0.264062 0.175000 0.265104 0.178704 0.266146 0.179630 0.267708 0.180556 0.271354 0.181481 0.271875 0.182407 0.272917 0.182407 0.275521 0.181481 0.278125 0.178704 0.279167 0.176852 0.279687 0.175000 0.280208 0.171296 0.280208 0.163889 0.279687 0.160185 0.279167 0.158333 0.276042 0.152778 0.275000 0.151852 0.273438 0.150926 0.268229 0.150926
0 0.376563 0.105556 0.375521 0.106481 0.374479 0.107407 0.371875 0.112037 0.371354 0.114815 0.371354 0.121296 0.371875 0.125926 0.372917 0.130556 0.373958 0.133333 0.375521 0.136111 0.376563 0.137037 0.379167 0.137963 0.381250 0.137963 0.381771 0.137037 0.384375 0.137037 0.385417 0.136111 0.386979 0.133333 0.387500 0.129630 0.387500 0.117593 0.386979 0.113889 0.386458 0.112037 0.383854 0.107407 0.382812 0.106481 0.381250 0.105556 0.376563 0.105556
0 0.338021 0.102778 0.335417 0.104630 0.334375 0.106481 0.333333 0.109259 0.332813 0.111111 0.332292 0.112963 0.332292 0.119444 0.334896 0.128704 0.335938 0.130556 0.337500 0.132407 0.338542 0.133333 0.341146 0.134259 0.342187 0.134259 0.345313 0.133333 0.347917 0.129630 0.348958 0.126852 0.349479 0.124074 0.349479 0.114815 0.348958 0.112037 0.348438 0.110185 0.345313 0.104630 0.344271 0.103704 0.342708 0.102778 0.338021 0.102778
0 0.272396 0.083333 0.271354 0.084259 0.270313 0.085185 0.268750 0.087037 0.268229 0.088889 0.267708 0.090741 0.267708 0.100000 0.268229 0.103704 0.268750 0.105556 0.269792 0.107407 0.269792 0.108333 0.270313 0.109259 0.271354 0.110185 0.272396 0.111111 0.275000 0.112037 0.279167 0.112963 0.280208 0.112037 0.281771 0.111111 0.282813 0.110185 0.283333 0.109259 0.283854 0.107407 0.284375 0.105556 0.284375 0.093519 0.282813 0.087963 0.281250 0.085185 0.280208 0.084259 0.278125 0.083333 0.272396 0.083333
3 0.580729 0.337963 0.578125 0.338889 0.577083 0.340741 0.576562 0.342593 0.576042 0.348148 0.575521 0.375926 0.576042 0.382407 0.576042 0.384259 0.575521 0.389815 0.575000 0.391667 0.572396 0.393519 0.566667 0.393519 0.548958 0.391667 0.546354 0.391667 0.544792 0.392593 0.543750 0.393519 0.543229 0.394444 0.542708 0.396296 0.542188 0.402778 0.542188 0.406481 0.542708 0.407407 0.542708 0.412037 0.543229 0.413889 0.544792 0.414815 0.546354 0.416667 0.551562 0.417593 0.559896 0.418519 0.570833 0.417593 0.571875 0.419444 0.572396 0.419444 0.573438 0.421296 0.573958 0.423148 0.574479 0.425000 0.575000 0.440741 0.574479 0.444444 0.574479 0.446296 0.575521 0.449074 0.575521 0.453704 0.575000 0.463889 0.574479 0.466667 0.574479 0.473148 0.576562 0.476852 0.577604 0.477778 0.584896 0.477778 0.585938 0.476852 0.586458 0.475926 0.586979 0.474074 0.587500 0.471296 0.586979 0.463889 0.586979 0.462037 0.586979 0.449074 0.588021 0.444444 0.588021 0.425000 0.588542 0.423148 0.590104 0.420370 0.591146 0.419444 0.592708 0.419444 0.596354 0.421296 0.600521 0.422222 0.607292 0.423148 0.613542 0.424074 0.617708 0.424074 0.619792 0.423148 0.620833 0.421296 0.622396 0.415741 0.622396 0.400926 0.621875 0.399074 0.621354 0.398148 0.620313 0.397222 0.614583 0.396296 0.605729 0.395370 0.604688 0.395370 0.601562 0.396296 0.596354 0.395370 0.595833 0.396296 0.591146 0.396296 0.590104 0.395370 0.589063 0.393519 0.588542 0.388889 0.588542 0.381481 0.589063 0.344444 0.588542 0.341667 0.587500 0.339815 0.586458 0.338889 0.583333 0.337963 0.580729 0.337963
1 0.888542 0.000000 0.889062 0.001852 0.890104 0.001852 0.891146 0.002778 0.891667 0.006481 0.892708 0.012037 0.893229 0.015741 0.894271 0.017593 0.895833 0.018519 0.897917 0.018519 0.900000 0.022222 0.901042 0.023148 0.902604 0.023148 0.904167 0.024074 0.905729 0.025926 0.906771 0.028704 0.907292 0.032407 0.906771 0.034259 0.905729 0.036111 0.904687 0.037037 0.900000 0.037037 0.898958 0.037963 0.898438 0.040741 0.899479 0.042593 0.898958 0.044444 0.898438 0.047222 0.897917 0.055556 0.897917 0.057407 0.898958 0.060185 0.898958 0.062037 0.898438 0.071296 0.898958 0.084259 0.900000 0.088889 0.900000 0.091667 0.899479 0.100000 0.900000 0.105556 0.901042 0.109259 0.901042 0.112963 0.901563 0.115741 0.902604 0.118519 0.903125 0.121296 0.903125 0.123148 0.902604 0.129630 0.904167 0.137963 0.904687 0.142593 0.905208 0.147222 0.905208 0.156481 0.905729 0.164815 0.906771 0.170370 0.906250 0.175000 0.907292 0.179630 0.907292 0.187963 0.907813 0.192593 0.908854 0.196296 0.909375 0.200000 0.909375 0.211111 0.910417 0.213889 0.910417 0.222222 0.911458 0.225926 0.911979 0.233333 0.911458 0.237963 0.912500 0.245370 0.913542 0.261111 0.914062 0.269444 0.913542 0.277778 0.913542 0.280556 0.915104 0.288889 0.915104 0.294444 0.916146 0.299074 0.916146 0.312037 0.917188 0.315741 0.917708 0.323148 0.917708 0.328704 0.918229 0.334259 0.919271 0.337963 0.919271 0.342593 0.920312 0.345370 0.920833 0.350926 0.920312 0.354630 0.920312 0.356481 0.921354 0.362037 0.920833 0.371296 0.921354 0.374074 0.921875 0.375926 0.923438 0.379630 0.922917 0.383333 0.923438 0.389815 0.907813 0.395370 0.907292 0.391667 0.905729 0.392593 0.904167 0.392593 0.901563 0.387963 0.902083 0.383333 0.900521 0.380556 0.899479 0.381481 0.898438 0.381481 0.898438 0.384259 0.898958 0.384259 0.900000 0.387037 0.898438 0.387037 0.896354 0.387963 0.895312 0.388889 0.894271 0.390741 0.894792 0.394444 0.894271 0.396296 0.892708 0.396296 0.892188 0.395370 0.890625 0.395370 0.890625 0.392593 0.892188 0.391667 0.891146 0.387037 0.892188 0.383333 0.892188 0.378704 0.893229 0.376852 0.892708 0.374074 0.891667 0.372222 0.891146 0.370370 0.891146 0.367593 0.891667 0.366667 0.891667 0.362963 0.892188 0.361111 0.893229 0.359259 0.893750 0.359259 0.893750 0.351852 0.894271 0.346296 0.893750 0.344444 0.892708 0.342593 0.892708 0.337963 0.891667 0.335185 0.891667 0.333333 0.892188 0.332407 0.892188 0.330556 0.891146 0.327778 0.891667 0.321296 0.891146 0.320370 0.891146 0.316667 0.892188 0.313889 0.892188 0.305556 0.891146 0.303704 0.891146 0.297222 0.890625 0.292593 0.889062 0.284259 0.889062 0.278704 0.890104 0.274074 0.889583 0.262037 0.890104 0.254630 0.889583 0.250926 0.888542 0.246296 0.887500 0.244444 0.888021 0.240741 0.886979 0.237963 0.886979 0.236111 0.887500 0.235185 0.887500 0.233333 0.886458 0.230556 0.886979 0.224074 0.885938 0.217593 0.885938 0.215741 0.886458 0.214815 0.886458 0.212037 0.885938 0.209259 0.884896 0.206481 0.884896 0.200926 0.883333 0.199074 0.884896 0.198148 0.884896 0.197222 0.884375 0.192593 0.884375 0.182407 0.883854 0.180556 0.882812 0.178704 0.881250 0.178704 0.880208 0.177778 0.880208 0.175000 0.879167 0.173148 0.879167 0.170370 0.880208 0.168519 0.881250 0.168519 0.881771 0.155556 0.881250 0.153704 0.879687 0.150926 0.879167 0.149074 0.878646 0.147222 0.878646 0.134259 0.878646 0.132407 0.879167 0.131481 0.879167 0.129630 0.878125 0.127778 0.876563 0.126852 0.876042 0.120370 0.876042 0.117593 0.876563 0.115741 0.877604 0.113889 0.877604 0.100926 0.876563 0.095370 0.876042 0.081481 0.876042 0.079630 0.876563 0.075000 0.876042 0.074074 0.876042 0.069444 0.873958 0.065741 0.872396 0.064815 0.871875 0.062037 0.873437 0.060185 0.866667 0.060185 0.865104 0.060185 0.860417 0.058333 0.842187 0.059259 0.838542 0.059259 0.821875 0.057407 0.820833 0.057407 0.816146 0.059259 0.801562 0.060185 0.797917 0.060185 0.790104 0.058333 0.786979 0.059259 0.785937 0.059259 0.780208 0.058333 0.773438 0.060185 0.770312 0.060185 0.763021 0.058333 0.756771 0.057407 0.754687 0.057407 0.745833 0.058333 0.744792 0.060185 0.743229 0.060185 0.738021 0.060185 0.736458 0.060185 0.735938 0.059259 0.733854 0.059259 0.732292 0.061111 0.722396 0.061111 0.721354 0.059259 0.711979 0.059259 0.710417 0.061111 0.708854 0.061111 0.705729 0.060185 0.703125 0.062037 0.702083 0.062037 0.696875 0.062037 0.694792 0.062037 0.688542 0.061111 0.685937 0.059259 0.682292 0.062037 0.679167 0.062963 0.675521 0.062037 0.672396 0.062963 0.670833 0.064815 0.668750 0.065741 0.661979 0.062963 0.658333 0.063889 0.656771 0.063889 0.642708 0.062963 0.630208 0.063889 0.627604 0.065741 0.619792 0.066667 0.613542 0.066667 0.605208 0.064815 0.601562 0.064815 0.592708 0.066667 0.588542 0.065741 0.585417 0.067593 0.583854 0.067593 0.580729 0.066667 0.567187 0.067593 0.557813 0.069444 0.556771 0.069444 0.553646 0.067593 0.537500 0.069444 0.521354 0.069444 0.511979 0.071296 0.489063 0.070370 0.486458 0.070370 0.475000 0.071296 0.468229 0.073148 0.458854 0.073148 0.447396 0.072222 0.442188 0.073148 0.439583 0.075000 0.415625 0.075000 0.410417 0.075926 0.406771 0.076852 0.405208 0.078704 0.400000 0.078704 0.397917 0.081481 0.396875 0.082407 0.391667 0.082407 0.389583 0.082407 0.386979 0.080556 0.384896 0.082407 0.382292 0.082407 0.381250 0.081481 0.379688 0.078704 0.369792 0.079630 0.366667 0.078704 0.363542 0.080556 0.361458 0.080556 0.357812 0.079630 0.356771 0.081481 0.348958 0.081481 0.346875 0.079630 0.344271 0.079630 0.342187 0.081481 0.340625 0.081481 0.311979 0.079630 0.309896 0.079630 0.307812 0.081481 0.305208 0.081481 0.304688 0.080556 0.302083 0.080556 0.296875 0.080556 0.291146 0.081481 0.288021 0.082407 0.287500 0.083333 0.285417 0.083333 0.284375 0.082407 0.283854 0.079630 0.282813 0.077778 0.280729 0.077778 0.280208 0.076852 0.278646 0.077778 0.279687 0.080556 0.277604 0.080556 0.277083 0.079630 0.274479 0.079630 0.271875 0.081481 0.270833 0.083333 0.270833 0.084259 0.268750 0.087037 0.268750 0.089815 0.268750 0.091667 0.267708 0.094444 0.268229 0.096296 0.268750 0.101852 0.270313 0.106481 0.270833 0.107407 0.272396 0.108333 0.270833 0.112037 0.272396 0.115741 0.270313 0.119444 0.269792 0.123148 0.269792 0.129630 0.268750 0.132407 0.268750 0.135185 0.269792 0.137037 0.269792 0.138889 0.270313 0.140741 0.272396 0.143519 0.270833 0.147222 0.271875 0.149074 0.272917 0.149074 0.273958 0.150000 0.270313 0.151852 0.268750 0.154630 0.267708 0.154630 0.266667 0.156481 0.266146 0.158333 0.265104 0.159259 0.264583 0.162037 0.265625 0.163889 0.264062 0.167593 0.265625 0.171296 0.264583 0.175000 0.266146 0.177778 0.266667 0.181481 0.266667 0.186111 0.268229 0.188889 0.266667 0.190741 0.266667 0.197222 0.265625 0.202778 0.265625 0.207407 0.266667 0.212037 0.266667 0.215741 0.265104 0.222222 0.264583 0.226852 0.264062 0.230556 0.264583 0.237037 0.265104 0.239815 0.265104 0.247222 0.264062 0.250926 0.264583 0.254630 0.263542 0.257407 0.263021 0.261111 0.263021 0.268519 0.261979 0.272222 0.261458 0.275926 0.261979 0.281481 0.262500 0.282407 0.262500 0.286111 0.260937 0.288889 0.260937 0.290741 0.261458 0.291667 0.261458 0.293519 0.260417 0.296296 0.259896 0.300000 0.259375 0.304630 0.259375 0.309259 0.259896 0.310185 0.259896 0.313889 0.259896 0.322222 0.259896 0.325926 0.258854 0.330556 0.258333 0.334259 0.258854 0.337963 0.257812 0.345370 0.257812 0.353704 0.256771 0.362037 0.257292 0.366667 0.256250 0.369444 0.256771 0.376852 0.257812 0.378704 0.257812 0.381481 0.257292 0.382407 0.257292 0.384259 0.258333 0.387037 0.257292 0.389815 0.257812 0.392593 0.256250 0.396296 0.255729 0.399074 0.254167 0.401852 0.253646 0.403704 0.254167 0.410185 0.254167 0.412037 0.253646 0.414815 0.253125 0.416667 0.251563 0.417593 0.251042 0.418519 0.248958 0.423148 0.248438 0.425000 0.249479 0.428704 0.249479 0.435185 0.248958 0.437037 0.248438 0.438889 0.246875 0.439815 0.245833 0.441667 0.246354 0.443519 0.246875 0.443519 0.247917 0.445370 0.247917 0.447222 0.246354 0.450926 0.244271 0.452778 0.244792 0.457407 0.243750 0.459259 0.243750 0.461111 0.244792 0.462963 0.242708 0.466667 0.243229 0.468519 0.244792 0.473148 0.245312 0.474074 0.246354 0.475000 0.247917 0.475926 0.252604 0.475926 0.253125 0.478704 0.252083 0.482407 0.252083 0.484259 0.252604 0.490741 0.252083 0.498148 0.251042 0.503704 0.250521 0.511111 0.250521 0.521296 0.250000 0.524074 0.248438 0.528704 0.247917 0.531481 0.247396 0.537037 0.246875 0.542593 0.247396 0.549074 0.246875 0.555556 0.247396 0.562963 0.246354 0.566667 0.245833 0.570370 0.246354 0.586111 0.245833 0.590741 0.244271 0.597222 0.244271 0.606481 0.243229 0.611111 0.242708 0.621296 0.242708 0.625926 0.243229 0.626852 0.243229 0.631481 0.242708 0.645370 0.241146 0.653704 0.240625 0.659259 0.240625 0.667593 0.239583 0.675000 0.239063 0.685185 0.239063 0.702778 0.237500 0.713889 0.237500 0.734259 0.236458 0.743519 0.236458 0.750926 0.237500 0.753704 0.237500 0.756481 0.236979 0.757407 0.236979 0.761111 0.235937 0.765741 0.235937 0.774074 0.234896 0.779630 0.234896 0.786111 0.233854 0.789815 0.233333 0.800926 0.232813 0.818519 0.232813 0.821296 0.233333 0.828704 0.232813 0.833333 0.232292 0.837963 0.231250 0.841667 0.231771 0.851852 0.231771 0.855556 0.230729 0.860185 0.230208 0.867593 0.230208 0.871296 0.230729 0.872222 0.230208 0.875926 0.232292 0.879630 0.232292 0.881481 0.232813 0.884259 0.232813 0.887037 0.236458 0.887963 0.253646 0.887963 0.256250 0.887963 0.266146 0.886111 0.294792 0.887037 0.297917 0.887037 0.302604 0.886111 0.310417 0.887037 0.324479 0.887037 0.341667 0.885185 0.365625 0.887037 0.375521 0.887037 0.378646 0.887037 0.383333 0.885185 0.392708 0.887037 0.395313 0.887037 0.399479 0.886111 0.410938 0.886111 0.414583 0.887963 0.420833 0.887963 0.421875 0.887963 0.427083 0.887037 0.436458 0.887037 0.440625 0.887037 0.450521 0.887963 0.452083 0.886111 0.453646 0.886111 0.456250 0.887963 0.457292 0.887963 0.463542 0.887963 0.477083 0.887963 0.480729 0.886111 0.490104 0.887963 0.491667 0.887963 0.497917 0.887963 0.507812 0.886111 0.509896 0.886111 0.514583 0.886111 0.515625 0.886111 0.521354 0.886111 0.522917 0.886111 0.525521 0.887963 0.533333 0.887963 0.535937 0.886111 0.536979 0.887037 0.538542 0.887963 0.539583 0.888889 0.541667 0.887037 0.545312 0.887963 0.547396 0.887963 0.548958 0.886111 0.551562 0.886111 0.553125 0.887963 0.556771 0.887037 0.560937 0.887963 0.563021 0.887037 0.563542 0.886111 0.564583 0.886111 0.566667 0.887963 0.576562 0.887037 0.578646 0.887037 0.581250 0.888889 0.583854 0.887037 0.585938 0.887037 0.590625 0.887037 0.593229 0.887037 0.603646 0.887963 0.605729 0.886111 0.607812 0.887963 0.611458 0.887963 0.619271 0.886111 0.620313 0.886111 0.628125 0.887963 0.632292 0.887037 0.634375 0.887037 0.641667 0.887963 0.645312 0.886111 0.650000 0.887037 0.652604 0.887037 0.656771 0.887037 0.657813 0.887037 0.662500 0.886111 0.664062 0.887963 0.671354 0.888889 0.680729 0.888889 0.688021 0.887037 0.690625 0.887037 0.695312 0.887963 0.704688 0.887037 0.713021 0.888889 0.716146 0.887963 0.722396 0.888889 0.727604 0.887963 0.730729 0.886111 0.734896 0.887963 0.742708 0.887037 0.745833 0.887037 0.746354 0.887963 0.749479 0.887963 0.751563 0.884259 0.753646 0.887037 0.756250 0.887037 0.763021 0.887037 0.766667 0.887037 0.772917 0.886111 0.781771 0.887963 0.783854 0.887963 0.787500 0.887037 0.796875 0.887963 0.800000 0.886111 0.802604 0.887963 0.804688 0.887963 0.806771 0.886111 0.810417 0.887963 0.813021 0.886111 0.827083 0.885185 0.829167 0.885185 0.834896 0.887037 0.843750 0.887963 0.845833 0.887963 0.852083 0.887963 0.854167 0.886111 0.863021 0.885185 0.870313 0.885185 0.872917 0.887037 0.875521 0.884259 0.877604 0.884259 0.883333 0.885185 0.885938 0.883333 0.887500 0.883333 0.889062 0.885185 0.891146 0.886111 0.893750 0.887037 0.894792 0.885185 0.896354 0.885185 0.896875 0.884259 0.897917 0.884259 0.900521 0.886111 0.904167 0.883333 0.909375 0.883333 0.910417 0.880556 0.911979 0.879630 0.918229 0.880556 0.919271 0.878704 0.919792 0.876852 0.919271 0.875000 0.918229 0.873148 0.919271 0.869444 0.919271 0.864815 0.918229 0.860185 0.918229 0.858333 0.918229 0.851852 0.919271 0.849074 0.918750 0.847222 0.917708 0.845370 0.916146 0.844444 0.912500 0.845370 0.910937 0.845370 0.909896 0.843519 0.909375 0.841667 0.907813 0.840741 0.907813 0.837037 0.908854 0.835185 0.909375 0.835185 0.910937 0.832407 0.910937 0.830556 0.912500 0.829630 0.914583 0.830556 0.916146 0.827778 0.916146 0.823148 0.917188 0.819444 0.917708 0.812963 0.917708 0.806481 0.917188 0.777778 0.916146 0.766667 0.917188 0.762037 0.917188 0.758333 0.917188 0.751852 0.916146 0.748148 0.916146 0.737037 0.915104 0.730556 0.915625 0.723148 0.914583 0.717593 0.915104 0.713889 0.914062 0.702778 0.914583 0.698148 0.912500 0.688889 0.913021 0.681481 0.912500 0.669444 0.911979 0.666667 0.908854 0.665741 0.908333 0.671296 0.906771 0.670370 0.906771 0.669444 0.906250 0.667593 0.907292 0.666667 0.908333 0.666667 0.908333 0.662963 0.907813 0.662963 0.906771 0.658333 0.907813 0.655556 0.910937 0.656481 0.911979 0.654630 0.911979 0.652778 0.911458 0.650926 0.910417 0.649074 0.909896 0.647222 0.911458 0.644444 0.911458 0.639815 0.907813 0.638889 0.906250 0.637037 0.904687 0.637037 0.904687 0.634259 0.905729 0.632407 0.906771 0.627778 0.907292 0.622222 0.906771 0.616667 0.906771 0.614815 0.906771 0.607407 0.906771 0.603704 0.907813 0.595370 0.907813 0.593519 0.907292 0.590741 0.906250 0.587963 0.906250 0.585185 0.906771 0.580556 0.906250 0.574074 0.905729 0.571296 0.904687 0.569444 0.904167 0.567593 0.904167 0.564815 0.904687 0.563889 0.904687 0.560185 0.905729 0.558333 0.905729 0.555556 0.904687 0.552778 0.904687 0.548148 0.904687 0.539815 0.905208 0.528704 0.904167 0.523148 0.904167 0.500000 0.903646 0.496296 0.902604 0.493519 0.902604 0.488889 0.903125 0.487037 0.904687 0.483333 0.908854 0.483333 0.909375 0.482407 0.909896 0.481481 0.910937 0.481481 0.911979 0.479630 0.911979 0.474074 0.910937 0.472222 0.908854 0.471296 0.908854 0.470370 0.907813 0.468519 0.905208 0.471296 0.904167 0.471296 0.904167 0.468519 0.905208 0.468519 0.906250 0.466667 0.906250 0.464815 0.905208 0.462963 0.904167 0.462963 0.907292 0.462963 0.907813 0.461111 0.910937 0.461111 0.904687 0.458333 0.903646 0.457407 0.903646 0.454630 0.904687 0.452778 0.903125 0.450000 0.903125 0.447222 0.903646 0.442593 0.902604 0.439815 0.902083 0.437037 0.902083 0.435185 0.903125 0.433333 0.903646 0.433333 0.904687 0.431481 0.903646 0.428704 0.904167 0.426852 0.904687 0.425926 0.904167 0.422222 0.905208 0.419444 0.905208 0.414815 0.904167 0.412963 0.903646 0.411111 0.906250 0.401852 0.906250 0.399074 0.904167 0.394444 0.904167 0.392593 0.905729 0.392593 0.907813 0.395370 0.923438 0.389815 0.925000 0.393519 0.924479 0.400000 0.924479 0.403704 0.926042 0.407407 0.926562 0.412963 0.926562 0.414815 0.925000 0.417593 0.927604 0.421296 0.927604 0.425000 0.927083 0.428704 0.926042 0.431481 0.927083 0.435185 0.927083 0.441667 0.928646 0.448148 0.928646 0.456481 0.927604 0.459259 0.928125 0.461111 0.928646 0.463889 0.928646 0.469444 0.927604 0.473148 0.927604 0.478704 0.928646 0.484259 0.929167 0.493519 0.929167 0.508333 0.930208 0.511111 0.930208 0.518519 0.931250 0.525926 0.931250 0.533333 0.932292 0.537963 0.932813 0.546296 0.932813 0.557407 0.933333 0.564815 0.934375 0.567593 0.934375 0.569444 0.933854 0.578704 0.934896 0.582407 0.935417 0.597222 0.934896 0.601852 0.935937 0.604630 0.936458 0.610185 0.935937 0.615741 0.937500 0.618519 0.937500 0.622222 0.938021 0.629630 0.938021 0.633333 0.936979 0.636111 0.936979 0.642593 0.937500 0.644444 0.938542 0.646296 0.939063 0.648148 0.939063 0.651852 0.938542 0.652778 0.938542 0.655556 0.939063 0.658333 0.940104 0.660185 0.940625 0.663889 0.940104 0.668519 0.941146 0.670370 0.941146 0.672222 0.940104 0.675926 0.939583 0.681481 0.939583 0.695370 0.940625 0.703704 0.941146 0.714815 0.940625 0.722222 0.940625 0.724074 0.941667 0.730556 0.941667 0.733333 0.941146 0.739815 0.941146 0.744444 0.942187 0.748148 0.942708 0.757407 0.942708 0.762963 0.942187 0.763889 0.942187 0.769444 0.942708 0.784259 0.943750 0.787963 0.944271 0.795370 0.944792 0.802778 0.944271 0.806481 0.945312 0.813889 0.944792 0.827778 0.945312 0.840741 0.946354 0.851852 0.945833 0.856481 0.946875 0.868519 0.946354 0.882407 0.948438 0.887037 0.952604 0.886111 0.953646 0.886111 0.956771 0.887037 0.958854 0.890741 0.960417 0.891667 0.961458 0.893519 0.961458 0.900926 0.960417 0.902778 0.959375 0.903704 0.957812 0.904630 0.955729 0.905556 0.951562 0.906481 0.950000 0.907407 0.948438 0.910185 0.947917 0.912037 0.947396 0.913889 0.947396 0.917593 0.947917 0.923148 0.947396 0.928704 0.946354 0.931481 0.945833 0.935185 0.943229 0.936111 0.942187 0.936111 0.940625 0.935185 0.939063 0.933333 0.936979 0.932407 0.934375 0.932407 0.928646 0.928704 0.927083 0.927778 0.926042 0.925926 0.924479 0.925000 0.923438 0.920370 0.922396 0.919444 0.921354 0.915741 0.921354 0.912963 0.920833 0.911111 0.919792 0.909259 0.918750 0.908333 0.899479 0.908333 0.881771 0.909259 0.868229 0.910185 0.864062 0.912037 0.845313 0.911111 0.839063 0.911111 0.828646 0.912963 0.817708 0.912037 0.810417 0.912037 0.807292 0.913889 0.806250 0.913889 0.776042 0.913889 0.771354 0.912963 0.760938 0.912963 0.755208 0.912963 0.750000 0.914815 0.746875 0.914815 0.741667 0.914815 0.714063 0.912963 0.704688 0.912963 0.694792 0.913889 0.685937 0.915741 0.684375 0.915741 0.677083 0.913889 0.665104 0.912963 0.629687 0.913889 0.626042 0.913889 0.617188 0.913889 0.611979 0.913889 0.593750 0.912037 0.590625 0.912037 0.565625 0.912037 0.562500 0.912037 0.556250 0.912963 0.521354 0.912963 0.514583 0.912963 0.508854 0.911111 0.496354 0.911111 0.493750 0.911111 0.484375 0.911111 0.478646 0.912037 0.475000 0.912037 0.466667 0.910185 0.461979 0.912037 0.458854 0.912037 0.436458 0.912037 0.427083 0.911111 0.423958 0.911111 0.416667 0.912037 0.416146 0.911111 0.408854 0.911111 0.395833 0.912963 0.391667 0.912963 0.384896 0.911111 0.380729 0.912037 0.378125 0.912037 0.359896 0.910185 0.352604 0.911111 0.351562 0.911111 0.346875 0.911111 0.344271 0.911111 0.343750 0.910185 0.340625 0.910185 0.329688 0.910185 0.326042 0.910185 0.319271 0.911111 0.308333 0.911111 0.306250 0.911111 0.281250 0.911111 0.276562 0.911111 0.276042 0.910185 0.271875 0.910185 0.260417 0.910185 0.257812 0.910185 0.250521 0.911111 0.233854 0.910185 0.230729 0.911111 0.228125 0.912963 0.222396 0.912037 0.219271 0.912037 0.218229 0.912963 0.217188 0.914815 0.217188 0.918519 0.218229 0.921296 0.217188 0.923148 0.216667 0.923148 0.216667 0.927778 0.215104 0.930556 0.214583 0.933333 0.213542 0.935185 0.213542 0.936111 0.209896 0.937037 0.208854 0.935185 0.208854 0.932407 0.207813 0.929630 0.207813 0.926852 0.208333 0.925926 0.208333 0.923148 0.207813 0.912963 0.207292 0.911111 0.206771 0.910185 0.206250 0.910185 0.205208 0.908333 0.203646 0.907407 0.201042 0.906481 0.199479 0.906481 0.196875 0.905556 0.195833 0.904630 0.194792 0.903704 0.193750 0.900926 0.194271 0.899074 0.195833 0.896296 0.196875 0.895370 0.198437 0.894444 0.201563 0.893519 0.204167 0.891667 0.205729 0.889815 0.208333 0.885185 0.208854 0.883333 0.209375 0.880556 0.209896 0.875926 0.209896 0.864815 0.210938 0.856481 0.211458 0.838889 0.212500 0.830556 0.212500 0.812037 0.213021 0.797222 0.213542 0.786111 0.214062 0.778704 0.215104 0.773148 0.215104 0.758333 0.216146 0.750000 0.216146 0.740741 0.217188 0.732407 0.217188 0.728704 0.216667 0.727778 0.216667 0.724074 0.217708 0.720370 0.217708 0.708333 0.218750 0.704630 0.219271 0.692593 0.219271 0.681481 0.220312 0.673148 0.219792 0.668519 0.220312 0.660185 0.221354 0.654630 0.221875 0.648148 0.221875 0.628704 0.222396 0.623148 0.223438 0.619444 0.223958 0.610185 0.223958 0.596296 0.224479 0.587963 0.225521 0.580556 0.225521 0.570370 0.226562 0.562963 0.227083 0.553704 0.227083 0.541667 0.227604 0.529630 0.228646 0.524074 0.229167 0.505556 0.230729 0.491667 0.230729 0.479630 0.231771 0.470370 0.231250 0.460185 0.231771 0.458333 0.232292 0.455556 0.232813 0.449074 0.233333 0.442593 0.233854 0.437037 0.233854 0.429630 0.234375 0.423148 0.235417 0.418519 0.235937 0.412037 0.235937 0.405556 0.235417 0.393519 0.236458 0.386111 0.236979 0.374074 0.236979 0.372222 0.236458 0.367593 0.236979 0.356481 0.237500 0.345370 0.238542 0.341667 0.239063 0.337037 0.239583 0.331481 0.240104 0.325926 0.240104 0.306481 0.241146 0.297222 0.241146 0.287037 0.242708 0.273148 0.242708 0.249074 0.243750 0.243519 0.244271 0.235185 0.244271 0.232407 0.243750 0.222222 0.244792 0.217593 0.244792 0.208333 0.246354 0.198148 0.247396 0.186111 0.247396 0.177778 0.248438 0.171296 0.247917 0.167593 0.248438 0.154630 0.249479 0.141667 0.249479 0.125926 0.250000 0.120370 0.250521 0.115741 0.251563 0.112963 0.252083 0.109259 0.252604 0.104630 0.253125 0.097222 0.253125 0.087963 0.252604 0.077778 0.251563 0.075926 0.249479 0.075000 0.247396 0.071296 0.246875 0.068519 0.245833 0.067593 0.245312 0.063889 0.244271 0.062037 0.242188 0.059259 0.241146 0.057407 0.241146 0.055556 0.242708 0.052778 0.243229 0.051852 0.244271 0.050926 0.245312 0.050000 0.246875 0.049074 0.248438 0.048148 0.251563 0.048148 0.252604 0.047222 0.254688 0.043519 0.255208 0.041667 0.255729 0.039815 0.256250 0.037037 0.256250 0.032407 0.257812 0.027778 0.257812 0.025926 0.260417 0.024074 0.261979 0.024074 0.263021 0.025000 0.263542 0.025926 0.264062 0.027778 0.264062 0.028704 0.265625 0.032407 0.265625 0.036111 0.266146 0.037963 0.267188 0.040741 0.268229 0.042593 0.270313 0.044444 0.271875 0.045370 0.277604 0.045370 0.287500 0.045370 0.290104 0.045370 0.310417 0.043519 0.315104 0.044444 0.320833 0.042593 0.337500 0.041667 0.342708 0.042593 0.345833 0.042593 0.363542 0.041667 0.377604 0.039815 0.386979 0.040741 0.402083 0.039815 0.417187 0.037963 0.445312 0.037963 0.470313 0.037037 0.479687 0.035185 0.501042 0.034259 0.527083 0.034259 0.529167 0.032407 0.547917 0.031481 0.572396 0.030556 0.577604 0.031481 0.581250 0.031481 0.585417 0.029630 0.610417 0.029630 0.629167 0.027778 0.631771 0.027778 0.637500 0.028704 0.649479 0.027778 0.654687 0.025926 0.677083 0.026852 0.681771 0.025926 0.683333 0.025926 0.683854 0.026852 0.685417 0.026852 0.688542 0.025000 0.690104 0.025000 0.693229 0.025926 0.716146 0.024074 0.717708 0.024074 0.720833 0.025000 0.734375 0.023148 0.739583 0.024074 0.742708 0.024074 0.743229 0.023148 0.746875 0.024074 0.748437 0.024074 0.763542 0.022222 0.767188 0.022222 0.790104 0.022222 0.796354 0.022222 0.796875 0.023148 0.803125 0.022222 0.804688 0.022222 0.817708 0.023148 0.841146 0.023148 0.858854 0.023148 0.861458 0.022222 0.862500 0.022222 0.869271 0.023148 0.870833 0.021296 0.873958 0.021296 0.875521 0.020370 0.876563 0.019444 0.877604 0.018519 0.879167 0.015741 0.879167 0.013889 0.879687 0.012037 0.880729 0.010185 0.881250 0.010185 0.882292 0.008333 0.882812 0.005556 0.883333 0.004630 0.884896 0.003704 0.886458 0.000000 0.888542 0.000000
1 0.892188 0.448148 0.892708 0.450926 0.893750 0.451852 0.893750 0.447222 0.892188 0.448148
1 0.890625 0.433333 0.890104 0.436111 0.891667 0.438889 0.892188 0.443519 0.892708 0.443519 0.893750 0.444444 0.895312 0.442593 0.897917 0.441667 0.896875 0.439815 0.896875 0.437963 0.896354 0.436111 0.895312 0.434259 0.894271 0.433333 0.890625 0.433333
1 0.732812 0.410185 0.732292 0.411111 0.731250 0.411111 0.732292 0.412037 0.733854 0.410185 0.732812 0.410185
1 0.892188 0.398148 0.891667 0.399074 0.890104 0.399074 0.889583 0.400926 0.890104 0.409259 0.890625 0.411111 0.891667 0.412037 0.892708 0.412037 0.893750 0.412963 0.895312 0.410185 0.895312 0.406481 0.894271 0.402778 0.895312 0.400000 0.894271 0.398148 0.892188 0.398148
1 0.730729 0.396296 0.731250 0.399074 0.731771 0.397222 0.730729 0.396296
1 0.574479 0.348148 0.574479 0.354630 0.575000 0.350926 0.574479 0.350000 0.574479 0.348148
1 0.586458 0.337037 0.587500 0.337963 0.586458 0.339815 0.583333 0.341667 0.585938 0.342593 0.586979 0.343519 0.587500 0.348148 0.588542 0.350000 0.592187 0.350000 0.592708 0.351852 0.592708 0.353704 0.592708 0.357407 0.591667 0.359259 0.590625 0.359259 0.589583 0.360185 0.588542 0.362037 0.590104 0.365741 0.591146 0.365741 0.589583 0.368519 0.589583 0.370370 0.590625 0.373148 0.589063 0.374074 0.588021 0.375926 0.588542 0.377778 0.589583 0.378704 0.592708 0.378704 0.593229 0.387037 0.595833 0.391667 0.598437 0.392593 0.602083 0.393519 0.606771 0.392593 0.608333 0.393519 0.612500 0.392593 0.620313 0.392593 0.621354 0.393519 0.620313 0.395370 0.619271 0.396296 0.617708 0.397222 0.616667 0.398148 0.615104 0.398148 0.614062 0.396296 0.613021 0.395370 0.611458 0.397222 0.613021 0.400000 0.614583 0.401852 0.616667 0.401852 0.617708 0.400000 0.616667 0.398148 0.617708 0.397222 0.619271 0.398148 0.620833 0.400000 0.619271 0.401852 0.618229 0.403704 0.619271 0.405556 0.620313 0.405556 0.621354 0.406481 0.620833 0.411111 0.621875 0.412037 0.622396 0.413889 0.621875 0.415741 0.620833 0.416667 0.619271 0.416667 0.618229 0.418519 0.619271 0.419444 0.620313 0.421296 0.620313 0.425000 0.616667 0.425926 0.609896 0.425926 0.607812 0.425926 0.607292 0.425000 0.604688 0.425000 0.603646 0.423148 0.597396 0.422222 0.590104 0.421296 0.589583 0.418519 0.588021 0.415741 0.585938 0.416667 0.584896 0.417593 0.583333 0.420370 0.583333 0.423148 0.583854 0.425000 0.586979 0.426852 0.587500 0.428704 0.587500 0.430556 0.588021 0.432407 0.591667 0.433333 0.592187 0.435185 0.591146 0.435185 0.589063 0.437037 0.589063 0.437963 0.588021 0.439815 0.587500 0.441667 0.586979 0.444444 0.586979 0.446296 0.587500 0.450926 0.586458 0.459259 0.587500 0.462037 0.587500 0.464815 0.586458 0.466667 0.586458 0.473148 0.585938 0.476852 0.585417 0.478704 0.580729 0.479630 0.580208 0.475926 0.579688 0.474074 0.577604 0.470370 0.576042 0.471296 0.574479 0.473148 0.572917 0.469444 0.572917 0.466667 0.573958 0.461111 0.573958 0.452778 0.572396 0.449074 0.573958 0.442593 0.574479 0.438889 0.573958 0.433333 0.573958 0.425000 0.575521 0.424074 0.576562 0.422222 0.575521 0.419444 0.570833 0.419444 0.567708 0.418519 0.565625 0.416667 0.559896 0.415741 0.554688 0.414815 0.547396 0.414815 0.545312 0.413889 0.544271 0.412963 0.544271 0.411111 0.543750 0.410185 0.543750 0.407407 0.544792 0.404630 0.549479 0.404630 0.551042 0.404630 0.550000 0.402778 0.549479 0.404630 0.544792 0.404630 0.543229 0.400926 0.544792 0.397222 0.544792 0.393519 0.546354 0.391667 0.553125 0.391667 0.559375 0.393519 0.558333 0.397222 0.557292 0.395370 0.555729 0.397222 0.558333 0.397222 0.559375 0.393519 0.560417 0.393519 0.562500 0.391667 0.565104 0.390741 0.569271 0.391667 0.571354 0.391667 0.572917 0.388889 0.573438 0.385185 0.573958 0.370370 0.573438 0.365741 0.573958 0.362963 0.574479 0.361111 0.575521 0.362037 0.576562 0.364815 0.576562 0.369444 0.578125 0.370370 0.577083 0.375000 0.576562 0.376852 0.578125 0.377778 0.577083 0.375000 0.578125 0.370370 0.578646 0.353704 0.580208 0.350926 0.580208 0.348148 0.578125 0.345370 0.580208 0.343519 0.581250 0.341667 0.581250 0.340741 0.582812 0.337963 0.583854 0.337037 0.586458 0.337037
2 0.251042 0.420370 0.249479 0.421296 0.247396 0.422222 0.246354 0.423148 0.245312 0.424074 0.244792 0.425000 0.243750 0.428704 0.243750 0.434259 0.243750 0.436111 0.243750 0.442593 0.244271 0.445370 0.246354 0.449074 0.246354 0.450926 0.244792 0.455556 0.244271 0.460185 0.244792 0.466667 0.243750 0.468519 0.243750 0.474074 0.244271 0.475000 0.244271 0.476852 0.245312 0.477778 0.247917 0.480556 0.249479 0.480556 0.250000 0.479630 0.252083 0.479630 0.253125 0.477778 0.254167 0.475000 0.254688 0.473148 0.255208 0.471296 0.255729 0.462963 0.255729 0.454630 0.256771 0.450000 0.256771 0.446296 0.256250 0.445370 0.256250 0.440741 0.257292 0.437037 0.257292 0.435185 0.255729 0.432407 0.255729 0.429630 0.256250 0.428704 0.256250 0.425000 0.255208 0.423148 0.254167 0.422222 0.253125 0.422222 0.252083 0.420370 0.251042 0.420370
2 0.900521 0.385185 0.898958 0.386111 0.897917 0.387963 0.896875 0.391667 0.895312 0.397222 0.895312 0.403704 0.895833 0.409259 0.896354 0.413889 0.897396 0.417593 0.897396 0.422222 0.898958 0.425000 0.898958 0.431481 0.898438 0.435185 0.898958 0.452778 0.901563 0.465741 0.901563 0.469444 0.902604 0.472222 0.902604 0.481481 0.903125 0.485185 0.903646 0.487963 0.904167 0.490741 0.904687 0.492593 0.905729 0.494444 0.906771 0.495370 0.908333 0.495370 0.910417 0.493519 0.911458 0.492593 0.911979 0.491667 0.912500 0.489815 0.913542 0.486111 0.913542 0.474074 0.912500 0.468519 0.912500 0.449074 0.911979 0.447222 0.909375 0.442593 0.908854 0.437963 0.909375 0.431481 0.910417 0.428704 0.910417 0.425926 0.910417 0.420370 0.909896 0.418519 0.908333 0.414815 0.908854 0.400926 0.908854 0.393519 0.908333 0.387963 0.907292 0.386111 0.904687 0.385185 0.900521 0.385185
