2 0.201042 0.438889 0.199479 0.439815 0.198437 0.440741 0.197917 0.445370 0.196875 0.449074 0.196875 0.461111 0.195312 0.475000 0.194792 0.486111 0.194792 0.487963 0.195312 0.492593 0.195833 0.494444 0.196354 0.495370 0.196875 0.495370 0.197917 0.497222 0.198958 0.498148 0.200000 0.499074 0.201563 0.500000 0.203646 0.500000 0.204687 0.499074 0.205729 0.498148 0.206771 0.493519 0.206771 0.487037 0.207292 0.480556 0.208333 0.476852 0.208333 0.473148 0.209375 0.469444 0.209896 0.462963 0.209896 0.461111 0.209896 0.458333 0.209896 0.456481 0.209375 0.453704 0.206771 0.443519 0.206250 0.441667 0.205208 0.439815 0.204167 0.438889 0.201042 0.438889
0 0.353646 0.847222 0.352083 0.848148 0.351042 0.849074 0.348438 0.853704 0.347917 0.856481 0.347396 0.859259 0.346875 0.862963 0.346875 0.866667 0.347396 0.869444 0.347917 0.872222 0.348438 0.874074 0.348958 0.875926 0.352083 0.877778 0.353125 0.879630 0.354167 0.879630 0.354687 0.878704 0.358854 0.877778 0.361458 0.875926 0.361979 0.872222 0.364583 0.867593 0.364583 0.863889 0.365104 0.862963 0.365104 0.860185 0.364063 0.855556 0.362500 0.854630 0.361458 0.852778 0.362500 0.850000 0.361458 0.848148 0.358854 0.847222 0.353646 0.847222
0 0.836979 0.837037 0.834896 0.839815 0.833854 0.842593 0.833333 0.844444 0.832812 0.846296 0.832292 0.850000 0.832292 0.852778 0.832812 0.856481 0.833333 0.860185 0.834896 0.864815 0.836979 0.869444 0.836979 0.870370 0.837500 0.871296 0.838542 0.872222 0.840104 0.873148 0.848958 0.873148 0.850000 0.872222 0.851042 0.870370 0.853125 0.865741 0.853646 0.863889 0.853646 0.852778 0.853125 0.850926 0.849479 0.842593 0.849479 0.841667 0.847917 0.840741 0.845313 0.837963 0.842708 0.837037 0.836979 0.837037
0 0.561979 0.729630 0.559896 0.730556 0.556771 0.733333 0.555208 0.736111 0.554688 0.737963 0.554167 0.740741 0.553646 0.744444 0.553646 0.748148 0.555208 0.752778 0.555208 0.755556 0.555729 0.757407 0.556771 0.759259 0.556771 0.760185 0.557292 0.761111 0.558333 0.762037 0.559375 0.762963 0.561458 0.763889 0.565625 0.763889 0.567708 0.762963 0.569792 0.759259 0.571354 0.754630 0.571354 0.750926 0.572396 0.748148 0.572396 0.744444 0.570833 0.738889 0.569792 0.736111 0.568750 0.733333 0.567708 0.731481 0.566146 0.730556 0.564063 0.729630 0.561979 0.729630
0 0.405729 0.672222 0.403646 0.673148 0.401042 0.675926 0.399479 0.678704 0.397917 0.684259 0.397917 0.686111 0.398958 0.688889 0.398438 0.692593 0.399479 0.696296 0.400000 0.700926 0.401042 0.701852 0.402604 0.701852 0.404167 0.703704 0.409375 0.703704 0.411458 0.702778 0.413021 0.700926 0.414062 0.696296 0.415104 0.694444 0.415625 0.692593 0.416146 0.686111 0.416146 0.682407 0.415625 0.680556 0.414583 0.677778 0.413021 0.674074 0.412500 0.673148 0.411458 0.672222 0.405729 0.672222
0 0.778125 0.635185 0.776042 0.636111 0.775000 0.637037 0.773958 0.638889 0.771875 0.646296 0.771354 0.649074 0.771354 0.654630 0.772917 0.661111 0.773958 0.663889 0.775000 0.666667 0.776042 0.668519 0.777083 0.669444 0.778646 0.670370 0.782292 0.670370 0.785937 0.669444 0.786979 0.668519 0.791146 0.661111 0.791667 0.658333 0.791667 0.649074 0.791146 0.646296 0.786979 0.638889 0.785937 0.637963 0.784375 0.637037 0.782813 0.636111 0.780208 0.635185 0.778125 0.635185
0 0.509375 0.473148 0.508333 0.475000 0.510417 0.476852 0.509896 0.479630 0.508333 0.480556 0.508854 0.482407 0.511458 0.482407 0.512500 0.481481 0.513542 0.480556 0.514062 0.476852 0.513021 0.475926 0.511979 0.475926 0.510417 0.473148 0.509375 0.473148
0 0.648958 0.395370 0.645833 0.398148 0.644271 0.400926 0.642708 0.406481 0.642188 0.409259 0.642188 0.412037 0.643750 0.420370 0.644271 0.422222 0.646354 0.425926 0.647396 0.426852 0.648438 0.427778 0.653125 0.427778 0.654167 0.426852 0.658333 0.419444 0.658854 0.417593 0.659375 0.415741 0.659896 0.412037 0.659896 0.404630 0.658854 0.400926 0.657813 0.399074 0.656250 0.397222 0.655208 0.396296 0.654167 0.395370 0.648958 0.395370
0 0.615104 0.354630 0.613542 0.355556 0.612500 0.356481 0.611458 0.357407 0.609375 0.361111 0.608854 0.363889 0.608854 0.375926 0.609375 0.378704 0.610417 0.382407 0.611979 0.384259 0.613021 0.385185 0.614062 0.386111 0.619271 0.386111 0.620313 0.385185 0.621354 0.384259 0.623958 0.379630 0.625521 0.374074 0.626042 0.367593 0.626042 0.364815 0.625521 0.362037 0.625000 0.360185 0.622917 0.356481 0.621875 0.355556 0.620313 0.354630 0.615104 0.354630
0 0.385937 0.187037 0.383854 0.187963 0.382292 0.190741 0.381771 0.192593 0.381250 0.195370 0.380729 0.199074 0.380729 0.204630 0.381250 0.207407 0.381771 0.209259 0.382292 0.211111 0.383854 0.215741 0.384896 0.216667 0.387500 0.217593 0.389583 0.217593 0.392188 0.216667 0.393750 0.215741 0.395833 0.212037 0.396354 0.210185 0.396875 0.208333 0.396875 0.200926 0.396354 0.194444 0.395833 0.192593 0.393750 0.188889 0.392188 0.187963 0.390104 0.187037 0.385937 0.187037
0 0.514583 0.160185 0.512500 0.161111 0.511458 0.162037 0.510417 0.163889 0.509896 0.163889 0.509375 0.164815 0.508854 0.166667 0.508333 0.168519 0.507292 0.174074 0.507292 0.177778 0.507812 0.182407 0.508333 0.186111 0.508854 0.187963 0.510938 0.191667 0.511979 0.192593 0.513021 0.192593 0.514062 0.193519 0.517188 0.192593 0.518750 0.191667 0.520833 0.189815 0.521875 0.187963 0.522396 0.186111 0.523438 0.181481 0.523958 0.178704 0.523958 0.173148 0.522396 0.166667 0.521875 0.164815 0.520312 0.162037 0.519271 0.161111 0.517708 0.160185 0.514583 0.160185
0 0.371875 0.116667 0.368750 0.117593 0.367188 0.119444 0.365104 0.123148 0.364583 0.125000 0.364063 0.127778 0.364063 0.136111 0.364583 0.138889 0.365625 0.141667 0.367188 0.145370 0.367708 0.146296 0.368750 0.147222 0.371354 0.148148 0.373437 0.148148 0.375000 0.147222 0.376563 0.146296 0.378125 0.143519 0.378646 0.141667 0.378646 0.139815 0.378125 0.137963 0.378646 0.129630 0.377604 0.125926 0.378646 0.122222 0.377604 0.120370 0.376042 0.118519 0.372917 0.116667 0.371875 0.116667
1 0.983854 0.596296 0.982812 0.599074 0.984896 0.597222 0.983854 0.596296
1 0.963021 0.591667 0.961979 0.592593 0.961458 0.593519 0.960938 0.595370 0.959896 0.599074 0.959375 0.601852 0.959375 0.604630 0.960417 0.606481 0.961458 0.606481 0.963542 0.610185 0.964583 0.608333 0.965104 0.606481 0.965104 0.604630 0.964583 0.603704 0.964583 0.601852 0.966146 0.600000 0.966667 0.598148 0.967708 0.600000 0.967708 0.605556 0.969271 0.608333 0.970833 0.607407 0.972917 0.602778 0.973958 0.601852 0.980729 0.601852 0.979688 0.600926 0.978125 0.598148 0.976562 0.598148 0.975521 0.600000 0.974479 0.600926 0.973437 0.600926 0.972396 0.599074 0.971875 0.599074 0.971354 0.598148 0.971354 0.597222 0.970313 0.595370 0.968229 0.595370 0.967187 0.594444 0.966667 0.591667 0.963021 0.591667
1 0.828646 0.034259 0.831250 0.035185 0.832292 0.037037 0.832812 0.038889 0.833333 0.043519 0.833854 0.046296 0.835417 0.049074 0.835938 0.051852 0.836458 0.052778 0.837500 0.053704 0.841667 0.052778 0.843750 0.053704 0.844271 0.054630 0.845313 0.054630 0.847396 0.059259 0.848958 0.060185 0.848958 0.063889 0.846354 0.065741 0.844792 0.067593 0.842187 0.072222 0.839583 0.073148 0.839583 0.082407 0.839583 0.087037 0.838542 0.089815 0.838021 0.091667 0.838542 0.096296 0.839583 0.100000 0.840104 0.103704 0.841146 0.112037 0.841667 0.115741 0.842187 0.118519 0.842187 0.120370 0.841667 0.125926 0.842708 0.130556 0.842708 0.134259 0.842187 0.141667 0.842708 0.148148 0.843750 0.155556 0.844271 0.161111 0.844271 0.164815 0.843750 0.165741 0.843750 0.168519 0.844271 0.176852 0.844792 0.181481 0.845833 0.184259 0.845833 0.187963 0.846875 0.191667 0.846875 0.195370 0.847396 0.200000 0.848437 0.201852 0.848437 0.210185 0.849479 0.215741 0.848958 0.219444 0.849479 0.235185 0.850521 0.240741 0.850521 0.246296 0.851562 0.250926 0.851562 0.259259 0.852083 0.262037 0.853125 0.266667 0.853646 0.268519 0.855208 0.272222 0.854167 0.275000 0.854167 0.279630 0.855208 0.284259 0.855208 0.296296 0.856250 0.299074 0.856250 0.312037 0.856771 0.323148 0.857812 0.326852 0.858333 0.331481 0.859375 0.343519 0.859896 0.350926 0.859896 0.360185 0.860417 0.366667 0.861979 0.374074 0.861979 0.379630 0.863021 0.383333 0.862500 0.387037 0.863021 0.397222 0.864062 0.404630 0.864062 0.412037 0.865104 0.416667 0.865104 0.426852 0.867708 0.437037 0.867708 0.440741 0.868229 0.443519 0.869271 0.445370 0.869271 0.449074 0.870313 0.450926 0.870313 0.452778 0.868750 0.455556 0.868750 0.461111 0.870313 0.463889 0.870313 0.464815 0.871354 0.466667 0.870313 0.469444 0.870313 0.474074 0.870833 0.504630 0.855729 0.505556 0.854688 0.502778 0.853646 0.504630 0.851042 0.502778 0.851562 0.500926 0.854167 0.497222 0.854688 0.494444 0.855208 0.493519 0.855729 0.493519 0.856771 0.491667 0.856250 0.480556 0.857292 0.476852 0.857292 0.473148 0.855729 0.469444 0.854688 0.466667 0.856250 0.463889 0.851562 0.462037 0.850521 0.461111 0.849479 0.460185 0.849479 0.456481 0.846354 0.454630 0.845313 0.453704 0.844271 0.451852 0.844271 0.449074 0.846354 0.445370 0.848958 0.444444 0.850000 0.443519 0.851042 0.441667 0.848958 0.438889 0.850521 0.436111 0.850000 0.430556 0.851042 0.428704 0.850000 0.426852 0.848437 0.425926 0.847396 0.425000 0.850000 0.421296 0.847917 0.417593 0.847917 0.414815 0.844792 0.413889 0.843750 0.412037 0.844792 0.409259 0.845313 0.409259 0.846354 0.407407 0.844271 0.406481 0.841667 0.400926 0.838542 0.406481 0.836458 0.402778 0.834896 0.401852 0.832812 0.397222 0.833333 0.395370 0.834375 0.393519 0.834896 0.391667 0.834896 0.389815 0.835938 0.387963 0.835938 0.382407 0.836979 0.379630 0.836458 0.373148 0.834896 0.369444 0.837500 0.367593 0.838021 0.362037 0.839063 0.360185 0.839583 0.357407 0.839583 0.353704 0.839063 0.350000 0.838542 0.346296 0.838021 0.344444 0.836979 0.342593 0.836458 0.340741 0.836458 0.337963 0.834896 0.334259 0.835938 0.331481 0.833854 0.327778 0.834896 0.322222 0.834896 0.313889 0.835938 0.311111 0.835938 0.309259 0.835417 0.303704 0.834375 0.300926 0.833854 0.288889 0.832812 0.287037 0.833333 0.282407 0.832292 0.279630 0.832292 0.276852 0.830729 0.272222 0.831250 0.266667 0.832292 0.262963 0.832812 0.255556 0.830729 0.250926 0.830208 0.249074 0.829688 0.246296 0.829167 0.239815 0.829688 0.226852 0.829167 0.222222 0.828125 0.220370 0.826042 0.219444 0.823958 0.216667 0.822917 0.216667 0.823958 0.214815 0.823958 0.210185 0.823438 0.207407 0.824479 0.200926 0.824479 0.199074 0.822917 0.196296 0.823958 0.192593 0.823438 0.181481 0.821875 0.178704 0.821354 0.176852 0.820833 0.175000 0.823438 0.171296 0.822917 0.167593 0.823438 0.157407 0.822396 0.155556 0.821354 0.149074 0.820833 0.147222 0.821875 0.143519 0.820833 0.134259 0.820833 0.132407 0.821354 0.131481 0.821354 0.129630 0.820833 0.123148 0.819271 0.119444 0.819271 0.117593 0.819792 0.116667 0.819792 0.114815 0.819271 0.112037 0.817708 0.109259 0.817187 0.107407 0.816667 0.105556 0.816667 0.099074 0.815625 0.096296 0.815104 0.092593 0.816146 0.087963 0.814063 0.086111 0.812500 0.087037 0.810937 0.089815 0.809375 0.091667 0.803646 0.091667 0.797396 0.089815 0.795833 0.089815 0.784896 0.090741 0.780208 0.092593 0.776563 0.092593 0.770312 0.091667 0.769271 0.094444 0.767188 0.091667 0.763021 0.090741 0.757292 0.090741 0.752083 0.088889 0.751042 0.088889 0.747917 0.089815 0.746875 0.088889 0.744792 0.085185 0.743750 0.085185 0.741146 0.086111 0.738021 0.088889 0.734375 0.087963 0.726042 0.088889 0.720313 0.089815 0.717708 0.091667 0.715625 0.091667 0.712500 0.090741 0.709896 0.092593 0.706771 0.092593 0.701042 0.090741 0.698958 0.090741 0.697396 0.092593 0.695312 0.092593 0.692708 0.090741 0.690104 0.091667 0.689063 0.091667 0.687500 0.089815 0.686458 0.089815 0.682813 0.091667 0.677083 0.092593 0.671875 0.091667 0.669792 0.093519 0.658854 0.094444 0.656771 0.094444 0.649479 0.092593 0.645312 0.092593 0.636979 0.094444 0.603646 0.095370 0.600000 0.094444 0.597396 0.094444 0.589063 0.096296 0.588021 0.096296 0.581250 0.096296 0.571354 0.095370 0.538021 0.096296 0.519792 0.097222 0.512500 0.099074 0.505208 0.099074 0.502083 0.097222 0.498437 0.096296 0.494271 0.096296 0.489583 0.098148 0.483854 0.099074 0.478125 0.100000 0.477083 0.100000 0.458854 0.098148 0.448958 0.098148 0.445833 0.099074 0.443750 0.100926 0.435937 0.101852 0.428646 0.100000 0.403125 0.100926 0.401562 0.102778 0.396875 0.102778 0.396354 0.101852 0.391667 0.101852 0.390625 0.103704 0.390625 0.105556 0.390625 0.102778 0.389583 0.100926 0.387500 0.100000 0.385417 0.100000 0.383854 0.099074 0.380208 0.100926 0.376563 0.100926 0.373958 0.102778 0.372396 0.102778 0.370833 0.100926 0.368229 0.100926 0.365104 0.102778 0.359375 0.102778 0.350521 0.101852 0.346354 0.102778 0.342708 0.104630 0.335938 0.105556 0.333333 0.105556 0.316667 0.104630 0.311458 0.102778 0.310937 0.101852 0.309375 0.101852 0.303646 0.102778 0.300000 0.104630 0.295833 0.105556 0.280208 0.106481 0.270313 0.105556 0.267188 0.105556 0.262500 0.107407 0.243750 0.106481 0.238542 0.107407 0.237500 0.107407 0.234375 0.102778 0.232292 0.106481 0.231771 0.108333 0.231771 0.116667 0.230729 0.122222 0.230729 0.130556 0.229687 0.135185 0.229687 0.146296 0.228646 0.150000 0.228646 0.157407 0.227604 0.162037 0.227604 0.171296 0.226562 0.174074 0.226562 0.185185 0.225521 0.191667 0.225521 0.200000 0.224479 0.205556 0.224479 0.212037 0.223438 0.218519 0.223438 0.229630 0.222396 0.237037 0.222917 0.242593 0.222396 0.249074 0.221354 0.262963 0.220833 0.269444 0.219792 0.272222 0.219271 0.276852 0.219271 0.284259 0.218229 0.288889 0.218229 0.297222 0.216667 0.310185 0.216146 0.316667 0.216146 0.325926 0.214583 0.333333 0.214062 0.338889 0.213542 0.344444 0.214062 0.352778 0.213542 0.356481 0.212500 0.360185 0.212500 0.364815 0.211458 0.369444 0.212500 0.375926 0.212500 0.383333 0.211979 0.386111 0.210938 0.388889 0.210417 0.392593 0.209896 0.396296 0.209896 0.401852 0.210417 0.405556 0.210938 0.406481 0.210938 0.408333 0.209896 0.413889 0.208854 0.416667 0.208333 0.418519 0.208333 0.428704 0.209375 0.435185 0.207813 0.437963 0.207292 0.442593 0.206771 0.444444 0.206250 0.446296 0.203646 0.444444 0.200521 0.445370 0.200000 0.446296 0.198958 0.449074 0.199479 0.452778 0.197917 0.454630 0.197917 0.456481 0.201042 0.457407 0.202604 0.455556 0.205729 0.457407 0.208333 0.457407 0.208854 0.465741 0.207813 0.470370 0.207292 0.470370 0.206771 0.471296 0.206250 0.473148 0.206250 0.477778 0.206250 0.475926 0.205208 0.474074 0.199479 0.474074 0.197917 0.476852 0.197917 0.478704 0.196875 0.483333 0.196875 0.486111 0.197396 0.487963 0.199479 0.491667 0.201563 0.491667 0.206250 0.490741 0.206250 0.493519 0.205208 0.493519 0.204167 0.491667 0.202604 0.491667 0.202604 0.495370 0.203646 0.496296 0.204167 0.499074 0.204167 0.504630 0.202604 0.508333 0.202083 0.510185 0.201563 0.513889 0.201563 0.519444 0.200521 0.522222 0.201042 0.532407 0.200000 0.536111 0.199479 0.540741 0.199479 0.546296 0.198437 0.550926 0.198437 0.553704 0.198958 0.565741 0.197917 0.569444 0.196875 0.577778 0.196875 0.587963 0.195833 0.593519 0.196354 0.600926 0.196354 0.602778 0.195833 0.605556 0.194792 0.608333 0.194271 0.612963 0.194271 0.622222 0.193229 0.625926 0.193229 0.627778 0.192708 0.633333 0.192708 0.643519 0.192188 0.648148 0.191146 0.652778 0.191146 0.661111 0.189583 0.682407 0.189062 0.688889 0.188021 0.694444 0.188021 0.700000 0.187500 0.703704 0.186458 0.706481 0.186979 0.713889 0.186458 0.722222 0.185938 0.727778 0.184896 0.732407 0.184375 0.741667 0.183854 0.750926 0.183333 0.759259 0.183854 0.767593 0.183333 0.773148 0.181771 0.783333 0.181771 0.799074 0.180729 0.804630 0.180208 0.811111 0.179688 0.826852 0.178646 0.834259 0.178125 0.841667 0.178125 0.852778 0.177083 0.858333 0.176563 0.868519 0.176563 0.883333 0.175521 0.891667 0.175000 0.900000 0.175521 0.901852 0.175521 0.903704 0.176563 0.905556 0.177604 0.906481 0.184896 0.907407 0.195312 0.906481 0.200521 0.906481 0.213542 0.908333 0.218229 0.907407 0.224479 0.908333 0.232292 0.907407 0.251563 0.907407 0.254688 0.909259 0.266146 0.907407 0.276042 0.907407 0.281771 0.909259 0.284375 0.909259 0.284896 0.908333 0.286979 0.908333 0.291667 0.908333 0.294271 0.908333 0.313021 0.908333 0.321875 0.909259 0.324479 0.909259 0.335938 0.907407 0.342187 0.907407 0.351562 0.909259 0.353125 0.909259 0.353646 0.908333 0.355729 0.908333 0.358854 0.910185 0.360938 0.910185 0.367708 0.910185 0.371354 0.910185 0.379167 0.908333 0.385937 0.909259 0.388021 0.909259 0.393229 0.909259 0.394271 0.909259 0.396875 0.907407 0.397917 0.907407 0.406250 0.907407 0.413021 0.908333 0.418229 0.907407 0.419271 0.907407 0.422396 0.908333 0.422917 0.907407 0.425521 0.907407 0.437500 0.907407 0.439583 0.907407 0.465104 0.907407 0.467708 0.907407 0.477083 0.907407 0.482292 0.907407 0.489583 0.908333 0.490104 0.907407 0.496875 0.908333 0.501042 0.908333 0.510417 0.908333 0.514062 0.908333 0.525000 0.908333 0.528646 0.908333 0.537500 0.907407 0.538021 0.908333 0.546354 0.908333 0.548438 0.906481 0.551042 0.906481 0.553125 0.908333 0.558333 0.908333 0.560937 0.906481 0.566667 0.908333 0.570833 0.907407 0.574479 0.909259 0.584896 0.907407 0.595313 0.908333 0.602604 0.906481 0.607812 0.906481 0.608333 0.907407 0.613021 0.907407 0.613542 0.906481 0.618750 0.906481 0.622396 0.908333 0.625000 0.908333 0.635417 0.908333 0.639062 0.908333 0.641146 0.907407 0.643229 0.905556 0.648438 0.905556 0.650521 0.907407 0.651563 0.907407 0.657292 0.907407 0.660417 0.906481 0.663542 0.908333 0.671354 0.909259 0.673958 0.908333 0.675000 0.908333 0.688542 0.908333 0.689583 0.908333 0.697917 0.908333 0.703125 0.908333 0.703646 0.909259 0.709375 0.909259 0.713021 0.907407 0.714063 0.907407 0.718229 0.909259 0.720833 0.909259 0.723958 0.907407 0.731771 0.907407 0.733333 0.908333 0.736979 0.907407 0.739062 0.907407 0.747396 0.909259 0.748958 0.909259 0.755729 0.907407 0.759896 0.907407 0.760417 0.908333 0.765104 0.908333 0.770312 0.906481 0.772917 0.906481 0.774479 0.908333 0.777083 0.908333 0.778646 0.906481 0.779687 0.906481 0.781771 0.908333 0.788542 0.908333 0.794792 0.906481 0.801562 0.907407 0.805208 0.907407 0.824479 0.906481 0.843229 0.904630 0.862500 0.904630 0.864062 0.903704 0.866146 0.900926 0.870833 0.901852 0.871875 0.900000 0.872396 0.897222 0.872396 0.891667 0.872917 0.890741 0.872917 0.886111 0.872396 0.878704 0.870833 0.873148 0.870833 0.861111 0.869792 0.857407 0.869792 0.853704 0.870313 0.847222 0.869792 0.836111 0.869271 0.833333 0.868750 0.830556 0.866667 0.827778 0.868750 0.824074 0.868229 0.820370 0.868750 0.819444 0.868750 0.816667 0.867188 0.813889 0.867708 0.809259 0.867188 0.796296 0.866667 0.794444 0.865625 0.792593 0.865104 0.786111 0.866146 0.775926 0.865104 0.772222 0.866146 0.769444 0.866146 0.767593 0.865104 0.761111 0.865104 0.747222 0.864583 0.737037 0.863542 0.734259 0.863021 0.731481 0.863021 0.729630 0.863542 0.718519 0.862500 0.716667 0.863021 0.711111 0.862500 0.706481 0.861458 0.704630 0.860938 0.702778 0.860938 0.700926 0.860938 0.696296 0.861979 0.693519 0.861979 0.690741 0.861458 0.681481 0.860417 0.677778 0.859896 0.674074 0.859375 0.662037 0.859896 0.658333 0.859896 0.656481 0.859375 0.655556 0.859375 0.652778 0.858333 0.649074 0.858333 0.638889 0.857812 0.636111 0.856771 0.634259 0.856771 0.632407 0.857812 0.629630 0.857292 0.625926 0.856250 0.621296 0.856250 0.617593 0.856771 0.611111 0.855729 0.608333 0.856250 0.603704 0.856250 0.601852 0.855208 0.600000 0.854688 0.600000 0.853646 0.598148 0.855208 0.595370 0.854167 0.594444 0.853125 0.592593 0.853125 0.589815 0.851042 0.586111 0.850521 0.584259 0.850521 0.578704 0.850521 0.576852 0.851042 0.568519 0.850521 0.566667 0.848958 0.563889 0.851562 0.560185 0.851042 0.556481 0.851562 0.545370 0.851042 0.538889 0.850000 0.536111 0.850521 0.534259 0.850521 0.532407 0.849479 0.529630 0.849479 0.525000 0.848437 0.522222 0.847917 0.515741 0.850000 0.511111 0.848958 0.508333 0.848958 0.503704 0.851042 0.502778 0.853646 0.504630 0.855729 0.505556 0.870833 0.504630 0.872396 0.510185 0.871875 0.514815 0.872396 0.519444 0.873437 0.524074 0.873437 0.531481 0.874479 0.537963 0.874479 0.545370 0.875521 0.550000 0.875521 0.561111 0.876563 0.565741 0.876563 0.572222 0.878125 0.581481 0.877604 0.587963 0.878125 0.593519 0.879167 0.599074 0.878646 0.604630 0.878646 0.606481 0.879687 0.610185 0.879687 0.616667 0.880729 0.622222 0.880729 0.630556 0.881771 0.633333 0.881250 0.637037 0.881771 0.643519 0.882812 0.645370 0.883333 0.647222 0.883333 0.653704 0.882812 0.655556 0.882812 0.657407 0.883854 0.660185 0.883854 0.669444 0.884375 0.676852 0.885938 0.687963 0.884896 0.694444 0.884896 0.697222 0.885417 0.698148 0.885417 0.701852 0.886458 0.705556 0.886979 0.712963 0.886458 0.723148 0.886979 0.729630 0.888021 0.739815 0.889062 0.744444 0.888542 0.750000 0.888542 0.752778 0.889583 0.758333 0.890625 0.770370 0.890625 0.784259 0.891146 0.798148 0.892708 0.809259 0.893229 0.816667 0.894271 0.832407 0.894271 0.840741 0.894792 0.846296 0.895312 0.851852 0.896354 0.854630 0.895312 0.858333 0.895312 0.866667 0.896354 0.872222 0.896354 0.877778 0.896875 0.880556 0.897917 0.882407 0.897917 0.897222 0.898438 0.900000 0.898958 0.901852 0.899479 0.903704 0.900521 0.905556 0.901563 0.906481 0.903125 0.907407 0.907813 0.909259 0.911458 0.909259 0.913021 0.912037 0.913542 0.914815 0.913542 0.918519 0.913021 0.920370 0.911979 0.922222 0.910937 0.923148 0.907813 0.923148 0.905729 0.925000 0.902604 0.925000 0.900521 0.925926 0.898958 0.928704 0.898438 0.936111 0.898438 0.939815 0.898958 0.948148 0.898438 0.953704 0.896875 0.956481 0.893750 0.957407 0.891667 0.956481 0.889583 0.954630 0.885417 0.953704 0.883333 0.952778 0.881771 0.950000 0.879687 0.949074 0.878125 0.947222 0.876042 0.943519 0.875521 0.941667 0.875000 0.938889 0.875000 0.932407 0.873437 0.929630 0.872396 0.928704 0.871354 0.927778 0.866667 0.928704 0.865625 0.928704 0.863542 0.926852 0.861458 0.926852 0.841667 0.927778 0.831250 0.929630 0.817187 0.928704 0.812500 0.928704 0.797917 0.930556 0.793229 0.929630 0.784896 0.931481 0.777604 0.931481 0.763021 0.931481 0.761458 0.931481 0.743750 0.930556 0.704167 0.930556 0.700521 0.930556 0.694271 0.930556 0.691146 0.930556 0.620833 0.930556 0.618229 0.930556 0.587500 0.932407 0.567708 0.931481 0.563021 0.932407 0.559896 0.932407 0.516667 0.930556 0.503646 0.930556 0.482812 0.930556 0.479687 0.930556 0.474479 0.930556 0.472917 0.930556 0.461458 0.932407 0.458333 0.932407 0.453646 0.931481 0.446354 0.932407 0.432812 0.930556 0.431771 0.930556 0.425521 0.930556 0.424479 0.930556 0.415104 0.930556 0.414062 0.930556 0.390625 0.930556 0.378646 0.930556 0.363021 0.931481 0.362500 0.930556 0.347396 0.930556 0.330208 0.932407 0.326042 0.932407 0.306250 0.932407 0.301563 0.932407 0.277604 0.932407 0.271354 0.932407 0.249479 0.932407 0.244792 0.931481 0.242188 0.932407 0.241146 0.932407 0.226562 0.930556 0.206250 0.931481 0.203125 0.931481 0.184375 0.930556 0.180729 0.928704 0.177083 0.928704 0.175000 0.929630 0.173958 0.930556 0.172917 0.932407 0.172396 0.935185 0.172396 0.941667 0.171875 0.943519 0.170833 0.946296 0.169271 0.949074 0.166667 0.951852 0.165625 0.952778 0.164583 0.953704 0.160938 0.954630 0.157292 0.957407 0.155208 0.958333 0.152083 0.958333 0.151562 0.957407 0.150521 0.957407 0.149479 0.953704 0.149479 0.935185 0.148958 0.933333 0.147917 0.930556 0.146354 0.927778 0.143750 0.926852 0.139583 0.925926 0.138021 0.925000 0.136979 0.924074 0.135937 0.922222 0.135417 0.919444 0.135417 0.917593 0.136458 0.913889 0.137500 0.912963 0.138542 0.912963 0.140104 0.911111 0.146354 0.911111 0.147396 0.910185 0.148438 0.909259 0.149479 0.907407 0.150521 0.903704 0.151042 0.900000 0.151042 0.892593 0.151562 0.887037 0.152604 0.881481 0.152604 0.875000 0.153646 0.868519 0.154167 0.860185 0.154167 0.848148 0.154688 0.841667 0.155729 0.837963 0.156250 0.834259 0.156771 0.826852 0.157292 0.815741 0.157292 0.805556 0.157812 0.793519 0.158333 0.787037 0.158854 0.782407 0.160417 0.775000 0.160938 0.762963 0.160938 0.750926 0.161979 0.749074 0.161979 0.737037 0.163021 0.734259 0.163021 0.724074 0.164062 0.720370 0.164583 0.712963 0.164583 0.704630 0.165104 0.695370 0.165625 0.689815 0.166146 0.684259 0.167708 0.675926 0.167708 0.665741 0.168229 0.659259 0.168750 0.653704 0.170313 0.644444 0.170833 0.636111 0.170833 0.625000 0.171354 0.614815 0.171875 0.608333 0.173437 0.591667 0.174479 0.587037 0.175000 0.582407 0.175000 0.573148 0.176042 0.568519 0.176042 0.556481 0.177083 0.553704 0.177083 0.542593 0.178125 0.538889 0.178125 0.527778 0.179167 0.521296 0.179167 0.514815 0.180208 0.510185 0.181250 0.500000 0.181250 0.494444 0.182812 0.488889 0.183333 0.485185 0.183333 0.472222 0.183854 0.461111 0.185417 0.438889 0.185938 0.432407 0.186979 0.426852 0.187500 0.415741 0.186979 0.411111 0.188021 0.407407 0.188542 0.401852 0.188542 0.397222 0.189062 0.390741 0.190104 0.387963 0.190625 0.381481 0.191146 0.375000 0.191667 0.367593 0.191667 0.357407 0.192188 0.348148 0.192708 0.339815 0.193229 0.333333 0.193750 0.327778 0.194271 0.321296 0.195312 0.316667 0.195312 0.311111 0.195833 0.306481 0.197396 0.298148 0.197917 0.292593 0.198437 0.284259 0.198437 0.271296 0.198958 0.263889 0.200000 0.256481 0.200521 0.249074 0.200521 0.238889 0.201563 0.235185 0.202083 0.228704 0.202604 0.221296 0.202083 0.216667 0.202604 0.212963 0.203125 0.209259 0.204167 0.206481 0.204687 0.200000 0.205208 0.187037 0.206250 0.180556 0.206771 0.175000 0.206771 0.173148 0.207292 0.163889 0.207292 0.156481 0.208333 0.151852 0.208854 0.140741 0.209896 0.137037 0.210417 0.130556 0.210417 0.124074 0.211458 0.117593 0.211979 0.109259 0.211979 0.103704 0.210938 0.099074 0.208854 0.095370 0.208333 0.092593 0.206771 0.088889 0.204167 0.085185 0.203646 0.080556 0.204687 0.076852 0.206771 0.074074 0.208854 0.073148 0.210417 0.073148 0.211979 0.072222 0.214583 0.068519 0.215104 0.067593 0.215625 0.065741 0.216146 0.062963 0.216146 0.059259 0.216667 0.056481 0.217188 0.054630 0.219792 0.050000 0.221354 0.050000 0.222917 0.050926 0.223958 0.052778 0.224479 0.054630 0.224479 0.057407 0.225521 0.060185 0.226042 0.062963 0.226042 0.066667 0.227604 0.069444 0.229167 0.070370 0.230729 0.071296 0.236979 0.072222 0.250521 0.070370 0.266146 0.069444 0.272396 0.070370 0.281771 0.068519 0.283333 0.068519 0.293229 0.069444 0.318750 0.068519 0.332292 0.066667 0.365625 0.067593 0.367708 0.067593 0.385417 0.065741 0.416146 0.064815 0.435417 0.065741 0.436979 0.065741 0.445312 0.063889 0.446875 0.063889 0.451042 0.064815 0.463021 0.064815 0.464062 0.064815 0.473438 0.062963 0.474479 0.062963 0.485417 0.063889 0.494271 0.062037 0.500521 0.062037 0.503125 0.062037 0.503646 0.062963 0.505729 0.062963 0.510417 0.062963 0.513021 0.062963 0.521354 0.061111 0.522917 0.061111 0.534375 0.061111 0.539583 0.062037 0.558854 0.060185 0.583854 0.060185 0.602083 0.058333 0.611979 0.058333 0.613542 0.058333 0.625521 0.059259 0.643750 0.057407 0.644792 0.057407 0.648958 0.058333 0.655729 0.056481 0.658854 0.056481 0.664062 0.057407 0.671354 0.055556 0.672917 0.055556 0.679688 0.056481 0.689063 0.056481 0.691146 0.056481 0.699479 0.054630 0.710938 0.054630 0.719792 0.055556 0.741146 0.053704 0.764583 0.053704 0.774479 0.054630 0.780729 0.053704 0.784896 0.053704 0.785417 0.054630 0.789583 0.054630 0.802604 0.054630 0.808333 0.053704 0.813021 0.054630 0.814583 0.054630 0.816146 0.053704 0.817187 0.052778 0.819271 0.050000 0.821875 0.049074 0.823438 0.046296 0.823958 0.041667 0.824479 0.038889 0.827604 0.034259 0.828646 0.034259
1 0.562500 0.762037 0.565104 0.762037 0.565625 0.761111 0.566667 0.761111 0.562500 0.762037
1 0.407813 0.697222 0.406771 0.698148 0.405729 0.699074 0.406250 0.700926 0.408854 0.700926 0.408854 0.699074 0.407813 0.697222
1 0.775000 0.661111 0.776042 0.662963 0.777604 0.662963 0.778125 0.663889 0.779167 0.663889 0.778125 0.662037 0.778125 0.661111 0.775000 0.661111
1 0.838542 0.441667 0.838021 0.443519 0.837500 0.444444 0.837500 0.446296 0.838542 0.446296 0.838542 0.441667
1 0.536458 0.356481 0.537500 0.357407 0.538542 0.359259 0.539062 0.362037 0.539062 0.365741 0.540104 0.369444 0.540104 0.373148 0.539062 0.375926 0.539062 0.377778 0.539583 0.379630 0.542188 0.383333 0.542708 0.385185 0.541146 0.387037 0.539062 0.390741 0.539583 0.392593 0.539583 0.394444 0.541146 0.398148 0.541667 0.400926 0.540104 0.402778 0.540104 0.404630 0.542188 0.406481 0.543750 0.406481 0.545312 0.407407 0.545833 0.410185 0.546875 0.412037 0.548958 0.408333 0.550521 0.408333 0.552083 0.411111 0.553125 0.412037 0.555208 0.412037 0.556771 0.410185 0.557813 0.412963 0.559375 0.413889 0.561458 0.413889 0.567708 0.412963 0.569792 0.416667 0.571354 0.417593 0.573438 0.421296 0.574479 0.421296 0.572396 0.424074 0.572396 0.428704 0.571354 0.430556 0.571354 0.436111 0.570833 0.437037 0.570833 0.438889 0.567708 0.442593 0.566146 0.442593 0.559375 0.440741 0.553646 0.441667 0.552604 0.441667 0.544792 0.440741 0.541146 0.441667 0.539583 0.442593 0.538021 0.445370 0.537500 0.457407 0.537500 0.462037 0.538021 0.469444 0.536979 0.473148 0.536979 0.485185 0.534896 0.490741 0.535937 0.492593 0.530208 0.492593 0.529167 0.492593 0.525521 0.493519 0.525000 0.490741 0.523438 0.486111 0.522917 0.483333 0.522396 0.480556 0.523438 0.477778 0.523438 0.473148 0.522396 0.470370 0.522917 0.468519 0.523438 0.465741 0.523438 0.462963 0.524479 0.460185 0.523958 0.456481 0.524479 0.454630 0.525521 0.452778 0.526042 0.450926 0.526563 0.449074 0.526042 0.445370 0.525000 0.442593 0.525000 0.438889 0.527604 0.435185 0.527083 0.433333 0.525521 0.430556 0.523958 0.431481 0.521354 0.436111 0.520312 0.437037 0.519271 0.437963 0.511979 0.437963 0.510417 0.437037 0.508854 0.434259 0.506771 0.434259 0.502083 0.436111 0.501042 0.436111 0.500521 0.435185 0.499479 0.435185 0.499479 0.430556 0.498437 0.429630 0.495312 0.428704 0.493750 0.428704 0.491146 0.429630 0.490625 0.423148 0.490625 0.419444 0.491146 0.418519 0.491146 0.416667 0.493750 0.413889 0.493229 0.416667 0.492708 0.422222 0.493750 0.424074 0.495312 0.424074 0.496354 0.423148 0.498958 0.419444 0.500521 0.414815 0.502604 0.414815 0.501563 0.412963 0.500521 0.414815 0.498958 0.419444 0.493229 0.416667 0.493750 0.413889 0.494271 0.412963 0.494271 0.412037 0.494792 0.411111 0.495833 0.410185 0.496875 0.410185 0.498958 0.407407 0.501042 0.406481 0.510938 0.407407 0.511979 0.407407 0.512500 0.406481 0.514583 0.405556 0.518229 0.404630 0.519271 0.404630 0.521354 0.406481 0.522396 0.406481 0.523438 0.405556 0.524479 0.403704 0.525000 0.400926 0.525000 0.397222 0.526042 0.394444 0.526563 0.383333 0.526042 0.381481 0.526042 0.379630 0.527083 0.376852 0.527083 0.374074 0.526563 0.363889 0.528125 0.358333 0.529167 0.355556 0.536458 0.356481
2 0.844792 0.404630 0.843750 0.406481 0.843229 0.406481 0.842708 0.407407 0.842708 0.408333 0.840625 0.412963 0.840104 0.414815 0.839583 0.416667 0.839063 0.419444 0.839063 0.425926 0.840104 0.430556 0.840104 0.435185 0.841146 0.438889 0.841667 0.445370 0.841667 0.457407 0.842187 0.463889 0.842708 0.467593 0.843229 0.471296 0.844271 0.475000 0.844792 0.478704 0.844792 0.484259 0.845833 0.487037 0.846354 0.489815 0.846354 0.497222 0.848437 0.501852 0.848437 0.504630 0.849479 0.507407 0.850000 0.512037 0.851042 0.512037 0.852083 0.512963 0.854167 0.511111 0.856771 0.508333 0.857292 0.506481 0.857812 0.504630 0.857812 0.499074 0.857292 0.487963 0.856771 0.481481 0.855729 0.475000 0.855729 0.468519 0.855208 0.462963 0.853646 0.458333 0.853125 0.455556 0.853125 0.451852 0.852083 0.449074 0.853125 0.446296 0.853646 0.440741 0.853646 0.435185 0.851562 0.427778 0.851562 0.425000 0.850521 0.424074 0.850000 0.421296 0.850521 0.417593 0.850000 0.410185 0.848958 0.405556 0.847396 0.404630 0.844792 0.404630
3 0.528646 0.357407 0.527604 0.359259 0.527083 0.361111 0.527083 0.375000 0.526563 0.387963 0.525521 0.393519 0.526563 0.400000 0.526563 0.401852 0.526042 0.402778 0.526042 0.404630 0.526563 0.405556 0.526563 0.407407 0.526042 0.409259 0.525000 0.411111 0.523958 0.412037 0.522396 0.412963 0.520312 0.411111 0.514062 0.410185 0.502083 0.409259 0.497917 0.409259 0.495833 0.410185 0.494792 0.411111 0.493750 0.415741 0.493750 0.430556 0.494271 0.432407 0.506250 0.433333 0.508333 0.435185 0.518229 0.435185 0.520833 0.433333 0.522396 0.431481 0.523438 0.433333 0.524479 0.435185 0.525521 0.437037 0.526042 0.438889 0.526042 0.442593 0.525521 0.456481 0.524479 0.462963 0.523958 0.476852 0.523958 0.478704 0.524479 0.487963 0.525521 0.491667 0.527083 0.492593 0.533333 0.492593 0.536458 0.490741 0.536979 0.483333 0.536458 0.473148 0.537500 0.458333 0.537500 0.443519 0.538021 0.438889 0.539062 0.436111 0.539062 0.430556 0.539583 0.429630 0.539583 0.425000 0.539062 0.416667 0.540104 0.414815 0.550000 0.414815 0.556771 0.415741 0.558854 0.417593 0.559375 0.419444 0.559896 0.420370 0.561458 0.421296 0.560417 0.423148 0.559896 0.423148 0.559896 0.426852 0.561458 0.426852 0.562500 0.428704 0.559375 0.430556 0.557813 0.434259 0.555729 0.434259 0.554167 0.431481 0.553125 0.431481 0.552083 0.432407 0.552083 0.435185 0.553125 0.435185 0.553646 0.436111 0.558333 0.436111 0.560417 0.438889 0.567187 0.439815 0.568229 0.438889 0.568750 0.436111 0.569792 0.434259 0.570833 0.432407 0.570312 0.417593 0.567708 0.414815 0.560417 0.413889 0.558854 0.413889 0.540104 0.414815 0.539062 0.412963 0.538542 0.409259 0.538542 0.375000 0.538542 0.362037 0.537500 0.358333 0.536458 0.357407 0.528646 0.357407
