3 0.497396 0.282407 0.496354 0.283333 0.494792 0.286111 0.494271 0.288889 0.493750 0.294444 0.493229 0.302778 0.492708 0.310185 0.493229 0.324074 0.493229 0.327778 0.492708 0.332407 0.492188 0.334259 0.491667 0.336111 0.485938 0.337037 0.480729 0.336111 0.478125 0.333333 0.476042 0.332407 0.469271 0.331481 0.463021 0.331481 0.460938 0.335185 0.459896 0.337963 0.459896 0.350926 0.460417 0.354630 0.461458 0.357407 0.462500 0.359259 0.465625 0.362037 0.467708 0.362963 0.470313 0.363889 0.474479 0.363889 0.477604 0.365741 0.481250 0.365741 0.483854 0.366667 0.485417 0.367593 0.486458 0.368519 0.488542 0.372222 0.489063 0.376852 0.488542 0.386111 0.489063 0.394444 0.488542 0.400000 0.487500 0.404630 0.487500 0.412037 0.488542 0.417593 0.489063 0.420370 0.491146 0.424074 0.492188 0.425000 0.494271 0.425926 0.498437 0.425926 0.499479 0.425000 0.500000 0.424074 0.500000 0.423148 0.501042 0.421296 0.501563 0.419444 0.502083 0.412037 0.502083 0.400000 0.502604 0.391667 0.504167 0.384259 0.504167 0.375926 0.504687 0.374074 0.506250 0.371296 0.508333 0.370370 0.510417 0.372222 0.511979 0.374074 0.513542 0.375000 0.515104 0.375926 0.517708 0.376852 0.521354 0.376852 0.523958 0.377778 0.526042 0.379630 0.529167 0.380556 0.533333 0.380556 0.534896 0.379630 0.535937 0.378704 0.536979 0.375000 0.537500 0.371296 0.537500 0.363889 0.536979 0.359259 0.536458 0.355556 0.535937 0.352778 0.534896 0.350000 0.532813 0.346296 0.531250 0.345370 0.528646 0.344444 0.521875 0.343519 0.512500 0.344444 0.510938 0.344444 0.508854 0.343519 0.507292 0.340741 0.506771 0.337963 0.506250 0.333333 0.506250 0.329630 0.506771 0.321296 0.507812 0.312963 0.507812 0.296296 0.507292 0.293519 0.505729 0.287963 0.505208 0.286111 0.504687 0.285185 0.502083 0.282407 0.497396 0.282407
2 0.145833 0.317593 0.144271 0.318519 0.143229 0.320370 0.142187 0.325000 0.141667 0.327778 0.141667 0.336111 0.140625 0.343519 0.141146 0.348148 0.140625 0.351852 0.141667 0.351852 0.142708 0.353704 0.142708 0.359259 0.142187 0.363889 0.143229 0.371296 0.143750 0.374074 0.144271 0.375926 0.145833 0.376852 0.147396 0.379630 0.151042 0.379630 0.152083 0.378704 0.153125 0.377778 0.154688 0.375000 0.155208 0.373148 0.155208 0.362963 0.156771 0.358333 0.157292 0.350000 0.157292 0.339815 0.156771 0.335185 0.156250 0.332407 0.155729 0.329630 0.154688 0.327778 0.154688 0.325926 0.153125 0.322222 0.151562 0.319444 0.150000 0.318519 0.147917 0.317593 0.145833 0.317593
1 0.782813 0.527778 0.782292 0.530556 0.781771 0.532407 0.783333 0.534259 0.784375 0.533333 0.784375 0.531481 0.783854 0.530556 0.783854 0.528704 0.782813 0.527778
1 0.782813 0.486111 0.781771 0.487963 0.782292 0.491667 0.783854 0.490741 0.782813 0.486111
1 0.781771 0.474074 0.783333 0.476852 0.782813 0.473148 0.781771 0.474074
1 0.781250 0.461111 0.779687 0.462963 0.781250 0.463889 0.783333 0.464815 0.782813 0.461111 0.781250 0.461111
1 0.779167 0.419444 0.779167 0.422222 0.782292 0.421296 0.781250 0.420370 0.780208 0.419444 0.779167 0.419444
1 0.532292 0.367593 0.531771 0.368519 0.530729 0.369444 0.533854 0.369444 0.533333 0.367593 0.532292 0.367593
1 0.493229 0.367593 0.492708 0.368519 0.490104 0.369444 0.491146 0.370370 0.492188 0.370370 0.493750 0.373148 0.494792 0.374074 0.495833 0.374074 0.496875 0.375000 0.497396 0.376852 0.496354 0.378704 0.496354 0.380556 0.496875 0.382407 0.497396 0.384259 0.498437 0.385185 0.498958 0.383333 0.498958 0.378704 0.497917 0.375926 0.499479 0.372222 0.498437 0.367593 0.493229 0.367593
1 0.501563 0.348148 0.501042 0.350000 0.501042 0.354630 0.502083 0.354630 0.503125 0.351852 0.501563 0.350000 0.501563 0.348148
1 0.508854 0.338889 0.508854 0.339815 0.511979 0.340741 0.513021 0.341667 0.515104 0.345370 0.515104 0.349074 0.516146 0.350926 0.516667 0.351852 0.519271 0.352778 0.520833 0.350000 0.522917 0.349074 0.521875 0.347222 0.520833 0.347222 0.521354 0.343519 0.523958 0.343519 0.525000 0.344444 0.526042 0.348148 0.526042 0.351852 0.527083 0.353704 0.527083 0.357407 0.526042 0.360185 0.526042 0.363889 0.528125 0.367593 0.528125 0.369444 0.529687 0.371296 0.529687 0.373148 0.514062 0.373148 0.511979 0.376852 0.509375 0.377778 0.508333 0.377778 0.507812 0.375000 0.508333 0.374074 0.508333 0.372222 0.506771 0.369444 0.509896 0.366667 0.511458 0.363889 0.513542 0.362963 0.516146 0.363889 0.517188 0.362037 0.514583 0.361111 0.513542 0.362963 0.511458 0.363889 0.510938 0.362037 0.509896 0.361111 0.507812 0.361111 0.506771 0.360185 0.505729 0.359259 0.505729 0.357407 0.506771 0.354630 0.507812 0.352778 0.508333 0.352778 0.508854 0.351852 0.509375 0.350000 0.509375 0.348148 0.507292 0.345370 0.508333 0.342593 0.507812 0.338889 0.507292 0.338889 0.506250 0.337963 0.508854 0.338889
1 0.483854 0.334259 0.482812 0.335185 0.484375 0.336111 0.483854 0.334259
1 0.491146 0.322222 0.492188 0.325000 0.493229 0.324074 0.492188 0.323148 0.491146 0.322222
1 0.508333 0.292593 0.508333 0.304630 0.508333 0.307407 0.506250 0.310185 0.506250 0.312037 0.505208 0.313889 0.504167 0.310185 0.502083 0.306481 0.502604 0.300926 0.501563 0.295370 0.500000 0.300926 0.500521 0.305556 0.500521 0.307407 0.499479 0.310185 0.497396 0.313889 0.496875 0.316667 0.497396 0.320370 0.496875 0.322222 0.495312 0.324074 0.495833 0.327778 0.494792 0.329630 0.493229 0.330556 0.492188 0.330556 0.491667 0.333333 0.489583 0.337037 0.488021 0.337963 0.484896 0.337963 0.483854 0.338889 0.482812 0.341667 0.483854 0.343519 0.484896 0.343519 0.485938 0.342593 0.486979 0.339815 0.488021 0.339815 0.490104 0.341667 0.490625 0.344444 0.490625 0.348148 0.489063 0.350926 0.486979 0.350926 0.485417 0.347222 0.483333 0.346296 0.481771 0.348148 0.480729 0.348148 0.479687 0.349074 0.479687 0.350926 0.478646 0.352778 0.477604 0.353704 0.474479 0.353704 0.473958 0.351852 0.470313 0.351852 0.469271 0.352778 0.467708 0.356481 0.467187 0.357407 0.466146 0.358333 0.473958 0.360185 0.477604 0.359259 0.484896 0.360185 0.488021 0.364815 0.489063 0.362037 0.488542 0.360185 0.487500 0.358333 0.488021 0.354630 0.489583 0.356481 0.491146 0.356481 0.492188 0.355556 0.492708 0.351852 0.491667 0.350000 0.491146 0.347222 0.492188 0.345370 0.491146 0.343519 0.491146 0.341667 0.493229 0.337963 0.492188 0.332407 0.494271 0.332407 0.496354 0.333333 0.498437 0.335185 0.499479 0.337037 0.500000 0.339815 0.502083 0.340741 0.504167 0.337963 0.501042 0.333333 0.500000 0.328704 0.500000 0.325000 0.498958 0.322222 0.498958 0.320370 0.500000 0.318519 0.502083 0.318519 0.503125 0.317593 0.505208 0.313889 0.506250 0.312963 0.508854 0.312037 0.508854 0.311111 0.509375 0.309259 0.508333 0.307407 0.508333 0.301852 0.508854 0.298148 0.509375 0.297222 0.509375 0.295370 0.508854 0.294444 0.508333 0.292593
1 0.611458 0.000000 0.612500 0.002778 0.615625 0.001852 0.617188 0.003704 0.618229 0.003704 0.620313 0.003704 0.621354 0.001852 0.622396 0.000000 0.625000 0.000000 0.625521 0.001852 0.627083 0.000926 0.659375 0.000000 0.659896 0.001852 0.660417 0.001852 0.661979 0.001852 0.662500 0.001852 0.663021 0.000000 0.667188 0.000926 0.668750 0.000926 0.686458 0.000000 0.686979 0.001852 0.688542 0.002778 0.695833 0.003704 0.706771 0.003704 0.710938 0.004630 0.713021 0.006481 0.717708 0.005556 0.719792 0.007407 0.724479 0.007407 0.726562 0.009259 0.731771 0.009259 0.734896 0.011111 0.738542 0.012037 0.745313 0.012037 0.747396 0.013889 0.748958 0.013889 0.752083 0.012963 0.756250 0.015741 0.758854 0.016667 0.769792 0.016667 0.780208 0.017593 0.786979 0.018519 0.789062 0.020370 0.795312 0.020370 0.800000 0.019444 0.801562 0.018519 0.803646 0.014815 0.805729 0.014815 0.806250 0.012037 0.809375 0.010185 0.812500 0.012963 0.812500 0.014815 0.813542 0.016667 0.814063 0.018519 0.814063 0.022222 0.814583 0.024074 0.816146 0.026852 0.818750 0.027778 0.821875 0.030556 0.823438 0.033333 0.823438 0.035185 0.825000 0.037963 0.825521 0.039815 0.826562 0.046296 0.826562 0.048148 0.826562 0.052778 0.826042 0.055556 0.825000 0.057407 0.820833 0.061111 0.819271 0.059259 0.817187 0.059259 0.815104 0.062963 0.814583 0.070370 0.815104 0.075926 0.814583 0.089815 0.813542 0.098148 0.814583 0.101852 0.813542 0.112037 0.814583 0.114815 0.814583 0.117593 0.814063 0.118519 0.814063 0.120370 0.814583 0.121296 0.814583 0.123148 0.813542 0.125926 0.814583 0.128704 0.814583 0.131481 0.813542 0.133333 0.814583 0.136111 0.814583 0.137963 0.814063 0.138889 0.814063 0.140741 0.814063 0.152778 0.814063 0.154630 0.815104 0.156481 0.815104 0.158333 0.814063 0.166667 0.814583 0.171296 0.813542 0.174074 0.813021 0.180556 0.813021 0.182407 0.814063 0.185185 0.813021 0.195370 0.814063 0.198148 0.814063 0.200000 0.813021 0.208333 0.813021 0.210185 0.814063 0.212037 0.814063 0.214815 0.813542 0.215741 0.813542 0.217593 0.814063 0.218519 0.814063 0.220370 0.814063 0.225926 0.814063 0.227778 0.813542 0.234259 0.812500 0.237037 0.813542 0.240741 0.813021 0.251852 0.814063 0.254630 0.813021 0.257407 0.813021 0.262037 0.812500 0.262963 0.812500 0.266667 0.813542 0.268519 0.812500 0.278704 0.814063 0.281481 0.814063 0.283333 0.813021 0.287037 0.813021 0.290741 0.811979 0.297222 0.811979 0.311111 0.813021 0.324074 0.812500 0.332407 0.812500 0.337037 0.812500 0.346296 0.812500 0.350000 0.813542 0.351852 0.813542 0.355556 0.811979 0.362037 0.811979 0.377778 0.813021 0.379630 0.811979 0.382407 0.811979 0.410185 0.811458 0.416667 0.810937 0.419444 0.809896 0.421296 0.809896 0.425926 0.810417 0.431481 0.809896 0.436111 0.810937 0.437963 0.810937 0.446296 0.809896 0.448148 0.809896 0.456481 0.810937 0.457407 0.811458 0.459259 0.811458 0.465741 0.811458 0.467593 0.810937 0.473148 0.809896 0.475000 0.809375 0.476852 0.809375 0.482407 0.810417 0.486111 0.810417 0.488889 0.809896 0.489815 0.809896 0.492593 0.810417 0.493519 0.810417 0.496296 0.809896 0.514815 0.808333 0.520370 0.807813 0.522222 0.808333 0.534259 0.808854 0.538889 0.809896 0.542593 0.808854 0.545370 0.808854 0.547222 0.809896 0.550000 0.809375 0.555556 0.808333 0.562037 0.808854 0.566667 0.807813 0.571296 0.808333 0.575926 0.808854 0.581481 0.809896 0.584259 0.808854 0.587037 0.809375 0.595370 0.809375 0.600000 0.808854 0.610185 0.807813 0.612037 0.807813 0.616667 0.806771 0.618519 0.806771 0.620370 0.807813 0.622222 0.806250 0.625926 0.807292 0.628704 0.807813 0.636111 0.806771 0.639815 0.807813 0.643519 0.806771 0.647222 0.806771 0.653704 0.806771 0.666667 0.806771 0.669444 0.807813 0.676852 0.807813 0.680556 0.807292 0.692593 0.806250 0.694444 0.806771 0.715741 0.806250 0.717593 0.806250 0.719444 0.805208 0.722222 0.805208 0.726852 0.805208 0.735185 0.805208 0.738889 0.805729 0.739815 0.805729 0.743519 0.805729 0.745370 0.805729 0.749074 0.804688 0.754630 0.805729 0.758333 0.805729 0.761111 0.804688 0.767593 0.804688 0.769444 0.805729 0.775000 0.804688 0.777778 0.805208 0.785185 0.805208 0.788889 0.804167 0.792593 0.804688 0.800000 0.803646 0.803704 0.804167 0.807407 0.802604 0.810185 0.804688 0.813889 0.804688 0.817593 0.805208 0.820370 0.806771 0.823148 0.809896 0.825926 0.812500 0.826852 0.813542 0.827778 0.815104 0.830556 0.815625 0.836111 0.816146 0.843519 0.816146 0.847222 0.815625 0.853704 0.815104 0.855556 0.814583 0.856481 0.813542 0.857407 0.809375 0.859259 0.807292 0.860185 0.805729 0.860185 0.805208 0.859259 0.803646 0.859259 0.802604 0.861111 0.802083 0.862963 0.801562 0.870370 0.801042 0.874074 0.800000 0.876852 0.798958 0.877778 0.796875 0.877778 0.794271 0.874074 0.791667 0.869444 0.791146 0.867593 0.790625 0.863889 0.790104 0.863889 0.789062 0.862037 0.788021 0.861111 0.786458 0.860185 0.783333 0.860185 0.780729 0.857407 0.779167 0.856481 0.777083 0.855556 0.772396 0.854630 0.758854 0.854630 0.757812 0.854630 0.754167 0.855556 0.747396 0.853704 0.735938 0.852778 0.729688 0.852778 0.729167 0.853704 0.722396 0.853704 0.717187 0.851852 0.704167 0.851852 0.696354 0.850926 0.688021 0.850000 0.682292 0.848148 0.678646 0.849074 0.671875 0.847222 0.663021 0.847222 0.654167 0.845370 0.624479 0.845370 0.616667 0.843519 0.583333 0.842593 0.558854 0.843519 0.554688 0.843519 0.547917 0.843519 0.545833 0.843519 0.541667 0.842593 0.536458 0.840741 0.518750 0.841667 0.509375 0.839815 0.506771 0.839815 0.500000 0.840741 0.494792 0.838889 0.493750 0.838889 0.485938 0.839815 0.472917 0.838889 0.468750 0.837037 0.462500 0.837963 0.457292 0.837963 0.454167 0.836111 0.451562 0.836111 0.443750 0.837037 0.440104 0.835185 0.436979 0.835185 0.430729 0.836111 0.425521 0.834259 0.421875 0.836111 0.411458 0.835185 0.410417 0.835185 0.401562 0.836111 0.397396 0.834259 0.388542 0.836111 0.385417 0.836111 0.384896 0.835185 0.382292 0.835185 0.381771 0.836111 0.378646 0.836111 0.371354 0.834259 0.366667 0.835185 0.365625 0.835185 0.362500 0.834259 0.360938 0.832407 0.359375 0.831481 0.358854 0.829630 0.358854 0.822222 0.357812 0.818519 0.357812 0.810185 0.358333 0.808333 0.358854 0.806481 0.359375 0.805556 0.360938 0.804630 0.361979 0.802778 0.362500 0.800000 0.364063 0.800000 0.368229 0.800000 0.370312 0.800000 0.379167 0.800926 0.384375 0.801852 0.386979 0.803704 0.390104 0.801852 0.395313 0.802778 0.413021 0.801852 0.416146 0.803704 0.420312 0.802778 0.422396 0.802778 0.427083 0.804630 0.431250 0.803704 0.432812 0.803704 0.452083 0.803704 0.455729 0.803704 0.465625 0.803704 0.467187 0.803704 0.481771 0.805556 0.497917 0.806481 0.520312 0.806481 0.534375 0.804630 0.536979 0.804630 0.539583 0.807407 0.546875 0.807407 0.548958 0.809259 0.552604 0.810185 0.554688 0.810185 0.565104 0.809259 0.567187 0.811111 0.577604 0.810185 0.579688 0.812037 0.584375 0.812037 0.587500 0.810185 0.589583 0.810185 0.595313 0.812963 0.605208 0.811111 0.607292 0.812963 0.611979 0.812963 0.614062 0.814815 0.622917 0.813889 0.636979 0.813889 0.640104 0.815741 0.643750 0.815741 0.644271 0.814815 0.647917 0.814815 0.662500 0.815741 0.690625 0.818519 0.705729 0.819444 0.707812 0.819444 0.708333 0.818519 0.710417 0.818519 0.715625 0.818519 0.717187 0.818519 0.720313 0.820370 0.726042 0.819444 0.729167 0.819444 0.736979 0.820370 0.749479 0.819444 0.757292 0.821296 0.760417 0.821296 0.769271 0.820370 0.771354 0.818519 0.776563 0.818519 0.778125 0.816667 0.779687 0.813889 0.779687 0.810185 0.780729 0.808333 0.780208 0.803704 0.780729 0.800926 0.778646 0.797222 0.778125 0.792593 0.776563 0.789815 0.779687 0.786111 0.777604 0.782407 0.778646 0.781481 0.779687 0.779630 0.778646 0.776852 0.778646 0.775000 0.779687 0.773148 0.779167 0.769444 0.780208 0.766667 0.780729 0.759259 0.780208 0.755556 0.780729 0.753704 0.781771 0.748148 0.781250 0.742593 0.781250 0.739815 0.781250 0.731481 0.781250 0.726852 0.782292 0.720370 0.781771 0.716667 0.781771 0.711111 0.782292 0.708333 0.783854 0.706481 0.782292 0.702778 0.782813 0.695370 0.783854 0.692593 0.782813 0.689815 0.782813 0.675926 0.782292 0.672222 0.781250 0.669444 0.780729 0.666667 0.780729 0.663889 0.781250 0.657407 0.782292 0.653704 0.782813 0.648148 0.782813 0.638889 0.783854 0.637037 0.783854 0.634259 0.782813 0.630556 0.782813 0.624074 0.783854 0.619444 0.782292 0.615741 0.782813 0.608333 0.782813 0.605556 0.781771 0.602778 0.782292 0.596296 0.784896 0.599074 0.785937 0.600926 0.786979 0.599074 0.785417 0.597222 0.784896 0.599074 0.782292 0.596296 0.782292 0.591667 0.780729 0.588889 0.781771 0.586111 0.782292 0.581481 0.781771 0.570370 0.782292 0.568519 0.782813 0.566667 0.784375 0.563889 0.781771 0.560185 0.781771 0.557407 0.783854 0.557407 0.785937 0.562037 0.786979 0.560185 0.787500 0.558333 0.787500 0.556481 0.785937 0.553704 0.785937 0.550926 0.788542 0.546296 0.786458 0.539815 0.787500 0.530556 0.787500 0.528704 0.785937 0.525926 0.786979 0.522222 0.785937 0.519444 0.782813 0.519444 0.782813 0.514815 0.784375 0.517593 0.785417 0.518519 0.786458 0.518519 0.787500 0.516667 0.787500 0.514815 0.786458 0.512037 0.786458 0.509259 0.788021 0.506481 0.788542 0.504630 0.787500 0.497222 0.787500 0.492593 0.787500 0.485185 0.787500 0.483333 0.789583 0.475926 0.790625 0.474074 0.791146 0.474074 0.791667 0.470370 0.793750 0.466667 0.792708 0.464815 0.792188 0.462963 0.793229 0.461111 0.793750 0.461111 0.794792 0.459259 0.795312 0.456481 0.795312 0.450926 0.794271 0.449074 0.795312 0.445370 0.795833 0.444444 0.797917 0.441667 0.797917 0.434259 0.795833 0.430556 0.794792 0.425926 0.794271 0.422222 0.794792 0.416667 0.794792 0.412963 0.793750 0.411111 0.793750 0.409259 0.793750 0.406481 0.794792 0.404630 0.795312 0.403704 0.796875 0.402778 0.797917 0.400926 0.797917 0.400000 0.799479 0.398148 0.799479 0.392593 0.798438 0.390741 0.797396 0.389815 0.796354 0.389815 0.795312 0.387963 0.793229 0.387963 0.793229 0.383333 0.792188 0.380556 0.792188 0.375926 0.790104 0.372222 0.789583 0.370370 0.789062 0.366667 0.789062 0.356481 0.790104 0.352778 0.790104 0.350926 0.789583 0.350000 0.789583 0.347222 0.790625 0.344444 0.791146 0.336111 0.791146 0.334259 0.790104 0.331481 0.790625 0.325000 0.790625 0.323148 0.790625 0.317593 0.789583 0.313889 0.790625 0.311111 0.790625 0.308333 0.789583 0.304630 0.789583 0.301852 0.789062 0.300926 0.789062 0.299074 0.790104 0.297222 0.790104 0.293519 0.791667 0.290741 0.800000 0.291667 0.800000 0.287963 0.801042 0.287037 0.802083 0.286111 0.801042 0.284259 0.798438 0.284259 0.797396 0.286111 0.800000 0.287963 0.800000 0.291667 0.800000 0.294444 0.801562 0.292593 0.800000 0.291667 0.791667 0.290741 0.791667 0.282407 0.790104 0.276852 0.789062 0.273148 0.789062 0.270370 0.790104 0.268519 0.789062 0.266667 0.789062 0.263889 0.790104 0.262037 0.790104 0.256481 0.790625 0.250926 0.791667 0.247222 0.792188 0.244444 0.791146 0.241667 0.791146 0.237037 0.790104 0.233333 0.789062 0.230556 0.790104 0.227778 0.789062 0.225000 0.789062 0.223148 0.791146 0.219444 0.790625 0.215741 0.792188 0.208333 0.792188 0.205556 0.791146 0.202778 0.791667 0.198148 0.792708 0.192593 0.792708 0.188889 0.792708 0.182407 0.792708 0.180556 0.792708 0.175000 0.791667 0.171296 0.792708 0.168519 0.791146 0.164815 0.791146 0.162963 0.790104 0.161111 0.791146 0.158333 0.791146 0.154630 0.792188 0.152778 0.791667 0.141667 0.791667 0.137963 0.792188 0.137037 0.791667 0.132407 0.791667 0.129630 0.792708 0.125926 0.792708 0.123148 0.792188 0.114815 0.792708 0.107407 0.793750 0.099074 0.792708 0.095370 0.792188 0.091667 0.792708 0.086111 0.792708 0.083333 0.791667 0.074074 0.791667 0.069444 0.790625 0.068519 0.789583 0.067593 0.781771 0.067593 0.780208 0.066667 0.778646 0.063889 0.779167 0.061111 0.783333 0.060185 0.780208 0.059259 0.780208 0.057407 0.779167 0.055556 0.775521 0.055556 0.766667 0.051852 0.762500 0.050926 0.749479 0.050926 0.745313 0.050000 0.742708 0.049074 0.741146 0.046296 0.739583 0.046296 0.739062 0.047222 0.737500 0.047222 0.735938 0.045370 0.732812 0.045370 0.728125 0.042593 0.723958 0.041667 0.719792 0.041667 0.715625 0.040741 0.707812 0.037963 0.702083 0.037037 0.695833 0.037037 0.692187 0.036111 0.688542 0.034259 0.685417 0.033333 0.684375 0.033333 0.681771 0.034259 0.681250 0.033333 0.678646 0.033333 0.675000 0.030556 0.672917 0.029630 0.669792 0.029630 0.669271 0.030556 0.666146 0.030556 0.661458 0.029630 0.656771 0.028704 0.654687 0.026852 0.649479 0.027778 0.646354 0.027778 0.642708 0.025926 0.638021 0.025000 0.634375 0.025926 0.632812 0.025926 0.630208 0.024074 0.619792 0.025000 0.618750 0.025000 0.616667 0.023148 0.611979 0.023148 0.610417 0.022222 0.608854 0.020370 0.604167 0.020370 0.602083 0.017593 0.598437 0.017593 0.597917 0.018519 0.596875 0.019444 0.597917 0.022222 0.594271 0.022222 0.592708 0.025000 0.591146 0.025000 0.591146 0.022222 0.590625 0.018519 0.587500 0.016667 0.584896 0.015741 0.581771 0.015741 0.579167 0.013889 0.575000 0.012963 0.573438 0.012963 0.570312 0.013889 0.565104 0.013889 0.562500 0.013889 0.556771 0.012037 0.554688 0.010185 0.549479 0.010185 0.547917 0.009259 0.546875 0.007407 0.544792 0.007407 0.537500 0.008333 0.534896 0.006481 0.533333 0.005556 0.532292 0.005556 0.530208 0.007407 0.529167 0.008333 0.526563 0.003704 0.524479 0.002778 0.523438 0.000000 0.611458 0.000000
1 0.159375 0.000000 0.158854 0.001852 0.157292 0.007407 0.157292 0.012037 0.156250 0.015741 0.156771 0.019444 0.156250 0.025000 0.156771 0.025926 0.156771 0.030556 0.156250 0.034259 0.155208 0.037963 0.154688 0.046296 0.153646 0.050000 0.153125 0.057407 0.152604 0.063889 0.152604 0.071296 0.151562 0.075000 0.151042 0.078704 0.151042 0.088889 0.150521 0.096296 0.150000 0.102778 0.148958 0.105556 0.148958 0.110185 0.147917 0.113889 0.147917 0.121296 0.146875 0.125000 0.146354 0.128704 0.146354 0.137963 0.145313 0.144444 0.144792 0.152778 0.144792 0.162037 0.144271 0.168519 0.143229 0.173148 0.143229 0.181481 0.142187 0.187963 0.142187 0.194444 0.141667 0.200000 0.141146 0.206481 0.139583 0.214815 0.139583 0.223148 0.138542 0.227778 0.138542 0.234259 0.138021 0.240741 0.136979 0.245370 0.136979 0.251852 0.135937 0.256481 0.135937 0.262037 0.134375 0.272222 0.133854 0.277778 0.133333 0.283333 0.132812 0.300000 0.131250 0.311111 0.131250 0.318519 0.130729 0.324074 0.129688 0.333333 0.129167 0.337963 0.127604 0.341667 0.128125 0.353704 0.127604 0.363889 0.126562 0.366667 0.126042 0.374074 0.125000 0.386111 0.124479 0.393519 0.124479 0.400000 0.123958 0.407407 0.122396 0.418519 0.121875 0.424074 0.121354 0.431481 0.121354 0.441667 0.120313 0.445370 0.120313 0.455556 0.119271 0.460185 0.118750 0.471296 0.118750 0.482407 0.117708 0.487963 0.117708 0.500000 0.116667 0.513889 0.115104 0.527778 0.114583 0.535185 0.114062 0.550000 0.113542 0.558333 0.112500 0.563889 0.112500 0.571296 0.111458 0.577778 0.110937 0.584259 0.110937 0.591667 0.109896 0.599074 0.109375 0.607407 0.109375 0.621296 0.108854 0.631481 0.107813 0.638889 0.107813 0.650000 0.106771 0.655556 0.106771 0.662963 0.105729 0.669444 0.106250 0.677778 0.105208 0.681481 0.105729 0.687037 0.105729 0.688889 0.105208 0.693519 0.104167 0.698148 0.103646 0.705556 0.103125 0.712037 0.103125 0.731481 0.101562 0.744444 0.101562 0.757407 0.101042 0.765741 0.100000 0.772222 0.100000 0.779630 0.099479 0.783333 0.098958 0.786111 0.097917 0.787963 0.096354 0.789815 0.095312 0.790741 0.093750 0.790741 0.092188 0.792593 0.090625 0.793519 0.088542 0.793519 0.085938 0.796296 0.085417 0.800000 0.084375 0.801852 0.084375 0.805556 0.084896 0.807407 0.085417 0.809259 0.086979 0.810185 0.090625 0.813889 0.092708 0.813889 0.094271 0.814815 0.097917 0.821296 0.098437 0.823148 0.098958 0.826852 0.098958 0.835185 0.099479 0.839815 0.100521 0.841667 0.101562 0.842593 0.102604 0.842593 0.103646 0.841667 0.104167 0.840741 0.105729 0.836111 0.106250 0.831481 0.106771 0.829630 0.107292 0.827778 0.108854 0.825000 0.111458 0.824074 0.115625 0.824074 0.117708 0.822222 0.122396 0.817593 0.123438 0.817593 0.123958 0.818519 0.126042 0.819444 0.128125 0.819444 0.138542 0.818519 0.150521 0.819444 0.157812 0.821296 0.163542 0.820370 0.177604 0.821296 0.181250 0.823148 0.185938 0.823148 0.189062 0.821296 0.194271 0.823148 0.201042 0.822222 0.206771 0.822222 0.208854 0.824074 0.214583 0.823148 0.217708 0.823148 0.220833 0.825000 0.234375 0.825000 0.235937 0.824074 0.238542 0.819444 0.240625 0.818519 0.242708 0.814815 0.243750 0.811111 0.245833 0.808333 0.246354 0.806481 0.245312 0.804630 0.244792 0.804630 0.243750 0.802778 0.244271 0.796296 0.243229 0.795370 0.241667 0.794444 0.239583 0.794444 0.234375 0.796296 0.229167 0.795370 0.223958 0.793519 0.216667 0.793519 0.211458 0.791667 0.208854 0.791667 0.207292 0.792593 0.206250 0.794444 0.201042 0.794444 0.200521 0.793519 0.194792 0.793519 0.191146 0.791667 0.184375 0.790741 0.175000 0.790741 0.168750 0.792593 0.167708 0.792593 0.164062 0.791667 0.161458 0.788889 0.154688 0.789815 0.153125 0.789815 0.147396 0.788889 0.145313 0.790741 0.140625 0.789815 0.138021 0.790741 0.136458 0.790741 0.134375 0.788889 0.132292 0.788889 0.129688 0.790741 0.122396 0.788889 0.123438 0.787037 0.123438 0.775926 0.122917 0.761111 0.123438 0.750000 0.124479 0.743519 0.123958 0.736111 0.123958 0.734259 0.125000 0.729630 0.125000 0.718519 0.125521 0.713889 0.126562 0.710185 0.127083 0.706481 0.127604 0.701852 0.127604 0.698148 0.127083 0.678704 0.127604 0.671296 0.129167 0.662037 0.129167 0.652778 0.130729 0.647222 0.130729 0.636111 0.131771 0.631481 0.131771 0.627778 0.131250 0.619444 0.132292 0.615741 0.132292 0.612037 0.131771 0.611111 0.131771 0.608333 0.132812 0.604630 0.132292 0.598148 0.133333 0.594444 0.133854 0.588889 0.133854 0.579630 0.135417 0.575000 0.135417 0.565741 0.136458 0.561111 0.136458 0.552778 0.137500 0.550000 0.137500 0.539815 0.138542 0.536111 0.138542 0.527778 0.139583 0.524074 0.140104 0.520370 0.140625 0.511111 0.140625 0.499074 0.141667 0.492593 0.141667 0.485185 0.142708 0.477778 0.142708 0.466667 0.143229 0.456481 0.144271 0.452778 0.144271 0.440741 0.145313 0.435185 0.145313 0.427778 0.146354 0.421296 0.145833 0.416667 0.146875 0.409259 0.146354 0.403704 0.146875 0.400926 0.146875 0.397222 0.148958 0.393519 0.148958 0.387963 0.150521 0.380556 0.150521 0.377778 0.149479 0.375000 0.149479 0.372222 0.151042 0.368519 0.150521 0.366667 0.149479 0.367593 0.148438 0.367593 0.147396 0.370370 0.146354 0.365741 0.145313 0.365741 0.144271 0.363889 0.143750 0.362037 0.144792 0.358333 0.143750 0.355556 0.144792 0.353704 0.147917 0.352778 0.151042 0.351852 0.149479 0.350000 0.148958 0.348148 0.148958 0.345370 0.150521 0.342593 0.152083 0.342593 0.154167 0.344444 0.153646 0.341667 0.154688 0.339815 0.155208 0.337963 0.154167 0.336111 0.149479 0.336111 0.147396 0.337963 0.146354 0.337037 0.145313 0.336111 0.145313 0.333333 0.146875 0.332407 0.151042 0.333333 0.154167 0.333333 0.155729 0.330556 0.155729 0.326852 0.156771 0.325926 0.165104 0.324074 0.161458 0.324074 0.158333 0.322222 0.157292 0.320370 0.157812 0.315741 0.158854 0.315741 0.159375 0.317593 0.160938 0.318519 0.161458 0.316667 0.158854 0.315741 0.158854 0.310185 0.157812 0.308333 0.157292 0.306481 0.158854 0.303704 0.159896 0.303704 0.158854 0.301852 0.158854 0.299074 0.159896 0.296296 0.157812 0.292593 0.157292 0.289815 0.157812 0.286111 0.158854 0.284259 0.158854 0.283333 0.159896 0.282407 0.158854 0.275926 0.159375 0.274074 0.160417 0.272222 0.160938 0.268519 0.160938 0.257407 0.160938 0.256481 0.161979 0.254630 0.160417 0.252778 0.160417 0.250000 0.161458 0.248148 0.160938 0.244444 0.161979 0.243519 0.163021 0.240741 0.163021 0.233333 0.164583 0.230556 0.164583 0.228704 0.164583 0.225926 0.164062 0.223148 0.164062 0.218519 0.165104 0.216667 0.165625 0.213889 0.165625 0.207407 0.167187 0.204630 0.167708 0.201852 0.168750 0.199074 0.167187 0.198148 0.166146 0.196296 0.165104 0.192593 0.166667 0.189815 0.167187 0.187037 0.167708 0.186111 0.168229 0.186111 0.168750 0.184259 0.168229 0.179630 0.168750 0.176852 0.171354 0.172222 0.171354 0.169444 0.170833 0.168519 0.170833 0.166667 0.171875 0.162963 0.171875 0.160185 0.169792 0.153704 0.169271 0.148148 0.169271 0.146296 0.170313 0.144444 0.170313 0.137037 0.172396 0.133333 0.172917 0.130556 0.172917 0.127778 0.171875 0.124074 0.171875 0.118519 0.172917 0.115741 0.172917 0.111111 0.173437 0.105556 0.175000 0.101852 0.173958 0.098148 0.173958 0.091667 0.174479 0.089815 0.175521 0.087963 0.175521 0.080556 0.176563 0.076852 0.176563 0.072222 0.174479 0.068519 0.171875 0.060185 0.173437 0.057407 0.173437 0.054630 0.172917 0.048148 0.171354 0.043519 0.171354 0.041667 0.172396 0.037963 0.172396 0.034259 0.173437 0.032407 0.173437 0.028704 0.175521 0.025000 0.181250 0.025926 0.182292 0.025926 0.183333 0.025000 0.184375 0.023148 0.184375 0.022222 0.185938 0.019444 0.189583 0.018519 0.187500 0.017593 0.186458 0.015741 0.185938 0.013889 0.185938 0.007407 0.185417 0.005556 0.184896 0.003704 0.183333 0.000000 0.159375 0.000000
0 0.754167 0.760185 0.753125 0.761111 0.752083 0.762037 0.750000 0.765741 0.749479 0.767593 0.748958 0.769444 0.748958 0.773148 0.749479 0.779630 0.750000 0.786111 0.751563 0.789815 0.751563 0.794444 0.753125 0.797222 0.753125 0.799074 0.754687 0.802778 0.758854 0.803704 0.759375 0.804630 0.762500 0.804630 0.764062 0.803704 0.765104 0.802778 0.766146 0.800926 0.766667 0.799074 0.766667 0.790741 0.765625 0.782407 0.765625 0.769444 0.765104 0.767593 0.761979 0.762037 0.760938 0.761111 0.758854 0.760185 0.754167 0.760185
0 0.712500 0.577778 0.711458 0.578704 0.709375 0.582407 0.708333 0.585185 0.707812 0.588889 0.707812 0.593519 0.708333 0.599074 0.708854 0.605556 0.709896 0.609259 0.709896 0.613889 0.711458 0.617593 0.713542 0.621296 0.714583 0.622222 0.716146 0.623148 0.722396 0.623148 0.723958 0.622222 0.725000 0.621296 0.726042 0.619444 0.726562 0.616667 0.727083 0.612963 0.727083 0.604630 0.725521 0.591667 0.724479 0.586111 0.723958 0.583333 0.722396 0.580556 0.719271 0.577778 0.712500 0.577778
0 0.473958 0.385185 0.472917 0.386111 0.470313 0.390741 0.469792 0.392593 0.469271 0.395370 0.469271 0.404630 0.469792 0.410185 0.470313 0.414815 0.471354 0.417593 0.473438 0.422222 0.473438 0.423148 0.473958 0.424074 0.475000 0.425000 0.476042 0.425926 0.482812 0.425926 0.483333 0.425000 0.484375 0.425000 0.484896 0.423148 0.485417 0.421296 0.486458 0.414815 0.486458 0.412963 0.485938 0.412037 0.485938 0.410185 0.486458 0.409259 0.486458 0.407407 0.485938 0.402778 0.484896 0.396296 0.484375 0.393519 0.482812 0.388889 0.480729 0.385185 0.473958 0.385185
0 0.610417 0.337963 0.609375 0.338889 0.607292 0.342593 0.606771 0.344444 0.606250 0.347222 0.606250 0.350000 0.605729 0.350926 0.605729 0.352778 0.606250 0.353704 0.606771 0.357407 0.606771 0.362037 0.607812 0.365741 0.607812 0.369444 0.608333 0.371296 0.608854 0.373148 0.611458 0.376852 0.612500 0.379630 0.614583 0.379630 0.615104 0.380556 0.617708 0.380556 0.619792 0.379630 0.622917 0.374074 0.623437 0.371296 0.623437 0.364815 0.622917 0.352778 0.622396 0.349074 0.620313 0.342593 0.619271 0.339815 0.618229 0.338889 0.617188 0.337963 0.610417 0.337963
0 0.581771 0.290741 0.580208 0.291667 0.578646 0.292593 0.576562 0.296296 0.576042 0.300000 0.576042 0.310185 0.577083 0.314815 0.577083 0.319444 0.577604 0.325000 0.579167 0.330556 0.581250 0.334259 0.582812 0.335185 0.588542 0.335185 0.590625 0.333333 0.591667 0.332407 0.592187 0.331481 0.592187 0.330556 0.593229 0.328704 0.593750 0.326852 0.593750 0.318519 0.593229 0.313889 0.592708 0.309259 0.592187 0.305556 0.591667 0.302778 0.590104 0.297222 0.588542 0.292593 0.584896 0.289815 0.581771 0.290741
0 0.673438 0.224074 0.671875 0.225000 0.670312 0.226852 0.668229 0.230556 0.667708 0.235185 0.667708 0.246296 0.668229 0.250000 0.669271 0.255556 0.669792 0.258333 0.670833 0.260185 0.670833 0.261111 0.672396 0.262037 0.675000 0.264815 0.677083 0.265741 0.679167 0.265741 0.680729 0.264815 0.682292 0.263889 0.683333 0.262963 0.684375 0.261111 0.684896 0.261111 0.685937 0.257407 0.685937 0.248148 0.685417 0.242593 0.684375 0.239815 0.684375 0.237037 0.683333 0.232407 0.681771 0.226852 0.680208 0.225926 0.678646 0.224074 0.673438 0.224074
0 0.352083 0.072222 0.348958 0.075000 0.348438 0.076852 0.347917 0.082407 0.347917 0.091667 0.348958 0.095370 0.348958 0.100000 0.350521 0.103704 0.352604 0.112963 0.353646 0.115741 0.355729 0.119444 0.356771 0.120370 0.358333 0.121296 0.360417 0.121296 0.360938 0.120370 0.363542 0.120370 0.364583 0.119444 0.366667 0.115741 0.367188 0.112963 0.367708 0.110185 0.367708 0.104630 0.366667 0.100000 0.366667 0.095370 0.366146 0.091667 0.364583 0.085185 0.363021 0.079630 0.362500 0.077778 0.361979 0.076852 0.359375 0.074074 0.357812 0.073148 0.356250 0.072222 0.352083 0.072222
0 0.489583 0.069444 0.487500 0.070370 0.486458 0.071296 0.484896 0.074074 0.484375 0.075926 0.483854 0.077778 0.483854 0.090741 0.484375 0.095370 0.485938 0.105556 0.486458 0.108333 0.486979 0.110185 0.487500 0.112037 0.491146 0.118519 0.492708 0.119444 0.497396 0.119444 0.499479 0.115741 0.500000 0.115741 0.501563 0.112963 0.502083 0.111111 0.502604 0.108333 0.502604 0.103704 0.502083 0.096296 0.501563 0.090741 0.501042 0.087963 0.498437 0.077778 0.497917 0.075926 0.495312 0.071296 0.494271 0.070370 0.492188 0.069444 0.489583 0.069444
0 0.174479 0.027778 0.171354 0.029630 0.170833 0.033333 0.170833 0.042593 0.171875 0.047222 0.174479 0.057407 0.176042 0.062037 0.177083 0.066667 0.178125 0.067593 0.180208 0.068519 0.182292 0.072222 0.189583 0.072222 0.190625 0.071296 0.191667 0.070370 0.192188 0.069444 0.192708 0.067593 0.192708 0.053704 0.192188 0.050000 0.191667 0.048148 0.190625 0.046296 0.189583 0.040741 0.189062 0.037963 0.187500 0.034259 0.185417 0.029630 0.184375 0.028704 0.182812 0.027778 0.174479 0.027778
0 0.292187 0.021296 0.291146 0.022222 0.289583 0.024074 0.289062 0.026852 0.288021 0.029630 0.288021 0.037963 0.289583 0.048148 0.290104 0.050926 0.292187 0.057407 0.292708 0.062037 0.293229 0.063889 0.295312 0.067593 0.298438 0.070370 0.300521 0.071296 0.304167 0.070370 0.307292 0.067593 0.307812 0.065741 0.307812 0.050000 0.306771 0.043519 0.305208 0.038889 0.304167 0.031481 0.303646 0.028704 0.300521 0.023148 0.299479 0.022222 0.297917 0.021296 0.292187 0.021296
