0 0.838021 0.879630 0.836458 0.880556 0.834375 0.882407 0.832812 0.887037 0.831250 0.890741 0.831250 0.898148 0.832812 0.903704 0.834375 0.907407 0.835938 0.910185 0.836979 0.911111 0.838021 0.912037 0.841667 0.912963 0.842708 0.912963 0.845833 0.912037 0.846875 0.911111 0.847917 0.910185 0.849479 0.907407 0.851042 0.901852 0.851562 0.897222 0.850521 0.893519 0.850521 0.890741 0.848958 0.887037 0.848437 0.886111 0.845833 0.882407 0.844792 0.881481 0.842187 0.879630 0.838021 0.879630
0 0.363542 0.806481 0.362500 0.807407 0.361458 0.808333 0.359896 0.810185 0.358854 0.812037 0.358333 0.813889 0.357812 0.816667 0.357292 0.821296 0.357292 0.828704 0.357812 0.830556 0.358333 0.832407 0.359896 0.835185 0.361458 0.837037 0.362500 0.837963 0.366667 0.837963 0.368229 0.837037 0.369792 0.836111 0.371354 0.834259 0.372917 0.832407 0.373437 0.829630 0.374479 0.826852 0.374479 0.817593 0.373958 0.813889 0.373437 0.812037 0.372917 0.810185 0.371354 0.807407 0.369792 0.806481 0.363542 0.806481
0 0.569792 0.729630 0.568229 0.730556 0.567187 0.731481 0.565625 0.734259 0.564063 0.739815 0.564063 0.748148 0.565625 0.753704 0.567187 0.758333 0.568229 0.759259 0.569271 0.760185 0.570833 0.761111 0.575000 0.761111 0.576562 0.760185 0.578646 0.758333 0.581250 0.752778 0.581771 0.749074 0.581771 0.741667 0.581250 0.737037 0.580208 0.734259 0.579167 0.732407 0.577604 0.730556 0.576042 0.729630 0.569792 0.729630
0 0.793229 0.673148 0.790625 0.674074 0.789062 0.675000 0.787500 0.676852 0.785417 0.680556 0.784896 0.682407 0.784896 0.689815 0.785417 0.694444 0.785937 0.696296 0.789583 0.702778 0.790625 0.703704 0.792188 0.704630 0.797917 0.704630 0.798958 0.703704 0.800000 0.702778 0.803125 0.697222 0.803646 0.695370 0.804167 0.692593 0.804167 0.687037 0.803646 0.682407 0.800521 0.676852 0.799479 0.675926 0.798438 0.675000 0.796875 0.674074 0.793229 0.673148
0 0.422917 0.644444 0.420312 0.645370 0.418750 0.646296 0.417708 0.647222 0.415625 0.650926 0.414583 0.653704 0.414062 0.657407 0.414062 0.661111 0.414583 0.667593 0.418750 0.675000 0.421354 0.675926 0.422396 0.675926 0.425521 0.675000 0.427083 0.672222 0.428646 0.671296 0.430208 0.667593 0.431250 0.664815 0.431771 0.662963 0.431771 0.655556 0.431250 0.653704 0.430208 0.650926 0.428646 0.647222 0.427604 0.646296 0.426563 0.646296 0.425000 0.644444 0.422917 0.644444
0 0.536458 0.453704 0.534896 0.454630 0.532813 0.455556 0.531250 0.458333 0.530729 0.460185 0.530208 0.462037 0.529167 0.466667 0.529687 0.474074 0.530208 0.475926 0.530729 0.477778 0.531771 0.480556 0.532813 0.481481 0.533854 0.482407 0.535417 0.483333 0.540625 0.483333 0.542708 0.481481 0.543750 0.480556 0.544271 0.479630 0.544792 0.477778 0.544792 0.475000 0.545312 0.473148 0.546875 0.470370 0.546875 0.466667 0.546354 0.462963 0.545833 0.461111 0.545312 0.459259 0.544792 0.458333 0.544271 0.458333 0.543229 0.456481 0.540104 0.453704 0.536458 0.453704
0 0.677083 0.410185 0.675521 0.411111 0.672917 0.415741 0.671875 0.418519 0.671354 0.422222 0.671354 0.428704 0.671875 0.430556 0.672396 0.432407 0.675000 0.437037 0.676042 0.437963 0.677604 0.438889 0.682813 0.438889 0.685937 0.436111 0.689063 0.430556 0.689583 0.427778 0.689583 0.418519 0.689063 0.416667 0.687500 0.413889 0.685417 0.411111 0.683333 0.410185 0.677083 0.410185
0 0.646354 0.362037 0.644271 0.362963 0.642708 0.364815 0.640104 0.369444 0.639583 0.375000 0.639583 0.381481 0.640104 0.384259 0.640625 0.386111 0.642708 0.389815 0.643750 0.390741 0.651042 0.390741 0.652083 0.389815 0.653646 0.387963 0.655729 0.384259 0.656250 0.382407 0.656771 0.379630 0.657292 0.375926 0.656771 0.371296 0.656250 0.369444 0.655208 0.366667 0.653646 0.363889 0.651042 0.362037 0.646354 0.362037
0 0.422396 0.150926 0.421354 0.151852 0.419792 0.154630 0.419792 0.156481 0.418750 0.158333 0.418229 0.160185 0.418229 0.169444 0.419271 0.174074 0.421875 0.178704 0.425000 0.180556 0.426042 0.180556 0.428646 0.179630 0.430208 0.178704 0.431250 0.177778 0.432812 0.175000 0.433333 0.171296 0.433854 0.168519 0.433854 0.161111 0.433333 0.158333 0.432812 0.156481 0.432292 0.154630 0.431771 0.153704 0.430729 0.152778 0.428646 0.150926 0.425521 0.150000 0.422396 0.150926
0 0.555208 0.144444 0.553125 0.145370 0.552083 0.146296 0.551042 0.147222 0.550521 0.148148 0.550000 0.150000 0.548958 0.153704 0.548438 0.156481 0.548438 0.161111 0.548958 0.162037 0.548958 0.167593 0.550000 0.169444 0.550000 0.170370 0.550521 0.171296 0.553125 0.174074 0.554688 0.175000 0.557292 0.175000 0.560417 0.172222 0.563542 0.166667 0.564063 0.164815 0.564583 0.161111 0.564583 0.155556 0.563542 0.150000 0.560937 0.146296 0.559375 0.145370 0.557813 0.144444 0.555208 0.144444
0 0.410938 0.075000 0.409375 0.076852 0.407813 0.076852 0.406771 0.077778 0.405208 0.081481 0.404687 0.086111 0.404167 0.091667 0.404687 0.093519 0.405729 0.095370 0.405729 0.097222 0.406250 0.099074 0.408333 0.102778 0.410417 0.103704 0.414583 0.103704 0.416667 0.101852 0.417708 0.100926 0.418229 0.100000 0.418750 0.098148 0.418750 0.093519 0.419271 0.092593 0.419271 0.088889 0.418750 0.080556 0.418229 0.078704 0.416146 0.076852 0.414583 0.075926 0.411979 0.075000 0.410938 0.075000
3 0.564583 0.350926 0.567187 0.351852 0.568750 0.354630 0.569271 0.359259 0.568229 0.370370 0.568229 0.383333 0.567708 0.389815 0.566667 0.395370 0.566146 0.400926 0.566667 0.409259 0.567708 0.411111 0.572917 0.410185 0.580208 0.411111 0.582812 0.412963 0.587500 0.413889 0.592187 0.413889 0.595313 0.414815 0.597396 0.416667 0.598437 0.417593 0.598437 0.419444 0.598958 0.420370 0.598958 0.425000 0.598437 0.425926 0.598437 0.431481 0.597396 0.434259 0.596354 0.437963 0.595313 0.439815 0.589063 0.439815 0.585938 0.438889 0.583854 0.437037 0.580729 0.437037 0.578646 0.436111 0.576562 0.435185 0.575000 0.432407 0.572396 0.432407 0.568750 0.430556 0.568750 0.426852 0.570312 0.427778 0.571354 0.427778 0.572917 0.424074 0.573958 0.423148 0.575000 0.423148 0.576042 0.421296 0.574479 0.418519 0.573438 0.417593 0.572396 0.416667 0.568750 0.416667 0.567187 0.419444 0.566667 0.421296 0.567187 0.423148 0.567708 0.425926 0.568750 0.426852 0.568750 0.430556 0.565104 0.434259 0.564063 0.437037 0.564063 0.442593 0.563021 0.446296 0.562500 0.457407 0.560937 0.468519 0.560937 0.483333 0.560417 0.485185 0.559375 0.487037 0.558333 0.487963 0.552083 0.487963 0.551562 0.487037 0.550000 0.487037 0.548958 0.484259 0.548958 0.476852 0.550521 0.473148 0.549479 0.471296 0.549479 0.469444 0.551042 0.466667 0.550000 0.462963 0.551042 0.457407 0.551042 0.449074 0.552604 0.439815 0.552604 0.434259 0.552083 0.430556 0.550000 0.426852 0.543750 0.427778 0.542708 0.427778 0.538542 0.425926 0.533333 0.425926 0.529687 0.425000 0.525521 0.422222 0.522396 0.422222 0.521354 0.420370 0.520833 0.417593 0.520833 0.412037 0.521354 0.403704 0.522396 0.400000 0.523438 0.399074 0.528646 0.399074 0.529167 0.400000 0.534896 0.400000 0.538542 0.400926 0.540625 0.402778 0.543750 0.403704 0.546875 0.403704 0.548958 0.405556 0.551042 0.405556 0.552083 0.404630 0.554167 0.400926 0.554688 0.399074 0.555208 0.395370 0.555208 0.380556 0.556250 0.374074 0.556250 0.366667 0.556771 0.359259 0.557292 0.353704 0.558333 0.351852 0.559375 0.350926 0.564583 0.350926
2 0.228646 0.378704 0.227604 0.379630 0.227083 0.380556 0.226562 0.382407 0.226562 0.384259 0.226042 0.389815 0.225521 0.397222 0.223958 0.403704 0.223438 0.408333 0.223438 0.429630 0.223958 0.432407 0.225521 0.437963 0.227083 0.440741 0.228646 0.440741 0.231250 0.438889 0.231771 0.437037 0.233333 0.431481 0.233854 0.427778 0.234375 0.424074 0.234375 0.419444 0.236458 0.407407 0.236458 0.400000 0.236979 0.395370 0.236979 0.393519 0.235417 0.387963 0.234896 0.382407 0.234375 0.380556 0.233333 0.378704 0.228646 0.378704
1 0.900521 0.495370 0.898958 0.497222 0.901042 0.498148 0.900521 0.495370
1 0.900521 0.482407 0.899479 0.484259 0.900521 0.485185 0.900521 0.482407
1 0.249479 0.000000 0.250521 0.002778 0.252604 0.002778 0.254167 0.000000 0.269792 0.000000 0.270313 0.001852 0.273438 0.002778 0.273958 0.003704 0.275521 0.004630 0.276562 0.004630 0.278646 0.002778 0.282813 0.002778 0.286458 0.003704 0.288021 0.005556 0.296354 0.006481 0.299479 0.005556 0.302604 0.007407 0.313021 0.008333 0.318750 0.007407 0.321875 0.007407 0.325521 0.008333 0.329167 0.009259 0.331250 0.011111 0.336979 0.011111 0.342187 0.012963 0.349479 0.012963 0.355729 0.013889 0.360938 0.015741 0.368229 0.016667 0.377083 0.016667 0.384375 0.017593 0.392188 0.018519 0.398958 0.020370 0.405729 0.020370 0.411979 0.022222 0.418750 0.022222 0.425000 0.024074 0.436979 0.024074 0.443229 0.025000 0.449479 0.025926 0.452083 0.027778 0.457813 0.028704 0.470313 0.028704 0.477083 0.029630 0.483333 0.031481 0.493229 0.031481 0.497396 0.033333 0.504167 0.034259 0.510417 0.035185 0.518750 0.035185 0.521875 0.037037 0.523958 0.037037 0.527604 0.036111 0.533854 0.037037 0.539583 0.038889 0.543750 0.037963 0.548958 0.039815 0.556250 0.040741 0.557813 0.040741 0.560937 0.039815 0.564063 0.041667 0.577083 0.042593 0.582812 0.044444 0.590104 0.044444 0.595833 0.046296 0.606771 0.046296 0.615104 0.047222 0.621875 0.049074 0.629687 0.049074 0.634375 0.050926 0.641667 0.051852 0.648958 0.052778 0.658854 0.052778 0.665625 0.053704 0.672917 0.054630 0.676562 0.056481 0.682292 0.056481 0.687500 0.058333 0.692708 0.059259 0.703646 0.059259 0.706250 0.061111 0.707812 0.061111 0.708333 0.060185 0.709896 0.060185 0.717708 0.061111 0.720313 0.062963 0.723958 0.062037 0.730729 0.062963 0.737500 0.063889 0.747396 0.066667 0.754167 0.066667 0.759896 0.067593 0.766146 0.068519 0.771354 0.070370 0.777083 0.070370 0.782813 0.071296 0.787500 0.073148 0.794271 0.073148 0.801562 0.074074 0.803646 0.075926 0.806250 0.075000 0.814583 0.075926 0.817187 0.077778 0.822917 0.077778 0.827083 0.079630 0.835938 0.079630 0.841146 0.080556 0.845833 0.082407 0.852083 0.082407 0.854688 0.084259 0.857292 0.085185 0.869792 0.085185 0.871354 0.083333 0.875521 0.076852 0.877083 0.075926 0.878125 0.075000 0.878646 0.074074 0.879167 0.072222 0.879687 0.069444 0.880729 0.067593 0.882292 0.066667 0.883854 0.066667 0.885417 0.067593 0.886458 0.068519 0.886979 0.069444 0.887500 0.071296 0.887500 0.074074 0.888542 0.076852 0.889062 0.080556 0.889062 0.087037 0.892188 0.091667 0.893229 0.092593 0.897917 0.093519 0.899479 0.094444 0.900521 0.095370 0.901042 0.096296 0.901563 0.098148 0.901563 0.102778 0.897917 0.106481 0.896354 0.107407 0.895833 0.112037 0.894271 0.112963 0.893229 0.113889 0.892188 0.114815 0.892188 0.123148 0.890625 0.125926 0.890625 0.128704 0.890104 0.136111 0.890625 0.146296 0.890104 0.150926 0.891146 0.161111 0.891146 0.176852 0.892188 0.184259 0.892188 0.187037 0.891146 0.196296 0.891146 0.203704 0.892188 0.206481 0.892188 0.212963 0.891667 0.222222 0.891146 0.223148 0.891146 0.230556 0.892188 0.234259 0.892188 0.238889 0.891146 0.244444 0.892188 0.248148 0.891667 0.258333 0.892708 0.264815 0.892708 0.266667 0.891667 0.271296 0.891667 0.275000 0.892188 0.287037 0.893229 0.289815 0.893229 0.293519 0.892188 0.295370 0.892188 0.301852 0.893229 0.306481 0.893229 0.310185 0.892188 0.313889 0.893229 0.318519 0.893229 0.322222 0.893229 0.344444 0.893229 0.350000 0.892188 0.352778 0.891667 0.355556 0.892708 0.360185 0.892708 0.366667 0.893750 0.369444 0.894271 0.372222 0.894271 0.376852 0.893229 0.378704 0.892708 0.380556 0.892708 0.384259 0.892708 0.396296 0.892708 0.398148 0.893750 0.402778 0.893750 0.404630 0.893750 0.413889 0.893750 0.419444 0.892708 0.423148 0.892708 0.426852 0.893750 0.431481 0.893229 0.439815 0.894271 0.441667 0.894271 0.448148 0.893229 0.450926 0.893229 0.452778 0.871875 0.452778 0.871354 0.450926 0.870313 0.450000 0.869792 0.448148 0.870313 0.426852 0.870833 0.423148 0.871354 0.422222 0.871354 0.420370 0.870833 0.417593 0.869271 0.413889 0.869271 0.402778 0.868229 0.406481 0.866146 0.407407 0.865104 0.405556 0.864583 0.405556 0.863542 0.403704 0.865104 0.402778 0.867188 0.402778 0.868750 0.400000 0.867708 0.396296 0.867708 0.393519 0.868750 0.392593 0.869792 0.392593 0.870833 0.390741 0.871354 0.387963 0.871354 0.384259 0.871875 0.381481 0.871875 0.378704 0.871875 0.376852 0.871354 0.375000 0.869792 0.372222 0.870313 0.362963 0.869792 0.360185 0.868750 0.359259 0.868750 0.352778 0.870313 0.348148 0.870833 0.345370 0.870833 0.342593 0.871875 0.338889 0.871875 0.337037 0.871354 0.336111 0.870833 0.332407 0.870833 0.326852 0.871875 0.324074 0.871875 0.321296 0.871354 0.319444 0.869792 0.317593 0.870313 0.310185 0.870313 0.306481 0.869792 0.303704 0.869271 0.301852 0.868229 0.300000 0.867708 0.298148 0.867708 0.296296 0.869792 0.295370 0.870833 0.290741 0.871354 0.282407 0.871354 0.279630 0.869792 0.276852 0.868229 0.276852 0.866667 0.275926 0.866667 0.273148 0.866667 0.271296 0.866146 0.270370 0.866146 0.268519 0.867188 0.266667 0.869271 0.265741 0.869271 0.259259 0.870313 0.255556 0.870313 0.247222 0.869792 0.246296 0.870313 0.237963 0.869271 0.236111 0.868229 0.235185 0.867188 0.235185 0.866146 0.234259 0.867708 0.231481 0.867708 0.228704 0.866667 0.226852 0.869271 0.221296 0.869271 0.217593 0.870313 0.213889 0.870313 0.210185 0.868750 0.207407 0.868229 0.207407 0.867188 0.205556 0.867188 0.201852 0.866146 0.200926 0.865104 0.197222 0.865104 0.195370 0.866146 0.192593 0.866146 0.190741 0.865625 0.187037 0.865625 0.181481 0.867188 0.180556 0.868229 0.178704 0.868229 0.175000 0.869271 0.173148 0.869792 0.171296 0.869271 0.168519 0.866667 0.163889 0.866667 0.159259 0.865625 0.154630 0.865625 0.152778 0.866146 0.149074 0.865625 0.139815 0.865104 0.135185 0.864062 0.133333 0.865104 0.130556 0.865104 0.123148 0.863542 0.120370 0.859896 0.121296 0.858333 0.121296 0.845833 0.120370 0.841146 0.121296 0.838542 0.123148 0.835417 0.122222 0.833854 0.121296 0.831771 0.117593 0.830208 0.116667 0.827604 0.115741 0.824479 0.115741 0.821354 0.114815 0.817708 0.112037 0.811979 0.112037 0.807292 0.110185 0.805208 0.110185 0.804688 0.111111 0.803125 0.111111 0.795833 0.109259 0.789583 0.110185 0.785417 0.109259 0.783333 0.107407 0.781250 0.107407 0.769271 0.109259 0.768229 0.109259 0.764062 0.108333 0.761979 0.106481 0.758854 0.106481 0.755208 0.103704 0.753646 0.103704 0.747917 0.104630 0.746354 0.102778 0.744792 0.102778 0.743750 0.100926 0.739583 0.100000 0.732292 0.098148 0.726042 0.097222 0.722917 0.097222 0.720833 0.099074 0.716146 0.099074 0.711458 0.098148 0.708854 0.096296 0.698438 0.096296 0.690625 0.094444 0.672396 0.095370 0.671354 0.095370 0.670833 0.094444 0.668750 0.093519 0.664583 0.093519 0.660417 0.089815 0.658854 0.088889 0.656250 0.088889 0.654167 0.090741 0.651563 0.087037 0.647396 0.087963 0.639062 0.087037 0.636979 0.088889 0.631771 0.087963 0.626563 0.085185 0.619792 0.085185 0.613542 0.083333 0.605208 0.083333 0.600000 0.081481 0.595833 0.080556 0.593750 0.080556 0.587500 0.080556 0.584375 0.080556 0.583854 0.081481 0.580729 0.081481 0.574479 0.081481 0.572396 0.079630 0.568750 0.079630 0.566667 0.078704 0.565104 0.076852 0.563021 0.075926 0.546875 0.075000 0.543750 0.076852 0.541146 0.073148 0.531250 0.073148 0.522917 0.071296 0.513542 0.071296 0.505729 0.069444 0.497396 0.069444 0.491667 0.067593 0.476042 0.067593 0.469792 0.066667 0.465625 0.064815 0.462500 0.064815 0.451562 0.066667 0.447917 0.066667 0.444271 0.064815 0.438542 0.064815 0.437500 0.063889 0.435937 0.061111 0.434896 0.061111 0.433854 0.062963 0.433854 0.063889 0.431250 0.064815 0.430208 0.063889 0.430729 0.060185 0.427604 0.059259 0.426563 0.063889 0.424479 0.067593 0.421875 0.069444 0.419792 0.067593 0.416667 0.067593 0.415104 0.065741 0.413542 0.065741 0.412500 0.063889 0.410938 0.060185 0.409375 0.059259 0.407292 0.059259 0.405729 0.057407 0.401042 0.058333 0.398438 0.056481 0.394792 0.055556 0.391667 0.054630 0.382812 0.054630 0.373958 0.052778 0.360417 0.051852 0.355208 0.051852 0.348438 0.052778 0.338542 0.051852 0.335938 0.050000 0.332813 0.050000 0.328646 0.047222 0.325521 0.046296 0.318229 0.046296 0.310937 0.044444 0.297917 0.044444 0.288542 0.043519 0.282813 0.042593 0.280729 0.041667 0.279167 0.040741 0.277604 0.039815 0.273958 0.037037 0.273438 0.036111 0.272396 0.034259 0.271875 0.031481 0.272917 0.031481 0.273438 0.030556 0.275521 0.029630 0.274479 0.027778 0.270313 0.027778 0.269271 0.029630 0.271354 0.030556 0.271875 0.031481 0.272396 0.034259 0.271875 0.036111 0.271354 0.037037 0.271354 0.047222 0.269792 0.052778 0.269271 0.056481 0.268750 0.062037 0.268750 0.067593 0.268229 0.074074 0.267188 0.077778 0.267188 0.087037 0.265625 0.094444 0.265625 0.100000 0.265104 0.102778 0.264062 0.105556 0.263542 0.109259 0.263021 0.118519 0.263542 0.122222 0.262500 0.125000 0.262500 0.130556 0.261458 0.132407 0.260937 0.135185 0.260417 0.138889 0.260417 0.143519 0.259896 0.147222 0.258854 0.150000 0.258854 0.157407 0.257812 0.162963 0.257812 0.171296 0.257292 0.175000 0.255729 0.180556 0.255729 0.186111 0.254688 0.187963 0.254688 0.199074 0.254167 0.206481 0.253646 0.211111 0.252083 0.218519 0.252083 0.226852 0.251563 0.234259 0.251042 0.241667 0.250000 0.243519 0.250000 0.247222 0.248438 0.251852 0.248438 0.257407 0.247917 0.261111 0.246875 0.264815 0.245833 0.273148 0.245312 0.275926 0.245833 0.283333 0.245312 0.287037 0.244271 0.289815 0.244271 0.297222 0.243750 0.300000 0.242708 0.302778 0.242188 0.306481 0.242188 0.312037 0.241146 0.317593 0.241146 0.325000 0.239583 0.331481 0.239583 0.335185 0.238542 0.337963 0.238542 0.342593 0.238021 0.343519 0.238542 0.348148 0.238542 0.350000 0.237500 0.356481 0.238021 0.362963 0.238021 0.365741 0.235937 0.372222 0.235417 0.375000 0.235417 0.377778 0.234375 0.380556 0.233854 0.386111 0.235417 0.389815 0.235937 0.392593 0.235937 0.396296 0.234896 0.398148 0.233854 0.399074 0.231250 0.399074 0.230729 0.400000 0.229687 0.400926 0.230729 0.402778 0.231250 0.402778 0.231771 0.404630 0.230208 0.404630 0.229167 0.402778 0.226562 0.402778 0.225000 0.405556 0.225000 0.410185 0.225521 0.417593 0.226562 0.424074 0.226042 0.429630 0.227083 0.431481 0.231250 0.431481 0.231250 0.437963 0.229167 0.441667 0.228646 0.443519 0.228125 0.449074 0.227083 0.450926 0.226562 0.452778 0.226562 0.462963 0.225521 0.465741 0.225000 0.470370 0.225000 0.477778 0.223958 0.482407 0.223958 0.487963 0.222917 0.492593 0.222917 0.498148 0.221875 0.500926 0.222396 0.505556 0.221354 0.508333 0.221354 0.512037 0.220312 0.514815 0.220312 0.519444 0.218750 0.525926 0.218229 0.529630 0.217708 0.533333 0.217708 0.545370 0.217188 0.549074 0.216667 0.551852 0.215625 0.553704 0.215104 0.559259 0.214062 0.567593 0.213542 0.575926 0.213542 0.588889 0.210938 0.603704 0.210417 0.610185 0.210417 0.620370 0.209375 0.625926 0.209896 0.628704 0.209375 0.630556 0.209375 0.632407 0.207292 0.638889 0.206771 0.644444 0.205729 0.653704 0.205729 0.659259 0.205208 0.662037 0.204167 0.664815 0.204167 0.670370 0.203125 0.674074 0.203125 0.680556 0.202604 0.684259 0.202083 0.687037 0.201042 0.690741 0.200521 0.692593 0.201042 0.701852 0.200521 0.707407 0.200000 0.713889 0.198958 0.717593 0.197396 0.730556 0.197396 0.744444 0.196354 0.748148 0.195833 0.758333 0.194792 0.761111 0.194792 0.768519 0.194271 0.774074 0.193229 0.778704 0.192188 0.788889 0.192188 0.797222 0.190625 0.804630 0.189583 0.814815 0.189062 0.827778 0.188542 0.830556 0.186979 0.834259 0.188021 0.836111 0.190104 0.837037 0.197396 0.837037 0.202604 0.837963 0.206250 0.839815 0.207813 0.839815 0.208333 0.838889 0.209896 0.838889 0.213021 0.840741 0.217708 0.841667 0.225000 0.841667 0.227083 0.843519 0.231250 0.844444 0.238542 0.845370 0.246354 0.845370 0.257292 0.848148 0.263021 0.848148 0.265625 0.850000 0.273438 0.850000 0.279167 0.850926 0.284375 0.852778 0.290104 0.852778 0.300000 0.854630 0.305729 0.855556 0.308333 0.857407 0.313021 0.858333 0.320312 0.859259 0.331771 0.859259 0.336979 0.860185 0.341146 0.861111 0.345833 0.862037 0.348958 0.863889 0.356771 0.864815 0.369792 0.864815 0.371875 0.866667 0.377604 0.868519 0.380208 0.869444 0.381771 0.869444 0.382292 0.868519 0.383333 0.868519 0.386979 0.869444 0.393229 0.872222 0.397396 0.873148 0.402083 0.873148 0.405729 0.875000 0.410417 0.875000 0.419792 0.874074 0.424479 0.874074 0.428125 0.875000 0.434896 0.877778 0.441667 0.877778 0.446875 0.879630 0.454688 0.879630 0.457292 0.881481 0.461979 0.882407 0.469792 0.882407 0.474479 0.883333 0.477083 0.885185 0.483854 0.885185 0.487500 0.887037 0.489583 0.887037 0.490104 0.886111 0.491667 0.886111 0.498958 0.887963 0.508333 0.887963 0.511458 0.889815 0.515104 0.889815 0.518750 0.891667 0.525521 0.891667 0.531771 0.892593 0.536979 0.893519 0.539583 0.895370 0.543750 0.895370 0.546875 0.897222 0.547917 0.897222 0.550000 0.896296 0.556771 0.897222 0.559375 0.899074 0.569271 0.899074 0.578125 0.900000 0.580729 0.901852 0.584375 0.902778 0.588021 0.903704 0.592187 0.903704 0.595833 0.905556 0.603125 0.906481 0.610417 0.906481 0.618229 0.907407 0.622396 0.909259 0.628646 0.910185 0.632292 0.909259 0.633854 0.909259 0.636979 0.911111 0.642708 0.910185 0.643750 0.908333 0.647396 0.911111 0.653646 0.912037 0.656250 0.913889 0.660417 0.912963 0.661458 0.912963 0.664062 0.915741 0.671354 0.915741 0.673958 0.916667 0.677604 0.919444 0.682292 0.920370 0.690104 0.920370 0.693750 0.922222 0.699479 0.923148 0.702083 0.922222 0.705729 0.924074 0.711458 0.924074 0.713021 0.925926 0.714583 0.925926 0.717708 0.925000 0.722396 0.925926 0.727604 0.927778 0.733854 0.927778 0.737500 0.929630 0.738542 0.929630 0.744792 0.928704 0.747396 0.930556 0.752604 0.931481 0.760417 0.931481 0.764583 0.933333 0.774479 0.933333 0.781771 0.935185 0.789583 0.936111 0.799479 0.936111 0.801562 0.937963 0.806250 0.937963 0.809375 0.940741 0.826562 0.940741 0.832292 0.941667 0.834375 0.943519 0.836458 0.944444 0.855729 0.945370 0.860938 0.945370 0.862500 0.944444 0.864062 0.941667 0.864583 0.939815 0.865104 0.936111 0.865104 0.933333 0.865104 0.922222 0.865104 0.917593 0.863021 0.913889 0.863021 0.911111 0.865104 0.907407 0.865625 0.903704 0.867708 0.900926 0.868229 0.895370 0.868229 0.893519 0.867708 0.891667 0.866146 0.888889 0.864062 0.887037 0.862500 0.883333 0.865104 0.879630 0.864583 0.877778 0.863542 0.875926 0.864583 0.874074 0.864583 0.871296 0.863021 0.869444 0.864062 0.868519 0.864583 0.868519 0.865104 0.867593 0.865625 0.865741 0.865625 0.862963 0.867708 0.859259 0.867188 0.854630 0.868229 0.852778 0.868229 0.850926 0.866667 0.848148 0.866146 0.846296 0.866146 0.833333 0.867708 0.829630 0.868229 0.827778 0.867708 0.825926 0.866667 0.824074 0.868750 0.820370 0.867708 0.814815 0.868229 0.812037 0.869271 0.810185 0.869271 0.806481 0.867708 0.803704 0.867188 0.794444 0.867188 0.784259 0.866146 0.782407 0.866146 0.778704 0.867188 0.778704 0.868750 0.775926 0.868750 0.771296 0.867708 0.769444 0.867708 0.766667 0.868750 0.763889 0.868750 0.761111 0.869792 0.758333 0.869271 0.754630 0.870313 0.751852 0.870313 0.748148 0.869792 0.747222 0.869792 0.744444 0.870833 0.741667 0.870833 0.738889 0.870313 0.736111 0.869271 0.734259 0.869271 0.732407 0.870313 0.725926 0.870313 0.723148 0.869271 0.720370 0.869271 0.717593 0.870313 0.711111 0.870313 0.701852 0.871354 0.699074 0.871354 0.697222 0.870833 0.694444 0.869792 0.691667 0.869792 0.688889 0.870313 0.680556 0.868750 0.677778 0.868750 0.674074 0.867188 0.671296 0.868229 0.668519 0.868229 0.666667 0.867708 0.665741 0.867708 0.663889 0.868750 0.661111 0.868750 0.657407 0.869792 0.655556 0.870313 0.653704 0.869792 0.649074 0.868229 0.648148 0.869271 0.647222 0.870313 0.645370 0.870833 0.632407 0.870833 0.625000 0.869792 0.622222 0.870313 0.617593 0.869271 0.615741 0.870313 0.613889 0.870313 0.611111 0.869271 0.609259 0.868229 0.609259 0.869792 0.605556 0.870313 0.602778 0.869792 0.595370 0.870833 0.588889 0.870833 0.584259 0.868750 0.581481 0.868750 0.578704 0.869792 0.575000 0.869271 0.568519 0.868229 0.566667 0.866146 0.565741 0.865104 0.563889 0.864583 0.563889 0.864062 0.560185 0.864583 0.558333 0.865625 0.556481 0.866667 0.556481 0.867708 0.558333 0.867708 0.562963 0.868229 0.564815 0.869271 0.566667 0.870313 0.564815 0.871875 0.560185 0.871875 0.556481 0.872917 0.555556 0.873958 0.555556 0.875000 0.553704 0.875521 0.550000 0.876042 0.544444 0.876042 0.541667 0.874479 0.538889 0.875000 0.532407 0.875521 0.530556 0.876563 0.528704 0.877083 0.526852 0.876563 0.525000 0.876042 0.522222 0.876042 0.517593 0.875000 0.514815 0.875000 0.512037 0.873958 0.510185 0.873958 0.507407 0.875521 0.503704 0.876042 0.501852 0.876563 0.499074 0.876563 0.497222 0.876563 0.491667 0.876563 0.489815 0.876042 0.488889 0.876042 0.486111 0.877083 0.484259 0.876042 0.482407 0.875521 0.482407 0.874479 0.480556 0.875521 0.475000 0.877083 0.472222 0.879167 0.471296 0.878125 0.466667 0.877083 0.466667 0.880208 0.464815 0.880729 0.462963 0.876563 0.462037 0.874479 0.457407 0.873437 0.456481 0.868229 0.457407 0.865625 0.457407 0.864062 0.456481 0.861979 0.452778 0.862500 0.450000 0.863542 0.448148 0.864062 0.448148 0.865104 0.446296 0.865104 0.444444 0.863021 0.441667 0.862500 0.438889 0.863542 0.438889 0.865104 0.441667 0.868229 0.442593 0.867188 0.444444 0.867708 0.447222 0.868750 0.448148 0.869792 0.448148 0.870313 0.450000 0.869271 0.450000 0.867708 0.452778 0.868750 0.453704 0.869271 0.454630 0.870833 0.454630 0.871875 0.452778 0.893229 0.452778 0.894271 0.454630 0.893750 0.465741 0.893750 0.479630 0.894792 0.482407 0.895312 0.484259 0.894792 0.488889 0.893750 0.491667 0.893229 0.493519 0.894792 0.497222 0.893750 0.500926 0.894271 0.512037 0.895833 0.514815 0.896354 0.517593 0.896354 0.519444 0.895833 0.530556 0.894792 0.534259 0.895312 0.542593 0.894792 0.544444 0.893750 0.550000 0.894792 0.552778 0.894792 0.558333 0.895833 0.562963 0.895833 0.568519 0.894792 0.578704 0.895312 0.584259 0.894271 0.589815 0.894271 0.591667 0.895312 0.600926 0.894792 0.615741 0.895833 0.618519 0.895833 0.620370 0.895833 0.625926 0.894792 0.629630 0.894271 0.643519 0.895312 0.649074 0.895312 0.658333 0.895833 0.666667 0.896354 0.669444 0.897396 0.671296 0.897396 0.675000 0.895833 0.678704 0.895833 0.683333 0.894792 0.686111 0.894271 0.688889 0.894792 0.698148 0.893750 0.709259 0.893750 0.713889 0.894792 0.718519 0.894792 0.724074 0.893750 0.726852 0.893229 0.729630 0.893229 0.731481 0.893750 0.744444 0.894792 0.748148 0.894792 0.751852 0.893750 0.754630 0.893750 0.758333 0.894792 0.761111 0.895312 0.767593 0.894271 0.771296 0.894271 0.773148 0.894792 0.777778 0.894271 0.778704 0.894792 0.782407 0.894271 0.790741 0.892708 0.796296 0.893229 0.803704 0.892708 0.809259 0.892708 0.811111 0.893750 0.817593 0.893750 0.821296 0.892708 0.825926 0.892708 0.828704 0.893229 0.829630 0.893229 0.832407 0.892188 0.837037 0.892188 0.840741 0.893229 0.844444 0.893229 0.848148 0.893229 0.858333 0.892708 0.865741 0.892708 0.869444 0.893229 0.875926 0.892188 0.880556 0.891667 0.888889 0.891667 0.897222 0.892708 0.900926 0.892188 0.909259 0.892188 0.912037 0.893229 0.914815 0.892188 0.917593 0.892188 0.921296 0.891146 0.925000 0.891667 0.928704 0.891146 0.936111 0.891146 0.945370 0.891667 0.952778 0.893229 0.955556 0.897396 0.955556 0.901042 0.956481 0.903646 0.959259 0.905729 0.962963 0.905729 0.969444 0.904167 0.972222 0.903125 0.973148 0.901563 0.974074 0.898958 0.975000 0.893750 0.975000 0.892708 0.975926 0.892188 0.976852 0.891667 0.978704 0.891667 0.981481 0.889583 0.985185 0.889062 0.987037 0.889062 0.999074 0.875000 0.999074 0.873437 0.994444 0.872917 0.993519 0.872396 0.993519 0.869792 0.989815 0.868750 0.988889 0.867708 0.987963 0.866667 0.987963 0.867188 0.984259 0.867188 0.982407 0.866146 0.980556 0.866146 0.976852 0.865625 0.975000 0.862500 0.969444 0.857292 0.970370 0.851042 0.968519 0.845313 0.969444 0.842187 0.967593 0.833333 0.967593 0.826562 0.965741 0.821354 0.966667 0.817708 0.964815 0.807292 0.964815 0.803646 0.963889 0.800000 0.962037 0.792188 0.962037 0.785937 0.961111 0.780208 0.959259 0.769792 0.959259 0.761458 0.958333 0.758333 0.956481 0.753646 0.955556 0.747917 0.955556 0.742708 0.953704 0.733854 0.952778 0.722917 0.952778 0.720833 0.950926 0.717708 0.950000 0.713021 0.949074 0.707292 0.948148 0.701042 0.947222 0.694271 0.947222 0.688021 0.945370 0.681250 0.945370 0.676042 0.943519 0.670833 0.943519 0.664583 0.942593 0.661458 0.940741 0.656250 0.939815 0.651563 0.938889 0.646354 0.937963 0.639583 0.937963 0.636458 0.936111 0.629687 0.935185 0.623958 0.935185 0.618229 0.933333 0.609896 0.933333 0.603125 0.932407 0.597917 0.931481 0.593229 0.930556 0.589063 0.928704 0.584896 0.927778 0.578125 0.926852 0.570833 0.926852 0.561458 0.924074 0.556250 0.924074 0.551562 0.922222 0.545833 0.921296 0.539583 0.921296 0.534375 0.919444 0.529167 0.918519 0.521875 0.918519 0.518750 0.916667 0.512500 0.916667 0.508854 0.914815 0.503125 0.913889 0.497396 0.913889 0.492708 0.912037 0.486979 0.911111 0.480208 0.910185 0.472917 0.910185 0.468750 0.908333 0.460938 0.908333 0.455729 0.907407 0.449479 0.904630 0.439063 0.904630 0.435937 0.902778 0.431250 0.902778 0.426563 0.900926 0.421354 0.900926 0.418229 0.899074 0.411458 0.898148 0.404167 0.898148 0.400000 0.896296 0.395313 0.895370 0.389583 0.895370 0.384375 0.893519 0.379167 0.893519 0.374479 0.891667 0.368750 0.890741 0.362500 0.890741 0.355729 0.889815 0.348438 0.887037 0.342708 0.887037 0.336979 0.885185 0.330208 0.884259 0.319271 0.884259 0.315104 0.883333 0.311979 0.881481 0.305729 0.881481 0.301042 0.879630 0.293229 0.878704 0.289062 0.879630 0.282292 0.876852 0.277604 0.875926 0.273438 0.875000 0.268750 0.874074 0.260937 0.874074 0.254167 0.873148 0.252604 0.871296 0.247396 0.870370 0.242708 0.869444 0.236458 0.869444 0.232813 0.867593 0.222396 0.867593 0.219271 0.865741 0.212500 0.865741 0.207813 0.864815 0.203125 0.862963 0.196875 0.862963 0.192708 0.860185 0.187500 0.860185 0.186458 0.862037 0.185938 0.862037 0.185417 0.862963 0.184896 0.864815 0.184375 0.866667 0.184375 0.869444 0.181771 0.874074 0.180208 0.875926 0.178125 0.877778 0.176042 0.878704 0.175000 0.879630 0.173958 0.881481 0.172917 0.882407 0.171875 0.883333 0.170313 0.884259 0.164583 0.884259 0.163542 0.883333 0.163542 0.881481 0.163021 0.880556 0.163542 0.873148 0.163021 0.862037 0.164062 0.859259 0.164062 0.856481 0.163542 0.854630 0.163021 0.853704 0.161979 0.852778 0.160938 0.851852 0.155208 0.851852 0.153646 0.850926 0.152604 0.850000 0.151562 0.849074 0.150521 0.847222 0.150521 0.843519 0.151042 0.841667 0.151562 0.840741 0.152604 0.839815 0.153646 0.838889 0.155729 0.837963 0.160938 0.837963 0.162500 0.837037 0.165104 0.832407 0.166146 0.829630 0.166667 0.827778 0.167187 0.825926 0.167708 0.820370 0.168229 0.811111 0.168750 0.805556 0.169792 0.801852 0.170313 0.796296 0.171354 0.784259 0.171354 0.777778 0.171875 0.772222 0.172396 0.766667 0.173437 0.762037 0.173437 0.754630 0.173958 0.750000 0.175000 0.747222 0.175000 0.737963 0.175521 0.736111 0.176563 0.734259 0.176563 0.726852 0.178125 0.717593 0.178125 0.710185 0.180208 0.697222 0.181250 0.689815 0.181250 0.682407 0.181771 0.675926 0.182292 0.672222 0.184896 0.661111 0.185417 0.654630 0.185417 0.649074 0.185938 0.642593 0.188021 0.630556 0.188542 0.625000 0.188542 0.618519 0.189062 0.612037 0.190104 0.609259 0.190625 0.598148 0.191667 0.595370 0.192188 0.588889 0.192188 0.582407 0.192708 0.576852 0.193229 0.570370 0.194792 0.563889 0.195312 0.558333 0.195833 0.553704 0.195833 0.549074 0.196354 0.543519 0.197396 0.539815 0.197396 0.536111 0.198437 0.533333 0.198958 0.526852 0.198958 0.521296 0.199479 0.514815 0.200000 0.510185 0.201042 0.505556 0.201042 0.500926 0.202083 0.498148 0.202604 0.492593 0.202604 0.487037 0.203646 0.483333 0.203646 0.477778 0.204167 0.473148 0.205208 0.470370 0.205729 0.457407 0.206771 0.452778 0.206771 0.446296 0.207813 0.439815 0.208333 0.437037 0.209375 0.434259 0.210938 0.425926 0.210938 0.422222 0.210417 0.421296 0.210417 0.417593 0.211458 0.413889 0.211458 0.409259 0.213542 0.397222 0.214062 0.388889 0.214062 0.378704 0.214583 0.375926 0.215625 0.373148 0.229167 0.383333 0.230208 0.385185 0.231771 0.385185 0.232813 0.383333 0.231250 0.379630 0.229687 0.381481 0.229167 0.383333 0.215625 0.373148 0.216146 0.366667 0.216667 0.360185 0.217188 0.352778 0.216667 0.350000 0.218229 0.345370 0.218750 0.337963 0.219271 0.334259 0.220833 0.327778 0.220833 0.322222 0.221354 0.319444 0.222396 0.316667 0.222917 0.311111 0.223438 0.296296 0.223958 0.291667 0.224479 0.286111 0.225521 0.284259 0.226042 0.282407 0.226042 0.274074 0.226562 0.266667 0.227604 0.256481 0.228125 0.252778 0.229167 0.249074 0.229687 0.245370 0.230208 0.240741 0.230729 0.234259 0.230729 0.232407 0.230208 0.231481 0.230208 0.229630 0.230729 0.223148 0.231771 0.221296 0.232292 0.216667 0.232813 0.209259 0.233854 0.205556 0.234375 0.201852 0.234375 0.195370 0.235937 0.188889 0.236458 0.185185 0.236979 0.180556 0.237500 0.167593 0.239583 0.154630 0.240104 0.150000 0.240625 0.144444 0.241146 0.129630 0.241667 0.125926 0.242708 0.123148 0.243229 0.112037 0.244271 0.109259 0.243750 0.102778 0.244271 0.098148 0.245312 0.095370 0.245833 0.085185 0.247396 0.079630 0.247917 0.075000 0.247917 0.070370 0.249479 0.062963 0.249479 0.057407 0.250521 0.053704 0.251042 0.048148 0.251563 0.042593 0.252083 0.037037 0.251042 0.033333 0.251042 0.030556 0.250521 0.028704 0.250000 0.026852 0.247917 0.023148 0.247396 0.021296 0.246875 0.017593 0.245833 0.016667 0.244271 0.015741 0.243229 0.014815 0.243750 0.010185 0.242708 0.008333 0.244271 0.005556 0.244271 0.004630 0.246354 0.000000 0.249479 0.000000
1 0.372917 0.834259 0.372917 0.832407 0.373437 0.830556 0.372917 0.834259
1 0.571354 0.755556 0.570312 0.756481 0.569271 0.758333 0.570312 0.761111 0.572396 0.761111 0.574479 0.759259 0.578125 0.760185 0.580208 0.762037 0.581250 0.759259 0.581250 0.756481 0.571354 0.755556
1 0.581250 0.743519 0.581250 0.752778 0.581250 0.748148 0.581771 0.747222 0.581250 0.743519
1 0.577083 0.723148 0.576562 0.724074 0.575521 0.724074 0.576562 0.725000 0.578646 0.725000 0.579688 0.724074 0.578646 0.723148 0.577083 0.723148
1 0.426563 0.674074 0.423958 0.674074 0.422917 0.675000 0.427083 0.675926 0.428646 0.675926 0.428646 0.671296 0.426563 0.674074
1 0.432292 0.658333 0.430729 0.661111 0.432292 0.661111 0.432292 0.658333
1 0.438542 0.651852 0.437500 0.652778 0.438021 0.657407 0.439063 0.658333 0.439063 0.660185 0.440625 0.660185 0.441667 0.661111 0.442708 0.663889 0.442708 0.661111 0.444792 0.657407 0.442188 0.653704 0.439583 0.651852 0.438542 0.651852
1 0.866146 0.649074 0.866146 0.650926 0.867708 0.650000 0.866146 0.649074
1 0.866146 0.641667 0.866146 0.646296 0.866667 0.643519 0.866146 0.641667
1 0.434375 0.640741 0.434375 0.643519 0.435937 0.643519 0.436458 0.641667 0.436458 0.639815 0.434375 0.640741
1 0.421875 0.638889 0.420833 0.639815 0.421354 0.643519 0.427083 0.643519 0.428646 0.645370 0.430208 0.643519 0.428646 0.640741 0.427604 0.639815 0.423438 0.638889 0.421875 0.638889
1 0.866146 0.528704 0.865104 0.529630 0.865104 0.533333 0.865625 0.534259 0.866146 0.539815 0.870833 0.538889 0.869792 0.537037 0.869792 0.536111 0.869271 0.535185 0.868750 0.535185 0.868229 0.534259 0.868229 0.533333 0.867188 0.530556 0.866146 0.528704
1 0.605729 0.437037 0.605729 0.439815 0.608333 0.438889 0.605729 0.437037
1 0.233333 0.406481 0.234375 0.408333 0.234375 0.406481 0.233333 0.406481
1 0.865625 0.362037 0.866146 0.363889 0.866667 0.362037 0.865625 0.362037
1 0.565625 0.349074 0.567708 0.350000 0.569271 0.352778 0.569792 0.354630 0.569792 0.356481 0.568750 0.364815 0.568750 0.366667 0.569792 0.369444 0.568750 0.373148 0.569271 0.380556 0.570833 0.383333 0.570833 0.385185 0.571354 0.387037 0.569792 0.387963 0.568750 0.389815 0.568229 0.393519 0.570312 0.396296 0.571354 0.400000 0.570833 0.402778 0.572396 0.406481 0.573958 0.407407 0.578125 0.407407 0.581250 0.410185 0.585417 0.411111 0.585417 0.412037 0.587500 0.413889 0.595313 0.413889 0.596354 0.414815 0.600000 0.418519 0.601562 0.421296 0.605729 0.421296 0.606250 0.425000 0.605208 0.425000 0.603646 0.421296 0.602083 0.421296 0.601042 0.422222 0.600000 0.424074 0.600000 0.428704 0.598958 0.430556 0.598437 0.432407 0.598437 0.438889 0.596875 0.439815 0.595313 0.442593 0.593750 0.442593 0.589063 0.441667 0.584896 0.439815 0.578125 0.439815 0.576562 0.438889 0.575000 0.436111 0.573438 0.436111 0.571875 0.437963 0.570833 0.438889 0.569792 0.437037 0.567708 0.436111 0.566667 0.437037 0.565104 0.439815 0.564583 0.442593 0.564583 0.450000 0.564063 0.453704 0.563021 0.454630 0.562500 0.458333 0.563021 0.463889 0.561979 0.467593 0.561458 0.471296 0.561458 0.474074 0.563542 0.477778 0.564063 0.480556 0.562500 0.480556 0.561458 0.481481 0.560417 0.483333 0.559375 0.486111 0.559375 0.487037 0.557292 0.488889 0.555208 0.488889 0.550521 0.487037 0.549479 0.486111 0.548438 0.485185 0.546354 0.481481 0.546354 0.479630 0.548438 0.478704 0.550000 0.477778 0.550000 0.475000 0.550000 0.474074 0.549479 0.473148 0.548958 0.473148 0.547917 0.471296 0.547917 0.469444 0.549479 0.465741 0.548958 0.461111 0.548958 0.459259 0.549479 0.452778 0.550000 0.450000 0.551042 0.448148 0.551042 0.444444 0.550000 0.442593 0.551042 0.438889 0.552604 0.436111 0.552083 0.433333 0.551562 0.433333 0.550521 0.431481 0.553646 0.423148 0.555208 0.421296 0.552604 0.421296 0.553646 0.423148 0.550521 0.431481 0.547917 0.430556 0.542188 0.430556 0.539583 0.428704 0.535937 0.428704 0.533333 0.426852 0.530208 0.426852 0.527083 0.425000 0.522917 0.425000 0.523958 0.425000 0.525521 0.421296 0.528125 0.420370 0.529687 0.417593 0.528646 0.415741 0.528125 0.415741 0.527083 0.413889 0.522396 0.404630 0.521354 0.406481 0.520833 0.408333 0.520312 0.411111 0.522917 0.413889 0.520833 0.415741 0.518750 0.418519 0.518750 0.416667 0.518229 0.415741 0.518229 0.412963 0.518750 0.412037 0.518750 0.410185 0.518229 0.409259 0.518229 0.406481 0.518750 0.405556 0.519271 0.400926 0.520312 0.400000 0.521354 0.399074 0.522917 0.398148 0.525000 0.397222 0.529167 0.397222 0.530729 0.400926 0.532813 0.401852 0.534375 0.400000 0.542188 0.399074 0.548958 0.400000 0.550521 0.400000 0.551562 0.399074 0.552604 0.397222 0.551562 0.394444 0.551562 0.392593 0.552083 0.390741 0.554688 0.386111 0.555208 0.381481 0.555208 0.375926 0.556250 0.373148 0.556250 0.371296 0.555729 0.370370 0.555729 0.368519 0.556250 0.361111 0.556771 0.354630 0.557292 0.352778 0.557813 0.350926 0.558333 0.350000 0.559375 0.349074 0.565625 0.349074
2 0.872917 0.452778 0.871354 0.453704 0.870313 0.455556 0.869792 0.455556 0.869271 0.456481 0.868750 0.458333 0.867708 0.462037 0.867188 0.465741 0.867708 0.489815 0.867188 0.496296 0.867188 0.498148 0.868229 0.500926 0.868229 0.503704 0.867188 0.514815 0.867188 0.516667 0.867188 0.522222 0.868229 0.526852 0.868229 0.540741 0.868750 0.547222 0.869271 0.552778 0.870833 0.557407 0.871354 0.560185 0.872396 0.561111 0.873958 0.561111 0.875000 0.560185 0.875521 0.557407 0.876563 0.555556 0.879687 0.553704 0.879687 0.545370 0.880729 0.539815 0.880729 0.528704 0.879687 0.526852 0.878125 0.526852 0.876042 0.525000 0.875521 0.523148 0.875521 0.521296 0.876563 0.519444 0.877604 0.518519 0.876042 0.516667 0.876042 0.513889 0.877604 0.512037 0.875000 0.508333 0.876042 0.504630 0.876042 0.500926 0.877083 0.500000 0.877083 0.497222 0.875521 0.494444 0.876563 0.492593 0.877083 0.492593 0.878125 0.490741 0.878125 0.489815 0.879687 0.487963 0.879687 0.486111 0.880208 0.485185 0.880729 0.481481 0.880208 0.463889 0.880208 0.459259 0.880208 0.457407 0.878646 0.454630 0.877604 0.453704 0.876563 0.452778 0.872917 0.452778
